,0,1
6285,0.9612732,0.03872688
56038,0.8685178,0.13148221
52824,0.7708687,0.22913128
21813,0.4658328,0.5341672
36092,0.0013217893,0.99867815
62848,0.72254443,0.27745554
9279,0.5572484,0.44275156
12891,0.04494379,0.9550562
36947,0.0070559704,0.99294406
60413,0.6906575,0.3093425
38141,0.0010791837,0.9989208
4017,0.00895959,0.9910404
12957,0.012585151,0.9874149
40516,0.0012527269,0.9987472
14718,0.23350793,0.76649207
62458,0.96507937,0.03492064
46467,0.89596295,0.104037076
52828,0.94989425,0.050105818
8501,0.21134317,0.7886568
61848,0.7091478,0.29085222
50486,0.10215986,0.8978402
15793,0.0008969299,0.99910307
18331,0.0008282567,0.99917173
1551,0.9083711,0.09162892
49023,0.43005776,0.56994224
3000,0.70518357,0.29481637
61693,0.69407594,0.3059241
8367,0.918651,0.08134901
44716,0.91615856,0.083841436
2592,0.4367102,0.56328976
20435,0.31973043,0.68026954
50268,0.9608514,0.039148614
47825,0.81326216,0.18673785
13514,0.18279696,0.81720304
23303,0.15784143,0.8421586
50132,0.8565507,0.14344929
5173,0.60223347,0.39776653
18948,0.003083075,0.9969169
56778,0.97637755,0.02362253
50828,0.8852285,0.11477146
31340,0.07746431,0.9225357
33533,0.3970424,0.6029576
55340,0.68003494,0.31996506
54816,0.7756647,0.22433534
2350,0.5107401,0.48925987
21592,0.12441424,0.87558573
19001,0.0026363363,0.9973636
43018,0.017698657,0.98230135
55742,0.4046345,0.59536546
4292,0.017110344,0.9828896
41268,0.24941526,0.7505848
31778,0.10957053,0.8904295
65087,0.86122423,0.13877575
47353,0.8795201,0.120479904
50893,0.88207793,0.11792208
52920,0.6597523,0.34024775
60741,0.7767483,0.22325172
47095,0.7465236,0.25347644
46088,0.9255969,0.07440314
56446,0.8322801,0.16771984
53577,0.7874907,0.21250929
50274,0.5097429,0.49025705
38816,0.021066858,0.9789331
39724,0.00076837017,0.9992316
28248,0.35614502,0.643855
20026,0.00050345965,0.9994966
20662,0.18034604,0.8196539
7698,0.5690122,0.4309878
12025,0.7657622,0.23423775
34770,0.467181,0.532819
40450,0.011645912,0.9883541
24398,0.0061601554,0.9938399
37649,0.0016155653,0.9983845
62412,0.6218449,0.37815514
29236,0.22750445,0.77249557
49120,0.9605226,0.039477438
3631,0.40490127,0.59509873
61536,0.93509674,0.06490322
13918,0.005288378,0.99471164
57303,0.97617346,0.023826538
17805,0.018229598,0.98177046
13262,0.15394276,0.8460573
38465,0.001017867,0.99898213
848,0.16638018,0.83361983
53748,0.7620408,0.23795925
22273,0.02784588,0.97215414
51972,0.47502306,0.5249769
11314,0.043075778,0.9569242
47909,0.812392,0.18760796
3007,0.33051294,0.66948706
61732,0.50518906,0.49481097
21695,0.019125782,0.98087424
54412,0.62837297,0.371627
53985,0.8565919,0.14340813
63654,0.88609815,0.11390185
21947,0.013421561,0.9865784
1030,0.21349043,0.7865096
38409,0.067486174,0.93251383
20664,0.3561894,0.6438106
56191,0.9446401,0.055359893
52835,0.3340669,0.6659331
11848,0.067529604,0.9324704
33608,0.42386135,0.5761386
12832,0.0040066913,0.99599326
54189,0.942211,0.057789057
4810,0.5527319,0.4472682
8674,0.009559336,0.9904407
14049,0.0071578496,0.9928422
54779,0.043117218,0.95688283
38438,0.014939492,0.9850605
48157,0.8875067,0.11249325
5308,0.15189198,0.84810805
8180,0.1963378,0.8036622
29015,0.04508419,0.9549158
14449,0.1495556,0.8504444
32702,0.4050441,0.5949559
39336,0.08602507,0.91397494
25638,0.8434348,0.15656513
58197,0.74852425,0.25147578
19657,0.009908313,0.9900917
57476,0.9996892,0.00031080158
44790,0.9543922,0.045607816
339,0.04607907,0.9539209
29123,0.026620215,0.97337973
29938,0.09567295,0.90432703
49498,0.91173357,0.08826648
26811,0.284385,0.71561503
27441,0.09976935,0.9002307
62688,0.74067914,0.2593209
26052,0.005602041,0.99439794
59340,0.79268026,0.20731975
4300,0.4041269,0.59587306
24594,0.02755965,0.97244036
38964,0.009928949,0.9900711
9298,0.06595761,0.93404233
45189,0.9146172,0.08538279
46665,0.9225954,0.077404626
23120,0.0074685537,0.9925315
43627,0.9766325,0.023367539
1029,0.46684825,0.5331518
24156,0.04184674,0.9581533
31445,0.10840187,0.8915981
58554,0.94336754,0.056632422
43805,0.88771695,0.11228312
22685,0.020652257,0.97934777
40316,0.003027107,0.9969729
49301,0.7482224,0.2517776
46248,0.88286185,0.11713812
42681,0.11426244,0.8857376
62165,0.90505916,0.09494078
43905,0.8231849,0.17681515
24812,0.07465317,0.92534685
38957,0.0021044014,0.9978956
10666,0.5397683,0.46023175
63173,0.84138304,0.15861696
18086,0.0056216195,0.9943784
6283,0.409062,0.590938
42925,0.02873577,0.97126424
6852,0.21709825,0.7829017
8136,0.74497485,0.25502515
45285,0.8637195,0.13628052
26251,0.03948434,0.9605157
51149,0.838368,0.16163202
35759,0.040650945,0.9593491
3193,0.19127165,0.80872834
34813,0.8489678,0.1510322
43789,0.87264735,0.12735261
29464,0.008426753,0.9915733
61955,0.7760421,0.22395785
63321,0.42578658,0.57421345
22026,0.23297615,0.7670238
50605,0.96689343,0.033106547
40147,0.00045514602,0.9995448
20949,0.17900212,0.82099783
32930,0.5359455,0.46405455
64836,0.7204467,0.2795533
22405,0.10872924,0.89127076
54003,0.85153115,0.14846882
28846,0.116904095,0.883096
14535,0.55622345,0.4437766
51028,0.9377804,0.06221954
8277,0.63896084,0.3610392
49383,0.5685884,0.43141165
28911,0.011867421,0.98813254
14291,0.041116815,0.95888317
57205,0.9010865,0.09891354
15749,0.00405207,0.9959479
804,0.8005814,0.1994186
39576,0.00035797784,0.999642
20788,0.30972844,0.69027156
41799,0.05235348,0.94764656
21396,0.28181726,0.7181827
12525,0.1461426,0.85385734
61872,0.76779705,0.23220292
56154,0.92538476,0.07461525
33110,0.3500265,0.6499736
53881,0.76921064,0.23078942
18141,0.0022811985,0.9977188
36409,0.03037706,0.96962297
3570,0.65163106,0.3483689
32180,0.16073795,0.83926207
9946,0.8959861,0.104013935
52823,0.90654325,0.09345672
2337,0.9544456,0.04555442
48418,0.9744932,0.025506824
2662,0.25710496,0.742895
5682,0.5676609,0.43233913
65239,0.62387145,0.37612858
58811,0.98117495,0.018825065
56332,0.9862168,0.013783265
20363,0.6658162,0.3341838
44233,0.9244302,0.075569734
26115,0.09106257,0.9089374
54558,0.44347638,0.55652356
5544,0.88608205,0.113917954
38070,0.052468643,0.9475314
6012,0.17559497,0.824405
48798,0.9151296,0.0848704
39035,0.23227923,0.7677207
36645,0.04829663,0.9517034
23483,0.0042537386,0.9957463
18094,0.01533605,0.9846639
64720,0.6419891,0.3580109
60071,0.5417239,0.45827603
7054,0.26576152,0.7342385
28923,0.039343026,0.96065694
25542,0.031353634,0.96864635
56627,0.9006468,0.09935322
25726,0.12410679,0.87589324
58788,0.8694171,0.13058297
54518,0.8268372,0.17316279
11878,0.032890644,0.9671094
30914,0.008642274,0.9913577
13010,0.004762441,0.9952376
8129,0.12141715,0.87858284
1626,0.36823666,0.63176334
23310,0.01134293,0.98865706
35367,0.9066555,0.0933445
2034,0.12348352,0.87651646
40576,0.04394663,0.9560533
23352,0.005840022,0.99416006
49521,0.95142835,0.04857166
15313,0.64741564,0.35258433
14844,0.061459288,0.9385407
46586,0.7921856,0.20781441
22525,0.2174173,0.7825827
42384,0.8049283,0.19507165
18383,0.05623222,0.9437678
28230,0.25476736,0.7452327
20450,0.7446433,0.25535676
15445,0.352908,0.647092
22272,0.031097984,0.968902
55815,0.70723903,0.29276097
33289,0.5129617,0.48703828
15632,0.011885182,0.98811483
4809,0.23847827,0.7615217
13034,0.12320821,0.8767918
25827,0.21047622,0.7895238
30805,0.016664688,0.98333526
59584,0.31445754,0.68554246
8623,0.003579085,0.996421
58711,0.8463912,0.15360874
2528,0.6182995,0.38170052
4247,0.18937579,0.81062424
18164,0.0022404685,0.99775946
12912,0.009632374,0.99036765
27311,0.0028356235,0.9971643
11385,0.25957522,0.74042475
64756,0.66612476,0.3338752
40382,0.017947786,0.98205227
47209,0.93841773,0.061582297
64359,0.8731247,0.12687525
31421,0.2189694,0.78103065
53719,0.7278808,0.27211925
44787,0.93354714,0.06645285
58736,0.84886855,0.15113142
37836,0.0076018353,0.9923982
38692,0.3470038,0.65299624
22484,0.0039611263,0.9960389
14638,0.5453678,0.45463228
23946,0.02825354,0.97174644
36024,0.099415556,0.9005844
58584,0.9273735,0.072626494
14628,0.16860826,0.83139175
15015,0.85460085,0.14539911
39988,0.024187695,0.9758124
27640,0.0067392485,0.9932608
61167,0.60129136,0.39870864
35669,0.086789496,0.91321045
18860,0.001654039,0.998346
4536,0.9595697,0.040430304
40027,0.08092589,0.9190741
65043,0.6433969,0.35660312
55421,0.70493,0.29506996
25985,0.057662804,0.94233716
23869,0.32366258,0.6763375
16615,0.022962362,0.97703767
14351,0.00031450394,0.9996855
57535,0.95672905,0.043270905
4644,0.74887896,0.25112107
49328,0.9561663,0.0438337
42458,0.19100295,0.8089971
33460,0.3019513,0.6980487
41956,0.009091418,0.99090856
48084,0.5605349,0.43946508
36511,0.0014762776,0.9985238
46558,0.8481528,0.15184721
21371,0.48536152,0.5146385
61713,0.7029837,0.2970163
28478,0.008245951,0.99175406
31433,0.425752,0.574248
26196,0.08228103,0.917719
32221,0.09100381,0.9089962
19244,0.015083576,0.98491645
7938,0.6918243,0.3081757
28525,0.0694567,0.9305433
8881,0.32208455,0.6779154
9507,0.26695383,0.7330462
32485,0.783692,0.21630801
43816,0.92143697,0.07856307
59693,0.44275615,0.5572438
37293,0.0029000137,0.9971
46536,0.5248081,0.4751919
33018,0.21676172,0.7832383
18670,0.00046124743,0.9995388
43848,0.6903827,0.30961728
55131,0.7615733,0.2384267
55510,0.70552707,0.29447296
17469,0.004914856,0.9950852
23061,0.002377453,0.99762255
6475,0.72731745,0.27268258
45292,0.71881455,0.28118545
24871,0.05926182,0.94073826
21287,0.004380922,0.995619
64835,0.66119033,0.3388096
58085,0.92311084,0.07688919
47276,0.7794318,0.22056815
62953,0.8663943,0.13360567
19761,0.00059330143,0.9994067
20522,0.6339878,0.36601228
63852,0.014022872,0.9859772
56676,0.9173487,0.08265127
9010,0.011191262,0.9888087
15029,0.028491454,0.97150856
63517,0.56740177,0.43259826
35659,0.041735694,0.9582643
59809,0.39825428,0.60174567
9053,0.30029535,0.69970465
19433,0.0009618671,0.9990382
38488,0.021081977,0.978918
11962,0.0043172655,0.9956827
20502,0.36359325,0.6364068
27038,0.14479433,0.85520566
50327,0.8974475,0.102552466
35603,0.6231157,0.37688434
53449,0.5583585,0.44164157
38056,0.003429534,0.99657047
54246,0.6513699,0.34863004
32228,0.20707719,0.7929228
1092,0.3998449,0.6001551
54164,0.8226761,0.17732391
37512,0.006465161,0.9935348
28035,0.02241309,0.9775869
9118,0.316248,0.683752
64422,0.7614275,0.23857248
15690,0.0022235857,0.99777645
56306,0.75621986,0.24378012
58204,0.902561,0.09743895
51830,0.6435779,0.3564221
11850,0.693097,0.30690297
46697,0.74640435,0.25359565
9616,0.5975249,0.40247512
63281,0.22094233,0.7790577
29669,0.24522088,0.7547791
35773,0.0552415,0.9447585
47592,0.70245874,0.29754126
58610,0.6323878,0.3676122
46108,0.7758093,0.22419067
64789,0.7838735,0.21612647
1685,0.91869694,0.081303075
44281,0.7584406,0.24155942
18713,0.0026618303,0.9973381
974,0.7290501,0.27094987
49977,0.84185565,0.15814438
64239,0.8489729,0.15102713
17782,0.0048134583,0.9951865
43692,0.9592577,0.040742274
19502,0.0052175513,0.9947824
4984,0.8444716,0.15552849
1908,0.82745624,0.17254378
57381,0.9701319,0.029868174
34789,0.8406017,0.15939829
53962,0.48522222,0.5147778
44319,0.7502803,0.24971971
1370,0.52169627,0.4783037
5166,0.9198504,0.08014959
23707,0.06855628,0.9314437
15436,0.7162928,0.28370726
14731,0.45808598,0.54191405
44006,0.26407963,0.7359204
43201,0.13519974,0.8648002
26907,0.0027305018,0.99726945
1590,0.90880096,0.09119901
42562,0.565997,0.43400297
41347,0.05653321,0.94346684
46475,0.8652257,0.13477427
22146,0.67771834,0.3222817
6440,0.63125086,0.36874917
39121,0.00183386,0.99816614
221,0.52498305,0.47501695
46980,0.809201,0.19079895
61710,0.9450328,0.054967232
20558,0.6703615,0.32963842
30740,0.007119018,0.99288094
19868,0.0003619822,0.99963796
63815,0.2712391,0.7287609
56519,0.8752164,0.12478358
17181,0.0044734734,0.9955265
37563,9.874587e-05,0.9999013
44215,0.8224075,0.17759255
48079,0.45387417,0.5461259
42884,0.21255915,0.78744084
15735,0.011034637,0.9889654
10625,0.21863817,0.7813618
5625,0.1695557,0.83044434
54171,0.78615797,0.21384208
46813,0.87532115,0.12467885
23925,0.001176445,0.9988236
38518,0.051921014,0.94807905
22924,0.009576905,0.9904231
4335,0.005620681,0.99437934
10038,0.09123119,0.90876883
19128,0.0026628345,0.99733716
2996,0.04646959,0.9535304
26335,0.54910094,0.4508991
8017,0.28698948,0.71301055
13548,0.08559265,0.9144073
18903,0.0007803888,0.99921966
43074,0.022067102,0.97793293
3056,0.8352963,0.16470379
2946,0.54616696,0.45383298
58119,0.99442494,0.0055750487
19947,0.0005397983,0.99946016
38788,0.0028315615,0.9971685
54140,0.8874073,0.11259271
37591,0.002386066,0.9976139
14948,0.7459131,0.25408688
60717,0.5014215,0.49857852
27084,0.0072460608,0.9927539
56637,0.89505476,0.104945265
5194,0.6132996,0.38670036
39327,0.31422964,0.6857704
13090,0.054007217,0.94599277
10434,0.75672686,0.24327312
43847,0.74026006,0.2597399
14456,0.1358005,0.86419946
6623,0.5514551,0.44854495
50185,0.57078016,0.42921984
45669,0.9743944,0.02560562
61941,0.34274724,0.6572528
63003,0.7957922,0.20420775
62424,0.99177223,0.008227752
42303,0.03872924,0.96127075
24436,0.028272208,0.9717278
6714,0.7235566,0.27644342
14006,0.02051356,0.97948647
52211,0.53287953,0.46712044
54177,0.77607006,0.22392994
61773,0.6996457,0.30035433
58931,0.5352558,0.46474424
2316,0.923249,0.07675105
54135,0.9296213,0.07037868
55523,0.5161405,0.4838595
6602,0.12328333,0.87671673
25094,0.65385133,0.34614867
1738,0.46821472,0.5317853
63842,0.7536864,0.24631365
59474,0.6617785,0.33822143
50149,0.77963006,0.22036994
35088,0.33384225,0.6661578
24122,0.0036120105,0.99638796
51096,0.9296111,0.070388906
32722,0.62034184,0.37965816
19891,8.380627e-05,0.9999162
37115,0.028445812,0.9715542
50615,0.37014234,0.62985766
25087,0.053786032,0.94621396
37458,0.008089888,0.99191016
54082,0.92114604,0.07885395
51249,0.6251405,0.3748595
45193,0.9810477,0.018952299
22363,0.004121856,0.9958781
44167,0.64110035,0.3588997
44218,0.85178864,0.14821133
53393,0.7838191,0.21618094
52521,0.528375,0.4716249
16859,0.0012566275,0.99874336
7429,0.011641423,0.9883585
61518,0.94506335,0.05493671
45182,0.79164404,0.20835592
14780,0.0016513437,0.9983487
9667,0.10197158,0.8980284
1244,0.3754498,0.6245502
25408,0.013347945,0.98665214
15919,0.027203081,0.9727969
14065,0.01496268,0.98503727
45824,0.90478563,0.09521431
48879,0.9616724,0.0383276
6297,0.7571077,0.24289225
63405,0.5336294,0.46637058
45448,0.7381585,0.26184142
2409,0.6529618,0.34703824
23418,0.065255314,0.93474466
9131,0.29428896,0.70571107
438,0.26399794,0.736002
51841,0.4708894,0.52911055
64033,0.95216566,0.047834296
62578,0.8306383,0.16936167
12253,0.49992993,0.5000701
955,0.4807152,0.51928484
31337,0.090550326,0.90944964
2187,0.5597949,0.4402051
54697,0.43055767,0.56944233
16098,0.00059082924,0.9994092
60997,0.8322129,0.16778709
2857,0.4715301,0.52846986
26656,0.0043959892,0.99560404
60195,0.8372475,0.16275252
35869,0.08539767,0.91460234
30727,0.08470052,0.9152995
10555,0.34317154,0.6568284
19315,0.00413241,0.9958676
57388,0.8235627,0.17643726
35995,0.027699683,0.97230023
37361,0.12625523,0.8737448
49197,0.8905919,0.1094081
29607,0.09728507,0.90271497
37945,0.044977996,0.95502204
22340,0.031800848,0.96819913
53179,0.5926646,0.40733543
14059,0.46418512,0.5358148
19168,0.061253086,0.9387469
54079,0.68152094,0.31847906
26193,0.007045304,0.9929547
38330,0.13135001,0.86865
41376,0.108357124,0.89164287
963,0.49617195,0.50382805
39174,0.00095464167,0.9990453
11655,0.20308392,0.79691607
10568,0.3479013,0.6520987
10617,0.23302113,0.76697886
14818,0.8466288,0.1533712
54548,0.7416968,0.25830328
30574,0.783424,0.21657605
18369,0.21157551,0.7884245
43215,0.8638845,0.13611545
51887,0.8399428,0.16005723
53932,0.7025308,0.29746917
29374,0.031390514,0.9686095
24647,0.004678686,0.99532133
6855,0.6078882,0.39211175
52074,0.77618617,0.22381383
31080,0.025384346,0.9746157
1827,0.8490235,0.15097648
7140,0.1753085,0.82469153
22236,0.010377437,0.9896226
58453,0.96412957,0.035870377
43953,0.6974057,0.30259427
28010,0.13024609,0.86975396
26103,0.040300604,0.95969945
60961,0.70400554,0.2959945
41216,0.31913507,0.68086493
33466,0.23711525,0.7628848
51313,0.96433306,0.03566692
4408,0.8883377,0.11166229
4367,0.26652464,0.7334753
6074,0.5590414,0.4409586
33283,0.400014,0.59998596
20920,0.091560565,0.90843946
51809,0.69646096,0.3035391
17162,0.099956706,0.9000433
51362,0.77673894,0.22326104
16715,0.00093296875,0.999067
48437,0.8231763,0.17682369
7584,0.13487019,0.86512977
9266,0.85011494,0.14988501
54132,0.7794401,0.22055992
19736,0.011374433,0.98862565
59964,0.91604453,0.08395545
37041,0.50123936,0.49876058
36859,0.043268796,0.95673126
20415,0.45150706,0.5484929
27988,0.024703043,0.9752969
18173,0.0021855764,0.9978144
42886,0.045343388,0.95465666
51374,0.6573833,0.34261665
14358,0.014687022,0.985313
32786,0.3524986,0.64750147
17456,0.046862673,0.9531373
33596,0.3047767,0.69522333
23169,0.027171282,0.97282875
21922,0.008751806,0.99124813
20710,0.12485521,0.87514484
39612,0.00012581049,0.9998741
60880,0.8610399,0.13896011
97,0.045097105,0.9549029
3287,0.21478273,0.7852173
5787,0.8003089,0.1996911
404,0.28120327,0.71879673
43487,0.8794326,0.12056735
64519,0.8641042,0.13589577
62427,0.7012356,0.29876435
48843,0.8294558,0.17054422
20531,0.66473556,0.3352644
20118,0.0006851609,0.9993149
34333,0.4497988,0.5502012
41532,0.057779774,0.9422202
32637,0.16186306,0.8381369
23509,0.029322883,0.9706771
506,0.78869885,0.21130116
42452,0.06251732,0.93748266
47562,0.9223131,0.07768697
46215,0.83665,0.16334991
4643,0.22148107,0.7785189
8356,0.14063592,0.8593641
2269,0.8623514,0.13764855
8393,0.084680244,0.91531974
40338,0.001716166,0.9982838
37254,0.37746954,0.62253046
22753,0.0020791404,0.99792093
63608,0.92322636,0.07677361
64117,0.9518426,0.04815738
9057,0.05740503,0.942595
18316,0.0048041455,0.9951958
38336,0.04104994,0.95895004
62880,0.37900525,0.62099475
15024,0.015627833,0.9843722
59874,0.45199007,0.54800993
10747,0.20946261,0.79053736
40574,0.05920335,0.9407967
22066,0.22508453,0.77491546
45696,0.8913158,0.108684205
11037,0.02050868,0.97949135
49989,0.18478316,0.81521684
2428,0.75660086,0.24339916
36265,0.17064422,0.8293557
10870,0.44857946,0.55142057
44075,0.21322311,0.7867769
37658,0.24911383,0.7508862
1292,0.50106436,0.4989356
13088,0.34678861,0.6532114
26925,0.0042151003,0.99578494
42153,0.01543847,0.9845615
11078,0.6080995,0.3919005
42871,0.10081318,0.8991868
32483,0.22990136,0.7700987
30494,0.005743288,0.9942568
5133,0.5903402,0.40965977
38856,0.00017608407,0.999824
38077,0.035602868,0.96439713
4138,0.5135481,0.48645186
19192,0.01779368,0.98220634
19053,0.0047515994,0.9952484
58069,0.9971282,0.002871844
59306,0.27163962,0.72836035
33965,0.26649585,0.7335042
60320,0.40172517,0.5982748
27229,0.017011572,0.9829884
37992,0.009302403,0.99069756
41729,0.024091184,0.9759089
35964,0.0062594027,0.9937406
45532,0.7363986,0.26360142
33723,0.3862007,0.61379933
4281,0.7165207,0.28347924
4483,0.6641703,0.3358297
14936,0.21379642,0.78620356
24141,0.045900792,0.9540992
26165,0.0019392468,0.99806076
35257,0.4662848,0.5337152
12794,0.050757777,0.9492422
40922,0.00318623,0.99681383
25510,0.32702106,0.67297894
37079,0.18820922,0.8117908
53372,0.860755,0.13924494
31077,0.027379803,0.9726202
30459,0.0022082692,0.99779177
36679,0.0028665455,0.9971335
29519,0.019767065,0.98023295
55968,0.9997627,0.0002372382
9822,0.47635448,0.52364546
62936,0.7080321,0.29196796
10914,0.61698663,0.38301343
13060,0.7450176,0.25498244
59159,0.5235086,0.4764914
40064,0.0026034615,0.9973966
16699,0.0028736847,0.9971263
30479,0.006950315,0.9930496
56749,0.9845359,0.015464141
5366,0.79934824,0.20065182
6580,0.7526711,0.24732888
29033,0.0018149499,0.998185
14614,0.6785953,0.32140473
28561,0.0054347888,0.99456525
57632,0.9998368,0.00016315296
9814,0.8617786,0.13822144
57543,0.9998611,0.00013890436
3977,0.51702815,0.48297185
2374,0.76260805,0.23739195
33350,0.21717227,0.78282773
56571,0.8507278,0.14927226
46253,0.8687846,0.13121535
60993,0.60456574,0.39543432
55811,0.8634839,0.13651614
4562,0.0049115587,0.9950884
57180,0.98978055,0.010219438
56631,0.92681926,0.07318069
11991,0.67181075,0.3281892
7187,0.13061239,0.8693876
10145,0.8169787,0.18302137
49212,0.79419225,0.2058077
8753,0.5021021,0.49789795
31906,0.27711916,0.7228808
28320,0.030383406,0.9696166
7623,0.34233838,0.6576616
9835,0.21660459,0.78339547
34199,0.3560451,0.64395493
48948,0.9298086,0.07019135
36545,0.009940102,0.99005985
19158,0.029014802,0.9709852
7651,0.040754106,0.95924586
43723,0.44608688,0.5539131
16117,0.0016066526,0.99839336
49800,0.6633909,0.3366091
33550,0.31361806,0.68638194
8340,0.091384545,0.90861547
56006,0.98323256,0.016767433
21658,0.2554159,0.7445841
41807,0.77512056,0.22487943
16785,0.085164145,0.9148358
30924,0.00072632625,0.9992737
56088,0.94603884,0.053961083
58467,0.9980927,0.0019072944
25351,0.0041228994,0.995877
31029,0.008115917,0.9918841
52507,0.91012675,0.089873284
60415,0.6038541,0.39614588
44178,0.79552084,0.20447922
28327,0.03475067,0.9652493
49101,0.9470081,0.05299192
59993,0.31349233,0.68650764
44162,0.8350878,0.16491218
55053,0.7639259,0.23607408
44441,0.8220734,0.17792663
47579,0.8717578,0.12824222
35751,0.117643975,0.882356
28468,0.028983342,0.97101665
16173,0.0005988676,0.9994011
53633,0.445347,0.55465305
54850,0.8125778,0.18742222
44791,0.956117,0.043883003
1670,0.25579345,0.7442065
11672,0.14047404,0.859526
12588,0.38792333,0.61207664
53790,0.58759004,0.41241002
49190,0.69952804,0.30047193
36865,0.009126336,0.9908737
29107,0.03677366,0.9632263
4241,0.2999846,0.7000154
47691,0.69924957,0.30075046
16908,0.0062996047,0.9937004
16496,0.005388729,0.99461126
23081,0.0018540086,0.99814606
3095,0.9642469,0.035753023
52575,0.8989066,0.10109339
30952,0.5990703,0.40092972
2208,0.46030724,0.5396927
6025,0.8776575,0.12234249
45268,0.96369696,0.03630306
45142,0.88607234,0.11392762
23105,0.009466303,0.9905337
63521,0.3926692,0.60733074
29147,0.018507453,0.9814926
16660,0.022583779,0.9774162
55600,0.5073689,0.49263108
2264,0.50085306,0.49914694
36521,0.011187448,0.98881257
2370,0.78627664,0.21372336
2600,0.9014251,0.09857488
8471,0.19087434,0.80912566
5593,0.9342227,0.065777265
9172,0.26785475,0.7321453
55847,0.53488696,0.46511304
7675,0.7014114,0.29858857
6936,0.65558374,0.34441623
38687,0.12599336,0.8740066
31522,0.6130648,0.38693517
48698,0.9016615,0.09833845
11216,0.48284465,0.51715535
55036,0.49052805,0.50947195
55159,0.32660374,0.6733963
62481,0.88000923,0.11999072
54840,0.7305168,0.26948324
61255,0.45215592,0.54784405
19125,0.0029823144,0.99701774
28445,0.0057728984,0.99422705
44297,0.71824485,0.28175515
34995,0.6838032,0.31619674
36939,0.02078251,0.9792175
21737,0.19430879,0.80569124
20420,0.31967413,0.6803258
22215,0.112585,0.887415
31688,0.17272858,0.8272714
17672,0.008203239,0.99179673
31985,0.042726275,0.9572737
14913,0.015198068,0.98480195
25157,0.03557925,0.96442074
19772,0.012745548,0.98725444
22593,0.3771716,0.6228284
10547,0.4804651,0.5195349
19261,0.007291762,0.99270827
38332,0.0919972,0.90800273
39398,0.043767102,0.95623296
30300,0.01825988,0.9817401
56059,0.8683247,0.13167529
59375,0.6392996,0.36070046
62683,0.69652116,0.30347884
5938,0.55179805,0.448202
40888,0.0017871725,0.9982128
7214,0.10420133,0.8957987
32270,0.4039029,0.5960971
2222,0.747411,0.252589
9220,0.12999053,0.8700095
12934,0.5061349,0.49386513
30516,0.0042151315,0.9957848
48250,0.91896355,0.08103643
53191,0.82750493,0.17249504
2315,0.8949796,0.10502045
45942,0.51966274,0.48033726
57147,0.9829606,0.017039463
41061,0.024417922,0.9755821
53025,0.2702701,0.72972983
17357,0.008089532,0.9919105
46700,0.9545126,0.045487367
48995,0.85397756,0.14602242
23053,0.0038421168,0.99615794
15557,0.007799149,0.9922009
12057,0.5891018,0.41089818
38271,0.0041167336,0.99588335
8278,0.47202832,0.5279717
37172,0.77310956,0.2268905
676,0.5605966,0.43940344
55942,0.97210926,0.027890775
41113,0.09530189,0.90469813
21347,0.0039607575,0.9960393
20893,0.09307861,0.9069213
16485,0.0028626227,0.9971374
53284,0.6971618,0.30283815
834,0.20505513,0.7949449
52318,0.43520975,0.56479025
18974,0.003261188,0.99673885
42163,0.030928502,0.96907145
56950,0.9923402,0.007659812
38677,0.03386638,0.96613365
58803,0.98081756,0.019182466
56804,0.9088217,0.091178335
58623,0.6194073,0.38059267
50344,0.6657178,0.33428222
1818,0.54197735,0.45802265
43809,0.9550075,0.044992495
3033,0.15754846,0.8424515
41935,0.03464687,0.96535313
50303,0.88841724,0.11158271
58753,0.985954,0.0140460115
30337,0.12754284,0.87245715
3597,0.7444574,0.25554258
25444,0.0021464732,0.99785346
35208,0.7778589,0.22214103
62051,0.99844956,0.0015504522
62075,0.863093,0.13690698
251,0.3335608,0.66643924
30238,0.07848639,0.92151356
63819,0.44982988,0.5501701
4283,0.0040570693,0.9959429
5550,0.8540456,0.14595439
31709,0.4383773,0.56162274
7809,0.11796031,0.88203967
57325,0.9921813,0.007818763
25731,0.54722327,0.45277673
36812,0.0024644556,0.9975356
60193,0.6271835,0.37281656
6935,0.80004084,0.19995917
14005,0.6819544,0.31804556
24460,0.0020573265,0.9979426
10124,0.28513563,0.71486443
15054,0.01664789,0.9833521
28135,0.015028585,0.98497146
29232,0.026540415,0.9734596
34080,0.25027213,0.7497279
2569,0.75952065,0.24047936
48832,0.66626555,0.33373442
7367,0.13242881,0.8675712
21479,0.3075312,0.6924688
18549,0.011062839,0.98893714
38454,0.08791136,0.91208863
29355,0.04032615,0.9596739
11976,0.7554045,0.24459553
55686,0.7962257,0.20377427
41558,0.06577068,0.9342294
38149,0.00024089332,0.99975914
23751,0.014420055,0.98557997
33240,0.499117,0.50088304
6536,0.81548315,0.18451686
31332,0.30599645,0.6940035
22172,0.0028455723,0.99715436
57347,0.98895955,0.011040503
41333,0.03278527,0.96721476
52343,0.45396373,0.5460363
36271,0.008981697,0.9910183
55149,0.8827242,0.11727579
16054,0.0014717998,0.9985281
11160,0.17251553,0.8274845
6740,0.2850242,0.7149758
51708,0.93735194,0.0626481
16873,0.00058105204,0.999419
61203,0.9503093,0.049690723
34722,0.8306136,0.16938636
48471,0.95465165,0.04534839
34281,0.13642776,0.86357224
40272,0.01097169,0.98902833
34104,0.5464883,0.45351171
56362,0.95346534,0.046534643
29937,0.05950383,0.9404962
36647,0.08693907,0.91306096
33217,0.4314382,0.56856173
16815,0.001987305,0.99801266
40131,0.00042381967,0.99957615
3454,0.40392873,0.5960713
18771,0.00038689293,0.9996131
47106,0.5162885,0.4837115
29618,0.009250455,0.99074954
29966,0.29902622,0.7009738
3134,0.7625988,0.23740123
24739,0.5134413,0.4865587
34484,0.8768603,0.12313963
28209,0.16161522,0.83838475
61791,0.9980731,0.0019268402
9644,0.42213383,0.57786614
60254,0.5548265,0.44517353
9151,0.48536906,0.514631
62833,0.62861234,0.3713877
46617,0.9263885,0.07361156
16115,0.00030733785,0.9996927
56759,0.7805931,0.21940693
10336,0.24266267,0.7573374
25194,0.04744534,0.9525547
3767,0.06458755,0.93541247
31399,0.16408922,0.8359108
64230,0.6055924,0.39440763
34313,0.33013347,0.66986656
64066,0.88168764,0.11831236
48032,0.7822101,0.21778993
30405,0.015553032,0.98444694
24123,0.007536141,0.9924638
20434,0.31417924,0.68582076
37145,0.14508939,0.8549106
12649,0.23180446,0.76819557
27247,0.01828998,0.98171
60879,0.916901,0.08309905
8967,0.101515174,0.89848477
9239,0.4645547,0.53544533
21272,0.09494126,0.9050587
10135,0.36522424,0.6347757
8477,0.6655932,0.33440676
27957,0.05075975,0.94924027
26301,0.23000348,0.76999646
50209,0.8030519,0.19694807
61721,0.44588324,0.5541168
52516,0.7324064,0.26759362
35445,0.5270739,0.47292605
9750,0.50717026,0.49282974
36054,0.00853519,0.9914648
58865,0.19586532,0.80413467
272,0.39595813,0.6040419
33122,0.36738446,0.63261557
40088,0.0013627296,0.99863726
14581,0.45046645,0.54953355
2490,0.9278351,0.07216495
25707,0.17695554,0.82304454
27885,0.0013508868,0.9986492
45303,0.8789171,0.12108285
1205,0.5425755,0.4574245
2842,0.2871248,0.7128751
32869,0.5117126,0.4882874
49959,0.8773006,0.122699425
37393,0.015690368,0.9843097
18780,0.0016128295,0.9983872
51237,0.74093527,0.2590648
26034,0.01823042,0.9817695
48365,0.8007326,0.1992674
18231,0.005050048,0.99494994
25729,0.11850549,0.88149446
47023,0.82159054,0.17840941
50868,0.795963,0.204037
23852,0.044050775,0.9559492
45934,0.90657127,0.09342875
22415,0.03699127,0.9630087
10458,0.3426519,0.6573481
44908,0.9190576,0.08094241
3560,0.7837669,0.21623306
39379,0.38391027,0.61608976
32675,0.10576164,0.8942384
58463,0.95934963,0.040650357
64250,0.86236817,0.13763182
56649,0.78614074,0.21385929
2646,0.8542635,0.14573646
59245,0.5017726,0.4982274
9925,0.9011859,0.09881409
40094,0.0011075004,0.9988925
35049,0.7316479,0.26835212
43735,0.85961676,0.14038329
21435,0.20458938,0.79541063
52913,0.8483707,0.15162928
28514,0.35397342,0.64602655
49347,0.5964944,0.4035056
14377,0.006345887,0.99365413
26695,0.00988621,0.99011374
59012,0.6074914,0.39250863
44290,0.8723517,0.12764826
20867,0.07535001,0.92465
37237,0.41411638,0.5858836
6655,0.88859934,0.11140065
63060,0.577126,0.4228739
24126,0.0023101137,0.99768984
22328,0.00062065443,0.9993793
2280,0.92491424,0.07508568
36268,0.13482036,0.86517966
28436,0.0058215936,0.9941784
1298,0.52164006,0.47835988
38736,0.008932074,0.99106795
2046,0.6909064,0.30909353
21082,0.47480416,0.52519584
27371,0.3535443,0.6464557
53943,0.8516818,0.14831819
15167,0.0019932361,0.99800676
8109,0.8259553,0.17404471
42579,0.1509055,0.8490945
6250,0.79763764,0.20236242
17004,0.01582076,0.9841792
53097,0.5290901,0.4709099
16651,0.004784459,0.99521554
60798,0.5859157,0.4140843
46793,0.7460167,0.25398332
57362,0.9799115,0.020088531
52141,0.932168,0.067832
55283,0.40228358,0.5977164
25329,0.045221757,0.95477825
17850,0.0007073911,0.9992926
15113,0.10326712,0.89673287
29255,0.017920012,0.98208
9471,0.31006968,0.6899304
44725,0.9230734,0.07692653
13306,0.7236618,0.2763382
57628,0.999821,0.00017896635
30755,0.2776597,0.7223402
22255,0.0004135346,0.9995865
42654,0.29155052,0.7084495
12572,0.005643128,0.9943568
1378,0.5771938,0.4228062
27324,0.003168656,0.99683136
18057,0.0070577003,0.99294233
42046,0.04054697,0.959453
21933,0.52119064,0.47880933
57094,0.9592195,0.040780455
15945,0.005747894,0.9942521
36518,0.005632775,0.9943672
18128,0.012259832,0.9877402
1281,0.5736703,0.42632964
16333,0.20801559,0.7919844
47390,0.6564478,0.34355217
54401,0.8685139,0.13148612
17083,0.001346572,0.9986534
20078,0.0005542379,0.99944574
20926,0.08630095,0.91369903
37680,0.062611766,0.9373883
36733,0.017483933,0.98251605
22765,0.006037719,0.9939622
7440,0.32229266,0.6777073
55570,0.08869183,0.91130817
14892,0.1744065,0.82559353
23978,0.021091988,0.978908
8116,0.8358106,0.16418937
8483,0.18630126,0.81369877
64775,0.70560884,0.29439116
35928,0.026610753,0.9733892
62027,0.858321,0.14167896
2826,0.8372562,0.16274382
55333,0.71214056,0.28785944
11836,0.48328438,0.51671565
24934,0.08930292,0.91069716
3644,0.18075639,0.8192436
16888,0.026701067,0.97329897
40703,0.13198209,0.86801785
43528,0.9729532,0.027046768
58183,0.9938141,0.006185833
38135,0.018654961,0.98134506
11948,0.1628951,0.8371049
51148,0.85146743,0.14853258
4660,0.5670334,0.4329666
10284,0.33293563,0.66706437
6143,0.23489897,0.765101
31138,0.038932513,0.96106744
27497,0.47328374,0.52671623
14986,0.5105606,0.4894394
48018,0.72943014,0.27056986
4214,0.18710506,0.8128949
23738,0.010034296,0.9899657
17227,0.0032166156,0.9967834
27450,0.042285334,0.9577146
34641,0.7430213,0.25697866
26330,0.0026025414,0.9973974
1114,0.40621662,0.5937834
54794,0.82719487,0.17280516
11444,0.08365045,0.91634953
35174,0.58246243,0.41753757
61901,0.95311856,0.04688144
53456,0.834644,0.16535594
10351,0.27708995,0.72291
30010,0.11053661,0.8894634
58510,0.9565448,0.04345518
37068,0.34994078,0.6500592
28412,0.0071623814,0.9928376
32103,0.17697676,0.82302326
31542,0.041651748,0.9583482
3779,0.5501638,0.44983616
43828,0.97588533,0.024114652
24099,0.0028848958,0.99711514
32215,0.13795362,0.8620464
60697,0.35097355,0.64902645
12331,0.39057702,0.6094229
19488,0.001287511,0.99871254
16277,0.14035597,0.85964406
12236,0.64668125,0.35331875
33334,0.18796521,0.81203485
22131,0.0075466232,0.9924534
32663,0.10753768,0.8924624
60209,0.08233026,0.9176697
62694,0.7708811,0.22911884
50579,0.8655611,0.13443887
337,0.37802285,0.62197715
13249,0.4026859,0.5973141
45233,0.89587015,0.104129866
47088,0.6257799,0.37422007
48792,0.86619097,0.13380906
56935,0.98255193,0.017448
51785,0.9161804,0.08381957
14421,0.0054644137,0.99453557
33661,0.76649576,0.23350427
12859,0.0046631857,0.99533683
35539,0.7616256,0.23837446
12096,0.04643665,0.95356333
8730,0.009445049,0.990555
1435,0.71871334,0.28128666
12022,0.5984548,0.40154517
48135,0.91149837,0.08850161
60039,0.2235538,0.77644616
58897,0.7672676,0.23273243
24214,0.0038539502,0.9961461
13669,0.9080657,0.0919343
19840,0.00016400115,0.99983597
22709,0.003799607,0.9962004
64465,0.8426667,0.15733327
51065,0.8294825,0.17051749
53776,0.7371094,0.26289058
61879,0.7736565,0.22634353
46900,0.66915023,0.33084974
30274,0.090172336,0.90982765
57043,0.9694157,0.03058434
47071,0.86554396,0.13445601
58983,0.43358913,0.56641084
7072,0.39190346,0.60809654
2905,0.7737387,0.22626129
26941,0.40793672,0.59206325
27181,0.01893454,0.98106545
64162,0.52108365,0.47891635
42035,0.84460974,0.15539025
30392,0.019509424,0.9804906
2107,0.8856352,0.11436486
36062,0.056106735,0.94389325
971,0.5576559,0.44234413
46530,0.6090352,0.39096478
3389,0.5937785,0.4062215
60793,0.6990658,0.30093414
62317,0.916901,0.08309905
50781,0.78179914,0.2182008
10232,0.5627268,0.43727323
53433,0.85936975,0.14063028
53036,0.7726815,0.22731853
39863,0.0051338356,0.99486613
49710,0.97201926,0.027980715
4571,0.8112648,0.1887352
33208,0.2834251,0.71657485
38528,0.13174418,0.8682558
26046,0.013764998,0.98623496
64408,0.71990263,0.28009737
56106,0.95637107,0.04362889
4402,0.57616276,0.42383727
52007,0.94118935,0.05881062
38225,0.02348014,0.9765198
5299,0.5495154,0.4504846
35689,0.102518395,0.8974816
34756,0.50281954,0.4971804
39761,0.0020042965,0.99799573
12619,0.05165364,0.9483463
24065,0.0048565003,0.99514353
12614,0.2254465,0.7745535
55870,0.44771767,0.55228233
40179,0.0017480396,0.998252
60433,0.6179636,0.38203633
35011,0.7822773,0.21772273
60235,0.5963049,0.4036951
19391,0.0032652959,0.9967347
58368,0.9693684,0.030631633
7034,0.63512886,0.36487114
11293,0.37978154,0.6202184
46042,0.49478137,0.5052186
59733,0.6184341,0.38156596
13219,0.4594859,0.5405141
58651,0.8386829,0.16131707
16159,0.002053299,0.9979467
55611,0.6590241,0.34097588
13681,0.6640062,0.33599386
64870,0.8608594,0.13914067
33534,0.34228492,0.6577151
15596,0.009739378,0.99026066
53512,0.37810582,0.62189424
23468,0.016298724,0.9837013
28018,0.049343567,0.9506565
45215,0.9793229,0.020677067
30892,0.1963786,0.80362135
25275,0.0010166701,0.9989833
3877,0.008352784,0.99164724
1574,0.877897,0.122103035
40762,0.14328434,0.8567156
3065,0.93936497,0.060635068
12967,0.17096563,0.82903445
45560,0.9133079,0.08669212
45184,0.9484943,0.051505666
63925,0.8209085,0.17909151
49338,0.7380582,0.26194176
54195,0.7649863,0.23501368
31489,0.06387311,0.9361269
31567,0.26016328,0.7398367
44198,0.847329,0.15267101
9522,0.060137812,0.93986213
38072,0.0065305843,0.99346936
51965,0.6918908,0.30810928
25906,0.014450813,0.98554915
57031,0.85753,0.14247
44343,0.81817186,0.1818281
38069,0.011548936,0.9884511
24203,0.0009972916,0.99900275
29953,0.018833067,0.9811669
48668,0.84891176,0.15108825
22994,0.0022237466,0.9977762
53401,0.7402001,0.25979987
47608,0.7917075,0.20829248
26,0.02825938,0.9717406
51050,0.87497735,0.12502268
28251,0.0020384884,0.9979615
62745,0.6043079,0.39569214
1723,0.21362978,0.7863702
47707,0.72486335,0.27513662
61573,0.99593073,0.004069283
51236,0.55440784,0.44559216
19554,0.00095398934,0.999046
28826,0.07838864,0.92161137
64616,0.78122675,0.2187733
16749,0.010048762,0.9899512
61153,0.81895906,0.18104097
65219,0.8225147,0.17748524
45628,0.8156389,0.18436106
50623,0.87393034,0.1260697
20774,0.30684802,0.693152
18738,0.00035952218,0.99964046
7307,0.5430278,0.4569722
17592,0.004196854,0.9958032
28755,0.007659102,0.9923409
24322,0.0012483901,0.99875164
50672,0.53436315,0.46563682
7493,0.5216266,0.47837344
23566,0.046967823,0.95303214
17370,0.0015878273,0.99841213
48635,0.84810764,0.15189233
19888,0.0003199369,0.99968004
61742,0.62765974,0.37234032
64273,0.36346623,0.6365338
1315,0.43580908,0.564191
48343,0.40742406,0.5925759
56908,0.9891633,0.010836759
59250,0.4258481,0.5741519
9871,0.2864279,0.7135721
25839,0.080671646,0.91932833
11496,0.27130798,0.72869205
32459,0.1381648,0.8618352
39644,0.019549364,0.98045063
55676,0.8281767,0.17182338
48449,0.97039366,0.029606346
39449,0.3223961,0.67760396
49205,0.6977635,0.30223647
1847,0.9335567,0.06644337
41335,0.018764436,0.9812355
64963,0.83302885,0.16697113
61316,0.8187447,0.18125528
51791,0.8646894,0.13531056
29283,0.11272707,0.8872729
19973,0.0022082648,0.99779177
55973,0.80634314,0.19365682
48436,0.9298308,0.070169166
13981,0.101464,0.89853597
54307,0.71921086,0.2807891
60216,0.7190036,0.28099638
27456,0.07064374,0.92935634
5912,0.74808514,0.25191486
16950,0.002587284,0.99741274
18341,0.009412679,0.9905873
47457,0.85769343,0.14230654
17058,0.001036651,0.99896336
20055,0.0030468572,0.9969531
35353,0.7546086,0.2453914
34627,0.51173353,0.48826647
44127,0.77185994,0.22814009
18005,0.0021064957,0.9978935
32854,0.36564445,0.63435555
29901,0.44364572,0.5563542
14827,0.0020149248,0.997985
13429,0.030169072,0.96983093
25659,0.7293942,0.2706058
63140,0.9278785,0.07212147
2576,0.7859036,0.21409643
6695,0.31189135,0.6881086
35187,0.55274117,0.44725886
3313,0.2601722,0.73982775
196,0.2612199,0.7387801
27643,0.008693524,0.9913065
54912,0.31413314,0.6858669
49711,0.9353229,0.06467714
13615,0.11528167,0.8847183
56473,0.88375205,0.116247915
5588,0.38983756,0.61016244
38921,0.007886103,0.99211395
6183,0.6171692,0.38283086
58860,0.27226776,0.7277323
22118,0.03129252,0.9687075
19173,0.06495152,0.93504846
5032,0.67461115,0.32538885
845,0.22596444,0.7740356
11521,0.2995815,0.70041853
27876,0.00050066167,0.9994993
15411,0.0013085172,0.9986915
44855,0.8480141,0.1519859
31180,0.026419347,0.9735806
59715,0.813542,0.18645805
62660,0.70987666,0.29012334
60252,0.23804668,0.76195335
26979,0.04779693,0.95220304
44937,0.9702316,0.029768433
4258,0.050624758,0.9493752
16394,0.004327352,0.9956727
25315,0.0036577363,0.99634224
11371,0.17959687,0.8204031
18719,0.00083699665,0.99916303
26669,0.040242333,0.9597576
35180,0.62765837,0.37234157
34910,0.2365905,0.7634095
8561,0.32658002,0.67341995
24651,0.06216777,0.9378322
23810,0.0076050484,0.9923949
62327,0.86501044,0.1349896
53696,0.9343939,0.065606095
23516,0.0027725145,0.9972275
24466,0.007512952,0.9924871
52717,0.98616624,0.013833811
11788,0.33205518,0.6679448
7420,0.72399735,0.2760026
39936,0.007102637,0.9928974
25826,0.10981572,0.8901843
28851,0.23859166,0.7614084
32077,0.14662404,0.853376
11637,0.28781852,0.7121815
24327,0.00035971744,0.9996402
45478,0.6745386,0.32546136
12481,0.6824396,0.31756037
42006,0.042666223,0.95733374
30970,0.6618833,0.33811674
41062,0.05387727,0.9461227
35679,0.07220465,0.92779535
57016,0.97365576,0.026344242
40994,0.1671962,0.83280385
37636,0.0040412084,0.99595875
16860,0.0046767434,0.99532324
15007,0.22419041,0.7758096
64146,0.7714884,0.22851159
19579,0.007039065,0.9929609
21781,0.17362218,0.8263778
64260,0.8369259,0.16307409
27512,0.18740037,0.8125996
43898,0.82871383,0.17128612
6857,0.5094111,0.49058887
60147,0.3134369,0.68656313
3829,0.45596442,0.54403555
2956,0.30235517,0.69764477
8806,0.2502999,0.74970007
61728,0.55680364,0.4431963
13644,0.44403523,0.55596477
6194,0.5809611,0.41903892
52741,0.9308605,0.06913951
52813,0.9525283,0.04747169
42261,0.11827411,0.8817259
42600,0.017274158,0.98272586
48406,0.7877498,0.21225017
22465,0.063545756,0.93645424
55969,0.99982065,0.00017942495
54885,0.8785217,0.12147836
23029,0.005832704,0.9941673
17057,0.0005028282,0.9994972
4998,0.19813073,0.8018693
44309,0.9197131,0.08028694
14548,0.074427515,0.9255725
64002,0.9518027,0.048197363
17910,0.016818449,0.98318154
41942,0.016906114,0.98309386
14122,0.6068938,0.39310628
34537,0.9704399,0.029560061
13076,0.86722326,0.13277675
20655,0.22848155,0.7715184
22093,0.18128686,0.81871307
39962,0.0034862973,0.9965138
10329,0.6253846,0.37461534
37201,0.6029692,0.39703074
29050,0.024436487,0.97556347
10393,0.028852092,0.97114795
55773,0.6144074,0.3855926
259,0.39950022,0.60049975
59391,0.10374858,0.89625144
63500,0.5259781,0.47402194
62068,0.8311309,0.16886903
58751,0.9589361,0.041063916
39813,0.0014247694,0.9985752
46481,0.8966236,0.10337642
23088,0.008272388,0.9917276
16832,0.0019357051,0.99806434
46756,0.5764894,0.42351064
63659,0.8967612,0.10323884
50435,0.93391037,0.06608967
53111,0.5541101,0.4458899
30233,0.48813635,0.51186365
51005,0.75006497,0.249935
8637,0.2395707,0.76042926
45756,0.97302794,0.026972044
42203,0.63200545,0.36799455
6783,0.21689108,0.78310895
43717,0.8144375,0.18556246
52943,0.76256174,0.23743823
62112,0.89850974,0.10149026
31075,0.026361784,0.97363824
57430,0.9465094,0.05349062
39149,0.003096442,0.9969035
47959,0.7468076,0.25319242
14447,0.6740012,0.32599872
46273,0.58479434,0.41520572
3468,0.7341343,0.26586568
21192,0.16528502,0.834715
58903,0.16862665,0.8313734
45226,0.91921026,0.080789775
4706,0.4846905,0.5153095
50613,0.512283,0.487717
15623,0.0037747086,0.99622524
13625,0.5172665,0.48273346
15699,0.06081421,0.93918574
38327,0.103684925,0.89631504
47514,0.7094385,0.29056153
53877,0.4572185,0.54278153
23119,0.1440706,0.8559294
5312,0.73291737,0.2670826
30521,0.0025396154,0.99746037
44387,0.26302972,0.73697025
34699,0.74549156,0.2545084
41583,0.021359116,0.97864085
24215,0.008917442,0.99108255
21065,0.14577378,0.8542262
47210,0.8532398,0.14676024
14016,0.6320122,0.36798784
41046,0.00063262385,0.9993674
10389,0.60657996,0.39342007
4744,0.61468244,0.38531753
6054,0.64380234,0.35619763
12304,0.18285728,0.8171428
61504,0.3219079,0.67809206
37959,0.0069596386,0.9930403
50477,0.9606273,0.0393727
27337,0.06799898,0.93200105
6412,0.42922798,0.57077205
17296,0.0033542183,0.99664575
5429,0.43291414,0.5670859
26585,0.56716865,0.43283135
11418,0.6257391,0.37426096
4908,0.8181001,0.1818999
26594,0.491179,0.508821
42943,0.10064436,0.8993556
62956,0.8652988,0.13470116
27452,0.08951238,0.9104876
43116,0.020154338,0.9798457
41152,0.0077766567,0.9922233
15328,0.902976,0.09702399
45670,0.870013,0.12998705
17914,0.0062699174,0.99373007
25319,0.025850682,0.9741493
34161,0.40191326,0.5980868
6845,0.2867165,0.71328354
2839,0.24412571,0.7558743
40995,0.011457029,0.98854303
59578,0.70295334,0.29704666
63377,0.22449754,0.7755024
34370,0.4050277,0.5949724
64779,0.635612,0.36438802
49106,0.8821368,0.117863126
8439,0.3451093,0.6548907
54176,0.8931277,0.106872305
49276,0.67276376,0.32723624
35744,0.05309136,0.94690865
53173,0.65766335,0.34233668
6961,0.009481945,0.99051803
32249,0.4076934,0.5923066
28523,0.08188974,0.91811025
8940,0.59332925,0.4066707
59694,0.33061692,0.66938305
8063,0.6075643,0.3924358
49489,0.89681196,0.103188016
61744,0.94843096,0.05156906
64184,0.2837234,0.7162766
40858,0.031763393,0.96823657
54595,0.7371232,0.2628768
42753,0.08868638,0.9113136
34760,0.5762219,0.4237781
46736,0.97076684,0.029233199
44325,0.74261487,0.2573851
24678,0.29292718,0.7070728
55492,0.3604525,0.63954747
28490,0.0024591319,0.99754083
48046,0.2469431,0.7530569
22001,0.56200224,0.4379978
27026,0.46183795,0.538162
28332,0.04830032,0.9516996
10249,0.19218254,0.8078174
11210,0.03579457,0.9642054
39707,0.004221653,0.9957783
49439,0.8303233,0.1696768
58487,0.9972295,0.0027704928
64904,0.8943676,0.10563244
29177,0.0066181193,0.99338186
60200,0.63748395,0.36251608
45494,0.6125462,0.3874538
49748,0.52127445,0.47872555
15444,0.71900684,0.28099316
14650,0.0034385235,0.99656147
55209,0.54392135,0.45607865
54479,0.72512525,0.27487472
31266,0.14300768,0.85699236
30999,0.54106593,0.45893413
43441,0.93615556,0.063844465
56288,0.70014226,0.29985774
52084,0.8240872,0.17591283
14608,0.16196722,0.8380327
45444,0.39316845,0.60683155
64297,0.8663942,0.13360581
36918,0.010599564,0.98940045
25644,0.2199101,0.7800899
38546,0.014034573,0.9859655
45080,0.58941734,0.4105826
21184,0.11031306,0.88968694
13883,0.3212095,0.6787905
35730,0.04977832,0.95022166
37667,0.33756024,0.6624397
52711,0.91215986,0.08784012
41222,0.012704692,0.9872953
26868,0.002234842,0.9977652
60852,0.72353786,0.2764622
22483,0.008370957,0.9916291
6465,0.6583051,0.34169495
50846,0.6425377,0.3574623
27381,0.038770087,0.96122986
43691,0.9508748,0.0491252
47498,0.75582236,0.24417758
60620,0.45305127,0.54694873
44719,0.9183554,0.081644624
22245,0.015464105,0.9845359
31086,0.062221713,0.9377783
14012,0.029658617,0.9703414
38190,0.018553171,0.98144686
67,0.094561845,0.9054381
43057,0.0059416043,0.9940584
62322,0.79340655,0.20659344
3465,0.22741404,0.7725859
37804,0.019979328,0.98002064
8045,0.17271385,0.8272862
39964,0.009144482,0.9908556
62592,0.99209046,0.007909514
11081,0.076004855,0.92399514
38063,0.02407442,0.97592556
32639,0.08608704,0.91391295
12511,0.5142602,0.48573986
47989,0.7972407,0.20275931
34921,0.78664786,0.21335219
39931,0.09806315,0.9019368
7674,0.0038064034,0.99619365
32044,0.19915962,0.80084044
21759,0.0069783423,0.99302167
11700,0.7647654,0.23523463
14738,0.13554196,0.8644581
34108,0.36272275,0.63727725
27254,0.06247977,0.93752015
20170,0.0009385116,0.9990615
13382,0.023454674,0.9765453
9360,0.0042874105,0.99571264
27487,0.5818837,0.4181163
54114,0.6938878,0.30611214
10133,0.03170779,0.96829224
26944,0.51181114,0.4881889
62121,0.7431289,0.25687107
53890,0.92485267,0.07514737
21088,0.05399404,0.946006
55215,0.69959354,0.3004064
38952,0.0016995319,0.9983005
17371,0.0036698962,0.9963301
6975,0.87778723,0.12221276
32097,0.5526473,0.44735268
40967,0.033990074,0.9660099
11242,0.30538943,0.69461054
23858,0.012639781,0.9873602
58714,0.8517294,0.14827062
44486,0.91571784,0.08428214
35538,0.1467499,0.8532501
58250,0.9904632,0.009536834
4309,0.26701805,0.7329819
34090,0.40920344,0.59079653
62741,0.8194771,0.18052296
14767,0.025241015,0.974759
31235,0.09771076,0.9022892
14112,0.0018877069,0.9981123
57218,0.7775082,0.22249183
25786,0.3443722,0.6556278
20054,0.007777883,0.99222213
45991,0.7756786,0.22432142
52385,0.80621505,0.19378491
44885,0.9266642,0.07333582
49060,0.8407757,0.15922424
63718,0.6580929,0.34190705
8980,0.0070278733,0.99297214
21908,0.59998596,0.400014
22485,0.41997746,0.5800226
2922,0.062015302,0.9379847
17301,0.0002747641,0.99972516
49618,0.8358484,0.16415162
64613,0.7954143,0.20458564
61938,0.92998624,0.07001376
21657,0.41260254,0.58739746
62514,0.92612535,0.07387473
15573,0.04724055,0.9527595
61769,0.79421246,0.20578752
63222,0.7514889,0.24851102
49993,0.9232033,0.076796785
48852,0.78771114,0.21228883
44172,0.939031,0.06096895
39683,0.00022175969,0.9997782
59808,0.21972398,0.78027606
54216,0.6459339,0.35406613
50883,0.5645399,0.43546006
7814,0.8721754,0.12782463
43129,0.11894151,0.88105845
42423,0.080668785,0.91933125
26019,0.005301269,0.99469876
42937,0.07200316,0.9279969
19632,0.0026909937,0.99730897
4470,0.2978598,0.7021402
63645,0.9320534,0.06794664
9362,0.19502342,0.8049766
20447,0.5283869,0.47161314
21355,0.010779746,0.9892203
46968,0.93969023,0.06030976
46425,0.76625353,0.23374651
30634,0.08419043,0.9158096
19127,0.0014322569,0.9985677
59871,0.44926268,0.5507373
30597,0.023309972,0.97669005
3737,0.4617396,0.53826034
57743,0.99080336,0.009196621
57462,0.9684605,0.03153955
24040,0.002589532,0.9974105
43667,0.92103136,0.0789686
53864,0.6189452,0.38105482
14857,0.040742178,0.95925784
19156,0.14204161,0.8579584
1951,0.39866725,0.6013327
14095,0.14609681,0.8539032
19615,0.004865224,0.9951348
24407,0.0003725794,0.99962735
30678,0.009791566,0.9902084
10411,0.20858914,0.79141086
7244,0.1608232,0.83917683
30564,0.024558581,0.9754414
14086,0.57666695,0.42333305
14389,0.0017648974,0.9982351
53644,0.8571407,0.14285934
10044,0.6070119,0.3929881
36302,0.035135154,0.9648648
61157,0.9982632,0.001736812
56786,0.7599805,0.24001949
47518,0.8040396,0.19596034
17731,0.002971264,0.99702877
53870,0.66075957,0.33924043
4246,0.29498428,0.70501566
37902,0.37973207,0.6202679
57960,0.96655935,0.033440676
54332,0.8918916,0.10810835
52479,0.34524304,0.654757
45694,0.86673105,0.1332689
6982,0.6295352,0.37046486
5971,0.46864602,0.53135395
36881,0.015659416,0.9843406
64954,0.83523124,0.16476879
51345,0.791347,0.20865294
42463,0.07953099,0.92046905
45549,0.7115979,0.2884021
45427,0.8782277,0.12177224
43421,0.9048093,0.09519076
55355,0.6981177,0.3018823
37019,0.72702944,0.27297056
61619,0.84471977,0.15528028
1642,0.80831516,0.19168483
25401,0.0015702434,0.9984297
58328,0.9835653,0.016434759
3288,0.026737152,0.97326285
30804,0.024146175,0.9758538
30115,0.0052986112,0.9947014
6622,0.3443841,0.65561587
46957,0.8043929,0.19560714
49017,0.857505,0.14249493
694,0.3611895,0.6388105
38442,0.0023754747,0.9976246
1649,0.9310272,0.06897285
44056,0.88690686,0.1130931
12179,0.01520515,0.9847949
16765,0.024377033,0.97562295
44655,0.9202622,0.079737805
1113,0.64561397,0.3543861
65228,0.8842427,0.115757324
37437,0.12890877,0.8710912
61911,0.9462095,0.053790532
29724,0.42174256,0.57825744
58939,0.64536995,0.35463
40161,0.004781985,0.995218
46544,0.8398656,0.1601344
20497,0.47090602,0.529094
14583,0.73184997,0.26814997
48797,0.73934954,0.2606505
13607,0.017127063,0.9828729
52581,0.9080015,0.09199855
43447,0.95016116,0.049838897
29754,0.1398703,0.86012965
64193,0.9293312,0.07066881
18360,0.04151675,0.9584832
40159,0.0055610235,0.994439
57888,0.9878769,0.012123145
2310,0.80120206,0.19879793
58019,0.97551435,0.024485657
18998,0.0010325124,0.9989675
49156,0.86713225,0.13286774
18590,0.0008257633,0.9991742
33050,0.52379686,0.47620314
5016,0.7083273,0.29167274
21442,0.05342983,0.94657016
41508,0.11409679,0.88590324
43845,0.9279115,0.07208845
32602,0.5605601,0.43943995
40060,0.0014277868,0.99857223
53292,0.7991376,0.20086236
33690,0.46308157,0.5369184
22644,0.03285603,0.96714395
5397,0.24505599,0.754944
20312,0.0012728185,0.99872714
2972,0.19691645,0.8030836
58030,0.9532303,0.04676963
55614,0.6114935,0.38850644
36129,0.006903348,0.99309665
59309,0.1646146,0.83538544
18626,0.00065333,0.9993467
21252,0.6967355,0.3032645
16602,0.0016266064,0.9983734
8414,0.3900198,0.60998017
62144,0.89250964,0.107490316
27209,0.010594235,0.9894058
53053,0.6567453,0.3432547
49150,0.9233531,0.07664696
48716,0.688296,0.31170392
11383,0.79234797,0.20765203
50744,0.5693465,0.4306535
22132,0.11328986,0.88671017
53006,0.8834832,0.116516836
9307,0.8327234,0.16727664
62501,0.9718391,0.028160855
18902,0.00624417,0.9937558
50558,0.22953686,0.7704631
7184,0.34733173,0.65266824
53306,0.92820054,0.07179938
23818,0.005498961,0.994501
31687,0.08073157,0.91926837
13695,0.013941178,0.9860589
48428,0.9377549,0.062245063
26560,0.6066978,0.39330214
16142,0.0016119296,0.99838805
38202,0.013216639,0.9867834
41310,0.064031795,0.9359683
47454,0.954277,0.045723002
2618,0.90791345,0.092086524
35038,0.57900554,0.42099446
35700,0.022085961,0.97791404
65157,0.44490585,0.5550941
49533,0.842282,0.15771799
58917,0.54201955,0.45798048
30677,0.05389383,0.9461062
19077,0.007376146,0.9926239
14408,0.0031123918,0.9968876
51545,0.7884494,0.21155062
39598,0.315581,0.684419
37684,0.41987845,0.5801216
41881,0.0035385417,0.99646145
17778,0.0018570599,0.99814296
5718,0.73652065,0.26347935
23749,0.042148653,0.9578513
50772,0.5175494,0.48245063
14055,0.0009033866,0.99909663
52833,0.60943705,0.39056295
7103,0.0069799093,0.9930201
60365,0.71823424,0.28176582
58729,0.9349228,0.06507722
24997,0.00061262184,0.9993874
35375,0.33382586,0.6661742
17972,0.0116338,0.9883662
3974,0.013874414,0.9861255
40183,0.0012430837,0.9987569
51684,0.86771536,0.13228466
13797,0.11115939,0.88884056
8060,0.577417,0.42258295
35724,0.36791244,0.6320876
40295,0.013893799,0.98610616
62991,0.84672016,0.15327983
38754,0.14236711,0.8576328
51606,0.9290003,0.07099969
10335,0.43501887,0.5649811
14881,0.015094724,0.9849053
59929,0.52195394,0.4780461
60641,0.6795921,0.32040793
53323,0.7323492,0.2676508
40023,0.107769586,0.89223045
53220,0.7951503,0.20484968
14774,0.083873,0.916127
42376,0.064987086,0.93501294
31222,0.0683505,0.93164957
2487,0.26083618,0.7391639
47866,0.6969972,0.30300272
31830,0.11928414,0.88071585
40669,0.020423142,0.9795768
26527,0.5133811,0.48661885
31292,0.13535435,0.86464566
57141,0.90453446,0.09546558
54042,0.7551331,0.2448669
12381,0.0052404674,0.9947595
29110,0.18771945,0.81228054
48006,0.794032,0.20596805
10101,0.6160924,0.38390765
31061,0.80849874,0.1915012
54936,0.5124294,0.4875706
61283,0.7459007,0.25409928
23675,0.0013245303,0.9986754
32531,0.26152954,0.7384705
15172,0.022103189,0.9778968
449,0.058238495,0.94176155
29809,0.0049663913,0.9950336
12065,0.21142453,0.7885755
37402,0.35651338,0.64348656
33323,0.3509741,0.6490259
44613,0.9696501,0.030349908
19848,0.0003584756,0.99964154
40733,0.07346582,0.9265342
30117,0.1371716,0.86282843
30072,0.0065991557,0.9934009
28613,0.33343092,0.6665691
16895,0.022582604,0.97741747
22276,0.020250073,0.9797499
42620,0.7061297,0.2938703
21691,0.07021208,0.92978793
8987,0.25473177,0.7452682
50468,0.85397094,0.14602898
7408,0.7653504,0.2346496
23644,0.3080578,0.69194216
22991,0.010741959,0.989258
7762,0.31030753,0.68969244
18912,0.0011893843,0.99881065
44091,0.9218829,0.0781171
14079,0.42277217,0.5772279
41408,0.01591668,0.98408335
31780,0.17981048,0.82018954
5277,0.8882781,0.11172192
3946,0.40847334,0.5915267
45181,0.9212769,0.07872308
60192,0.78012204,0.21987791
61643,0.91109246,0.08890751
34459,0.10401713,0.89598286
55217,0.74682707,0.25317296
679,0.09534743,0.90465254
59618,0.98547286,0.014527181
10322,0.5146123,0.4853877
5483,0.35177186,0.64822817
25,0.11347355,0.88652647
61674,0.71687895,0.28312102
62652,0.21542342,0.7845766
3297,0.21726456,0.7827354
38968,0.00045922078,0.9995408
18829,0.00185463,0.99814534
42988,0.85633606,0.143664
54103,0.83970875,0.16029121
22323,0.0076158633,0.99238414
45880,0.89830965,0.10169033
43605,0.6997285,0.3002715
18504,0.00063088164,0.9993691
53596,0.8548838,0.14511624
57256,0.91739976,0.0826002
15544,0.006894654,0.99310535
25590,0.7097179,0.29028207
57283,0.9474644,0.052535657
48052,0.66998905,0.33001098
46262,0.9774504,0.022549585
43920,0.85218984,0.1478102
62528,0.7255987,0.27440134
17693,0.016510732,0.9834893
42140,0.4235435,0.57645655
295,0.39675012,0.60324985
23849,0.0075427596,0.9924573
51909,0.80290496,0.19709508
46652,0.6015832,0.3984168
5628,0.5212602,0.47873983
48586,0.5120005,0.48799953
20214,0.015313789,0.98468626
9983,0.3356167,0.66438323
6895,0.43882278,0.5611772
36709,0.009114857,0.9908852
57861,0.9872491,0.012750956
15200,0.68481785,0.31518212
1476,0.07013779,0.92986226
56400,0.9209382,0.07906177
34142,0.16868109,0.8313189
59051,0.37372878,0.6262712
45191,0.8342123,0.1657877
11490,0.7828864,0.21711364
30070,0.0063038482,0.99369615
42438,0.022781681,0.9772183
35764,0.12208153,0.87791854
5711,0.87358654,0.12641346
58664,0.8364604,0.1635396
33569,0.385881,0.614119
146,0.08520213,0.9147979
46743,0.80965686,0.19034311
31124,0.071354814,0.9286452
28196,0.010172332,0.98982763
28960,0.19991063,0.8000894
37710,0.1780125,0.82198745
24282,0.00749156,0.9925085
1862,0.6318232,0.3681768
50450,0.94651043,0.0534895
39676,0.0014398154,0.99856025
16247,0.00037137832,0.99962854
37139,0.017519644,0.98248035
38875,0.010171189,0.98982877
10813,0.19247614,0.80752385
50319,0.7201788,0.2798212
50759,0.97279334,0.027206665
63430,0.030721676,0.9692784
47386,0.8842495,0.11575045
6858,0.49718294,0.50281703
38926,0.016435267,0.98356473
58433,0.9836573,0.016342651
43503,0.8269576,0.17304237
59154,0.19757666,0.8024234
57771,0.98862296,0.011377016
6590,0.92420226,0.0757977
27523,0.7368785,0.26312152
17636,0.0044950484,0.99550503
1833,0.693892,0.306108
15934,0.0055610077,0.994439
61750,0.8678902,0.13210985
22979,0.0048067663,0.99519324
11523,0.018911103,0.9810889
40470,0.00075299793,0.9992471
5486,0.8542335,0.14576654
21113,0.49308515,0.50691485
35162,0.7126444,0.28735557
57258,0.6562643,0.34373564
27240,0.028147869,0.9718522
55848,0.7830972,0.21690275
3276,0.47169507,0.52830493
54797,0.9541946,0.04580547
63881,0.5244346,0.47556534
928,0.099173404,0.9008266
1975,0.34843743,0.6515626
12664,0.0036397423,0.99636024
46688,0.6295521,0.37044787
55287,0.786631,0.21336898
15538,0.024981102,0.97501886
6773,0.38919422,0.6108058
50047,0.75629395,0.24370608
19629,0.0018281483,0.9981718
11161,0.036169853,0.9638302
17691,0.035356484,0.9646436
43363,0.87298435,0.1270157
9254,0.35064432,0.6493557
29650,0.53167856,0.46832144
39762,0.0013744053,0.99862564
20870,0.046944052,0.953056
14013,0.23684125,0.7631588
26649,0.008283043,0.9917169
51951,0.8215171,0.1784829
12472,0.59791493,0.402085
41244,0.035269354,0.9647307
8035,0.3726812,0.62731886
52442,0.15249486,0.8475052
30250,0.018729864,0.9812702
15533,0.40836388,0.5916362
20914,0.045409035,0.9545909
30728,0.24090548,0.75909454
11340,0.33246806,0.6675319
41961,0.14653803,0.853462
51114,0.6221887,0.3778113
6731,0.704489,0.295511
18488,0.0005398111,0.99946016
53379,0.78300834,0.21699168
28016,0.03586667,0.9641333
2831,0.18445858,0.8155414
32256,0.26877528,0.73122466
23604,0.0017436594,0.9982564
26728,0.0021686482,0.9978314
32958,0.35633948,0.6436605
52185,0.9829192,0.01708085
64024,0.83111775,0.16888218
20744,0.4757533,0.5242467
47020,0.50393903,0.49606097
42343,0.10805174,0.8919482
38645,0.008184209,0.99181575
11449,0.19056001,0.80944
31351,0.067965046,0.9320349
51474,0.85749966,0.14250034
32544,0.23478174,0.76521826
20210,0.0004091,0.99959093
53998,0.95301247,0.04698757
36863,0.002872155,0.99712783
41102,0.019148054,0.98085195
56239,0.8361559,0.16384405
43856,0.82765657,0.1723434
20633,0.098825105,0.9011749
9899,0.6544086,0.3455915
40851,0.0154148005,0.9845852
5902,0.24549021,0.75450975
12406,0.7007937,0.29920638
24916,0.029896585,0.9701034
61416,0.9945826,0.0054173875
25516,0.0006938131,0.9993062
19757,0.0034426798,0.99655735
30958,0.20494214,0.7950579
63971,0.9701901,0.02980993
41096,0.07789932,0.92210066
28378,0.07024912,0.9297509
27140,0.0075709964,0.99242896
37265,0.58876747,0.4112326
6807,0.83535355,0.1646464
30273,0.20809345,0.79190654
15091,0.04618422,0.9538158
14613,0.7386088,0.26139122
51635,0.9402679,0.05973202
56558,0.9118196,0.08818038
14579,0.05484659,0.9451534
37986,0.008735043,0.9912649
31081,0.064427726,0.9355723
18381,0.009630477,0.9903695
61759,0.9975418,0.0024582518
11085,0.19698246,0.80301756
58221,0.9783692,0.021630853
64155,0.60510314,0.39489684
40373,0.016337072,0.98366296
42953,0.102320425,0.89767957
25168,0.051323034,0.948677
10050,0.53941894,0.46058106
10740,0.302288,0.697712
39152,0.012530693,0.9874693
2446,0.5427244,0.45727563
54436,0.9706537,0.029346215
24389,0.0054271286,0.99457294
56647,0.89451873,0.10548126
55105,0.42798352,0.5720165
14454,0.77300334,0.22699666
44815,0.9286618,0.07133816
13477,0.9408386,0.059161454
2041,0.81922513,0.18077487
19277,0.008106201,0.9918938
58575,0.802724,0.19727597
40022,0.043542616,0.95645744
45935,0.9664523,0.033547677
9474,0.10188036,0.8981196
59649,0.30668798,0.693312
39419,0.098106734,0.9018932
61929,0.7708811,0.22911884
56238,0.90735614,0.09264392
21084,0.088114426,0.9118856
13153,0.018482028,0.981518
38146,0.0013969523,0.99860305
24853,0.17375013,0.82624984
46194,0.6105407,0.38945928
22317,0.004417617,0.9955824
7337,0.3487543,0.6512458
43162,0.044196934,0.95580304
46413,0.9200526,0.079947405
22124,0.083180904,0.9168191
39244,0.005697692,0.9943023
39391,0.08408977,0.9159102
20734,0.4815461,0.5184539
29735,0.0019176434,0.9980824
59472,0.64341795,0.356582
7947,0.6237908,0.37620917
24163,0.0008430785,0.99915695
56176,0.7418699,0.25813007
8678,0.49303824,0.50696176
20827,0.19016837,0.8098317
12811,0.6247298,0.37527022
4386,0.50623286,0.49376714
56216,0.81171685,0.18828318
3123,0.9347308,0.06526916
9105,0.21794601,0.78205395
13049,0.0073026232,0.9926974
10851,0.36934033,0.63065964
64233,0.87914515,0.120854825
51175,0.7021303,0.2978697
27790,0.012399845,0.9876002
54257,0.8034635,0.19653653
45136,0.79750067,0.20249934
31155,0.12915777,0.8708422
32063,0.19255623,0.8074438
10416,0.55053216,0.44946784
20114,0.000760334,0.9992397
52175,0.72082686,0.27917317
20226,0.0018167746,0.9981832
2791,0.8677511,0.13224892
3295,0.055580016,0.9444199
11768,0.14440212,0.8555979
33861,0.1975976,0.8024024
11259,0.03280846,0.9671915
62389,0.9671464,0.032853644
54976,0.45380753,0.5461925
19269,0.014605222,0.98539484
54034,0.4705821,0.5294179
22883,0.031516157,0.96848387
27513,0.6466264,0.35337356
32501,0.2751327,0.7248673
53532,0.28063634,0.7193637
57911,0.98443246,0.015567549
37306,0.017331367,0.98266864
42758,0.07395842,0.9260416
4770,0.5787516,0.42124835
36720,0.15727925,0.8427208
32745,0.106821194,0.8931788
40776,0.16385229,0.8361477
1076,0.39501885,0.6049811
20127,0.0012872387,0.9987128
20714,0.074820265,0.9251797
1628,0.58026457,0.41973543
9149,0.45950052,0.54049945
51132,0.93901986,0.060980123
9719,0.072638415,0.9273616
4010,0.47062272,0.5293773
10677,0.05519677,0.9448032
9817,0.30659348,0.6934065
48080,0.18598236,0.81401765
60325,0.47127473,0.52872527
28850,0.10660514,0.8933949
37663,0.13773301,0.86226696
25493,0.2611027,0.7388973
18989,0.017612053,0.98238796
62328,0.6408567,0.35914335
10701,0.57017356,0.42982647
63946,0.96230435,0.037695702
11305,0.0043152655,0.99568474
4563,0.47681338,0.5231866
49848,0.8807259,0.11927411
16358,0.0008029601,0.99919707
28316,0.24579716,0.75420284
54482,0.80078566,0.19921435
29022,0.08484997,0.91515
25354,0.001279093,0.9987208
33511,0.29074222,0.70925784
19692,0.010179703,0.98982024
44494,0.84236807,0.1576319
53989,0.85889155,0.14110845
21977,0.15304251,0.84695756
57652,0.99984264,0.00015728321
46738,0.33826554,0.66173446
54258,0.5963034,0.40369654
64070,0.8272257,0.17277431
55140,0.73841894,0.2615811
17283,0.005341865,0.9946582
42549,0.57433695,0.42566308
50833,0.73532313,0.26467687
24074,0.004645498,0.99535453
59952,0.7787185,0.2212815
38017,0.00094019924,0.99905986
1716,0.5462151,0.4537849
4265,0.0019907544,0.99800926
26926,0.0101513965,0.9898487
62297,0.8271305,0.17286944
26228,0.034322754,0.9656772
17461,0.021073645,0.97892636
11337,0.2377188,0.7622812
12350,0.013875676,0.9861244
11491,0.7085453,0.29145464
13468,0.30099097,0.699009
40100,0.016658796,0.98334116
54523,0.9602415,0.039758485
12263,0.004832601,0.9951674
23220,0.44410074,0.55589926
55758,0.1364078,0.8635922
55351,0.9083551,0.0916449
7176,0.8520165,0.14798346
64400,0.73955566,0.26044437
12326,0.30967537,0.6903246
15634,0.008881574,0.9911184
6386,0.6531801,0.34681985
30096,0.03272925,0.96727073
327,0.15567768,0.8443223
53766,0.54777825,0.45222175
531,0.47293374,0.5270663
12907,0.12847416,0.8715258
57856,0.9797332,0.020266825
61806,0.9734204,0.02657961
59726,0.6987289,0.30127108
38599,0.012151841,0.98784816
17062,0.0040207324,0.9959792
15898,0.0042950977,0.99570495
60369,0.64466137,0.35533863
17051,0.0059153233,0.99408466
62924,0.5374736,0.46252638
9427,0.49852955,0.50147045
60072,0.4390229,0.5609771
17027,0.009555873,0.9904441
50057,0.898352,0.101647995
25892,0.027246432,0.9727535
847,0.086482756,0.9135173
33727,0.21170309,0.78829694
32698,0.13071065,0.86928934
4187,0.000995997,0.99900407
51612,0.657529,0.34247103
27972,0.017153684,0.9828463
6939,0.012201251,0.9877987
4646,0.6707093,0.32929075
11995,0.62752455,0.37247542
33342,0.23406813,0.76593184
10094,0.5101851,0.48981482
23322,0.0033394787,0.9966606
16740,0.0075848894,0.99241513
3812,0.35214224,0.6478578
43973,0.6391441,0.36085588
63484,0.8224287,0.17757137
30360,0.010533857,0.98946613
50756,0.51653314,0.48346686
31321,0.10877047,0.8912295
9527,0.52361894,0.47638106
49074,0.960376,0.039624024
20365,0.36719477,0.6328052
54076,0.5855589,0.41444105
34000,0.25207996,0.74792004
4340,0.018798625,0.9812013
27736,0.006234431,0.9937656
31190,0.19047098,0.80952907
52931,0.6119147,0.3880853
25423,0.003728807,0.99627113
49526,0.85145915,0.14854087
54083,0.91106915,0.08893086
59209,0.50007313,0.49992687
5532,0.5141567,0.4858433
17942,0.0036048857,0.9963952
32625,0.08751613,0.9124838
39441,0.061222214,0.93877774
21777,0.15643169,0.8435683
18445,0.0026029253,0.99739707
35545,0.68593496,0.31406504
64798,0.8219845,0.17801543
40164,0.001649323,0.99835074
24891,0.2221377,0.77786225
47877,0.6656581,0.3343419
20278,0.00018229274,0.9998178
59996,0.05004537,0.9499547
12583,0.3679956,0.6320044
60181,0.8702564,0.12974356
34241,0.6943823,0.30561763
45936,0.88711673,0.112883285
37966,0.060934156,0.9390659
57179,0.9077747,0.092225246
19281,0.004847355,0.9951526
50236,0.61633146,0.38366854
13253,0.07175372,0.92824626
49954,0.917792,0.08220803
59638,0.6552481,0.34475195
7560,0.6797819,0.32021815
46638,0.8674899,0.13251008
61104,0.7870404,0.21295957
59076,0.68035364,0.31964633
2427,0.6354436,0.3645564
34590,0.33477867,0.6652214
57009,0.9922512,0.007748762
61801,0.8217228,0.17827721
57512,0.9888797,0.011120331
36023,0.30039102,0.699609
3031,0.48285535,0.5171446
50003,0.2569178,0.7430822
57115,0.960131,0.03986895
39257,0.09084298,0.909157
41987,0.8275083,0.17249168
51216,0.656261,0.34373894
18839,0.00063457614,0.9993654
5054,0.7879235,0.21207651
1487,0.39908597,0.60091406
7001,0.14537646,0.85462356
40595,0.028891316,0.97110873
14709,0.2969658,0.70303416
6897,0.5075243,0.4924757
50172,0.73641294,0.26358706
42825,0.7403713,0.2596287
504,0.739833,0.260167
62763,0.5507579,0.44924206
22848,0.0034262172,0.9965738
46857,0.7589109,0.24108909
41500,0.22919713,0.7708029
7763,0.61001575,0.38998422
42305,0.46672767,0.5332723
38874,0.0015576548,0.99844235
16179,0.08219867,0.9178014
20240,0.0037106215,0.9962894
43451,0.9655754,0.034424677
16795,0.06973944,0.9302606
64950,0.77442235,0.2255776
33312,0.32010055,0.6798995
49490,0.8076096,0.19239034
42940,0.0014923272,0.9985077
14766,0.026352497,0.9736475
44174,0.76515484,0.23484524
49698,0.8649,0.1351
30344,0.6448666,0.35513338
21014,0.54209656,0.45790341
47237,0.95763254,0.04236744
32107,0.10182273,0.8981772
18352,0.0022241762,0.99777585
21180,0.06454959,0.93545043
60045,0.2574518,0.74254817
10518,0.2847394,0.7152606
62736,0.8865674,0.11343255
53344,0.6592554,0.34074467
964,0.49845526,0.5015448
40321,0.008179821,0.9918202
52319,0.5015607,0.4984393
65052,0.8525897,0.14741024
26136,0.15985097,0.840149
9506,0.35720173,0.64279824
61092,0.97475237,0.0252476
15365,0.43188778,0.56811225
25903,0.087152064,0.91284794
13651,0.4523328,0.5476672
55609,0.55387396,0.446126
50659,0.6521277,0.3478723
6397,0.6613317,0.33866823
54387,0.82097447,0.17902552
2938,0.9032195,0.09678052
13540,0.0026450497,0.997355
4636,0.85824436,0.14175569
3681,0.76998794,0.2300121
32865,0.3069166,0.6930834
33577,0.2924605,0.7075395
32045,0.08234452,0.91765547
14646,0.27052334,0.72947663
6578,0.95333886,0.046661135
23933,0.0027124353,0.99728763
42120,0.10861224,0.89138776
10521,0.77947825,0.2205217
20316,0.047363564,0.9526365
24423,0.00803345,0.9919666
64566,0.8122039,0.1877961
2407,0.8342847,0.16571528
25912,0.011285466,0.9887145
35712,0.22670433,0.7732957
50467,0.953877,0.046123
33710,0.25059718,0.74940276
30779,0.0039041836,0.99609584
42439,0.2655594,0.73444057
15896,0.0021731167,0.9978269
56447,0.8968496,0.10315048
5931,0.4960514,0.5039486
64328,0.7953757,0.20462434
55097,0.49780256,0.5021974
2389,0.5100343,0.4899657
32452,0.11447696,0.8855231
58516,0.9787241,0.021275869
62383,0.7545266,0.24547337
25572,0.054039996,0.94596004
4977,0.042925227,0.95707476
65107,0.18319507,0.81680495
53385,0.4784736,0.5215264
51355,0.87207425,0.12792572
2194,0.8259894,0.17401057
42665,0.12512529,0.8748748
47686,0.4174478,0.5825522
23510,0.02914443,0.9708556
39723,0.0031446205,0.9968554
12989,0.32827663,0.67172337
23885,0.038312063,0.961688
51661,0.7669705,0.23302944
54190,0.6516538,0.34834617
35226,0.8837434,0.11625664
64486,0.71695554,0.2830444
14713,0.7921724,0.20782767
8708,0.16812277,0.8318773
2284,0.5304975,0.4695025
38880,0.015443712,0.9845563
28274,0.07813248,0.9218675
2752,0.73174673,0.26825324
23741,0.03831665,0.96168333
44632,0.96378297,0.036217045
45275,0.84389406,0.15610592
55132,0.92201483,0.0779852
51084,0.76981914,0.23018089
52063,0.6884662,0.31153384
43513,0.8503891,0.14961086
46397,0.95366955,0.046330478
5629,0.8999254,0.10007461
3445,0.7829517,0.21704829
50578,0.74084735,0.25915262
21190,0.08829923,0.9117008
52901,0.9817707,0.018229295
9593,0.6392087,0.3607913
24618,0.0018946427,0.9981053
61125,0.96432674,0.03567327
45779,0.5279483,0.47205165
45950,0.7054317,0.29456827
35137,0.6252638,0.37473622
58946,0.65913457,0.34086543
4537,0.7332196,0.2667804
30526,0.0029700764,0.9970299
27984,0.021896448,0.9781035
17886,0.0040867985,0.9959132
54863,0.8984296,0.10157043
5810,0.79965246,0.20034753
6959,0.7309007,0.26909927
53214,0.94509506,0.054904904
32773,0.35803908,0.6419609
4598,0.81108636,0.1889136
28646,0.011996132,0.98800385
20564,0.18760708,0.81239295
13194,0.6379355,0.36206448
51594,0.65995646,0.34004354
39217,0.0011801943,0.99881977
17127,0.012369372,0.98763067
9281,0.8068991,0.19310091
44860,0.96126515,0.038734827
29300,0.06974717,0.93025285
4750,0.88140655,0.11859347
29714,0.25145647,0.74854356
9313,0.087594785,0.91240525
62296,0.66872925,0.33127072
8086,0.43588465,0.56411535
27871,0.50427115,0.49572882
53622,0.8199152,0.18008476
44711,0.8564589,0.14354108
42097,0.02237416,0.9776258
45582,0.70564425,0.29435572
42740,0.079714194,0.9202859
41085,0.012117715,0.98788226
43907,0.72841316,0.27158684
46405,0.86192113,0.13807885
57097,0.8883433,0.111656755
54046,0.58122414,0.4187759
13564,0.11364113,0.8863589
47236,0.72948086,0.27051917
27822,0.022357058,0.977643
36049,0.02036234,0.9796377
30866,0.050420124,0.9495799
64217,0.95174307,0.048256952
51060,0.7922079,0.2077921
10683,0.11799865,0.88200134
38152,0.00033336398,0.9996667
75,0.039547835,0.96045214
3155,0.6958373,0.30416265
48372,0.50346315,0.49653688
39859,0.00885337,0.9911466
27010,0.08320942,0.91679054
5681,0.7912082,0.20879182
5258,0.9282854,0.07171464
24302,0.0014198938,0.9985801
2849,0.9329153,0.06708468
21608,0.5594923,0.44050774
45061,0.93713117,0.062868804
11928,0.016994214,0.9830058
9080,0.4344682,0.5655318
47860,0.79194117,0.20805891
60002,0.19555122,0.8044488
38795,0.001544566,0.9984554
55669,0.646698,0.35330197
55037,0.62669814,0.3733019
51990,0.58292204,0.41707802
64495,0.7890515,0.2109485
26360,0.007041549,0.9929584
45006,0.961918,0.038081966
42608,0.7773591,0.22264095
3270,0.84201324,0.15798675
6502,0.943714,0.056285996
41912,0.001782785,0.99821717
36700,0.013728729,0.98627126
62584,0.99781585,0.0021840837
24377,0.007214762,0.9927852
37141,0.13169919,0.8683008
46480,0.83753496,0.16246496
56347,0.79289323,0.20710681
2201,0.504746,0.49525398
63566,0.90230185,0.097698234
11208,0.031092498,0.9689075
18,0.072928175,0.92707187
63849,0.30722502,0.69277495
38937,0.1444922,0.8555078
15018,0.454097,0.545903
17143,0.027574502,0.97242546
33492,0.21339308,0.78660697
3268,0.02250222,0.97749776
63036,0.8929004,0.10709967
55451,0.5409177,0.45908234
16176,0.19538687,0.8046131
64573,0.78733635,0.21266365
27934,0.04423446,0.95576555
27326,0.023323415,0.9766766
48510,0.897624,0.102375925
44416,0.8411481,0.15885194
7687,0.06908213,0.93091786
24549,0.0017685874,0.9982315
16299,0.13212462,0.86787534
13771,0.00033213498,0.9996679
17540,0.003938326,0.9960616
8689,0.39619896,0.6038011
40055,0.0013068869,0.99869317
45229,0.59073764,0.40926236
40751,0.022003444,0.9779965
63431,0.05750149,0.9424985
25003,0.020440461,0.97955954
47602,0.65155166,0.3484483
47170,0.34693593,0.6530641
47699,0.78158,0.21842003
18459,0.007769019,0.99223095
21072,0.21819492,0.78180516
15628,0.01033974,0.98966026
4431,0.8625767,0.13742326
606,0.2033309,0.7966691
15891,0.020079678,0.9799203
62794,0.79302603,0.20697394
36905,0.0063997875,0.99360025
60083,0.808912,0.19108807
33846,0.33657295,0.66342705
53087,0.5942372,0.40576282
15166,0.007813275,0.99218667
31379,0.05583034,0.9441696
53412,0.6523588,0.34764126
19547,0.002737279,0.9972627
28162,0.0014563384,0.99854374
55766,0.5472467,0.45275334
10233,0.6031292,0.39687082
11178,0.001535535,0.99846447
22833,0.007117269,0.9928827
63476,0.7087713,0.29122874
50323,0.33353034,0.66646963
8437,0.77913487,0.22086509
34831,0.6601568,0.33984327
53584,0.81604654,0.18395351
1243,0.7786864,0.22131355
7849,0.3740205,0.62597954
5891,0.6575646,0.34243542
11361,0.0961099,0.9038901
21630,0.006081331,0.99391866
12109,0.59331834,0.4066816
8111,0.38915357,0.6108464
57548,0.99969244,0.00030761724
38432,0.033953834,0.9660462
19442,0.0016733921,0.9983266
59104,0.37794414,0.6220558
38798,0.0005619186,0.9994381
51245,0.8634441,0.13655595
63449,0.12722725,0.87277275
49854,0.86225045,0.13774952
13976,0.26086125,0.7391388
42125,0.04310494,0.95689505
25741,0.23514229,0.7648577
24790,0.2295704,0.77042955
8442,0.95515233,0.044847723
40523,0.0040412354,0.99595875
19652,0.0005702369,0.99942976
17337,0.006291256,0.9937087
42391,0.0032509195,0.99674904
51819,0.8739992,0.1260009
56758,0.9551791,0.04482091
4981,0.62689614,0.37310386
26829,0.22406468,0.7759353
63885,0.03299436,0.96700567
53657,0.9399266,0.060073446
12299,0.6289574,0.3710426
25871,0.052053068,0.9479469
64234,0.86154836,0.13845164
28509,0.64810693,0.35189307
64007,0.9589451,0.041054953
14113,0.003904807,0.99609524
7378,0.6052489,0.39475107
51161,0.76789063,0.23210932
23052,0.0090336865,0.9909663
47541,0.69273764,0.30726233
45750,0.91517717,0.08482287
6052,0.8216054,0.17839465
37271,0.11647211,0.88352793
56840,0.99471766,0.005282376
60145,0.12777962,0.87222034
24068,0.0022341688,0.9977658
61319,0.819613,0.18038704
45030,0.8949441,0.10505595
23200,0.0018122195,0.9981877
37972,0.024166083,0.97583395
5837,0.42458647,0.57541347
11196,0.43407723,0.5659228
30616,0.29650077,0.70349926
15240,0.1258146,0.8741854
39620,0.0006424972,0.9993575
29508,0.54480404,0.455196
26243,0.019930538,0.9800695
61268,0.87111515,0.1288849
29228,0.16933824,0.8306618
10841,0.61759967,0.38240033
7605,0.61217564,0.38782436
46632,0.7027179,0.29728207
45620,0.36510885,0.6348911
31114,0.0052346014,0.9947654
55057,0.5669792,0.43302077
55961,0.8589295,0.14107047
28427,0.0025648496,0.99743515
14259,0.33207172,0.6679283
24443,0.0025236532,0.9974763
2055,0.48328212,0.5167179
12670,0.09230556,0.90769446
11425,0.028634602,0.97136545
33071,0.8864745,0.113525465
3437,0.6557249,0.3442751
4927,0.31530172,0.6846982
22933,0.016630763,0.9833693
28190,0.0017998464,0.9982002
13606,0.4859398,0.5140602
19325,0.014890148,0.9851098
35118,0.46380594,0.536194
59082,0.80873704,0.19126292
17442,0.0023255001,0.9976745
563,0.064199895,0.93580014
41859,0.16494401,0.83505595
5572,0.48648095,0.51351905
23414,0.014364597,0.9856354
27401,0.08023658,0.91976345
34375,0.41638064,0.5836194
42696,0.014934333,0.98506564
51240,0.68381745,0.31618255
53429,0.4747581,0.5252419
10373,0.7186183,0.28138173
59197,0.22152609,0.778474
14303,0.5814727,0.41852728
65078,0.73192346,0.2680765
41928,0.014390591,0.98560935
2822,0.4624686,0.5375314
13334,0.5888941,0.41110587
4840,0.7782074,0.22179261
48498,0.826294,0.17370598
56125,0.97376573,0.026234293
42275,0.026740612,0.9732593
13948,0.15755354,0.84244645
28741,0.11033211,0.88966787
26356,0.0019463495,0.99805367
35943,0.0028814194,0.9971186
46446,0.835715,0.164285
33309,0.2132344,0.7867656
3140,0.3008585,0.69914156
17920,0.017093696,0.9829063
52456,0.7123968,0.28760314
20211,0.0033389628,0.99666107
30624,0.03207275,0.9679272
32114,0.07651631,0.92348367
22769,0.0009951475,0.9990049
45598,0.9795982,0.020401815
54965,0.7698536,0.23014636
52291,0.6110216,0.38897845
44674,0.926808,0.073192015
36494,0.0010486345,0.9989513
10352,0.9433797,0.056620248
7618,0.72530013,0.2746999
11139,0.15342082,0.84657913
14597,0.4497418,0.5502582
50159,0.9235414,0.07645861
12088,0.0007665046,0.9992335
23514,0.060030848,0.9399691
55442,0.6170712,0.38292882
22882,0.008808494,0.99119145
4529,0.9258282,0.074171856
26152,0.12159826,0.8784017
33726,0.30449817,0.69550186
50724,0.6208483,0.3791517
4143,0.38898432,0.6110156
24236,0.0021346726,0.9978654
16801,0.006262521,0.99373746
20034,0.00034232295,0.99965763
13248,0.01147528,0.98852473
4561,0.85555243,0.14444752
24058,0.0025066424,0.9974934
43885,0.72347796,0.2765221
7867,0.11716045,0.88283956
24988,0.022231808,0.97776824
7057,0.37951338,0.6204866
63073,0.94062275,0.05937728
64739,0.763758,0.23624197
14541,0.8303654,0.16963461
1218,0.5878057,0.4121943
5729,0.906127,0.09387302
9478,0.86628467,0.13371527
37960,0.011417116,0.98858285
29509,0.015865965,0.984134
11904,0.41207066,0.58792937
22148,0.042033624,0.9579664
53492,0.8879874,0.112012655
38888,0.0011963807,0.9988036
23562,0.004368942,0.9956311
46806,0.45925564,0.5407444
29925,0.15054512,0.8494549
44865,0.96097857,0.039021425
64226,0.8296884,0.17031163
21699,0.6491275,0.3508725
58067,0.99462837,0.005371684
64150,0.41549945,0.58450055
51691,0.71805286,0.2819471
64109,0.8885394,0.11146066
7626,0.410448,0.589552
24328,0.0011353797,0.99886465
7715,0.02523528,0.97476476
42176,0.00971927,0.99028075
27739,0.045448888,0.95455116
35001,0.7870404,0.21295957
56852,0.97709835,0.022901725
3572,0.7023247,0.29767534
54305,0.74211043,0.25788954
60267,0.50915176,0.4908482
54447,0.9157467,0.08425332
24515,0.086355634,0.9136443
21067,0.07294515,0.9270549
33585,0.3603766,0.63962334
8199,0.40622145,0.59377855
54235,0.73321897,0.26678103
36861,0.00662879,0.99337125
26852,0.004405407,0.99559456
52800,0.7519284,0.24807155
64606,0.75040567,0.24959432
41641,0.058926653,0.9410733
68,0.043912206,0.95608777
47717,0.95107347,0.048926495
61545,0.6759,0.3241
25130,0.0049869996,0.99501294
18923,0.0014926683,0.9985073
31025,0.13823718,0.8617628
21789,0.37212434,0.6278756
30437,0.002234592,0.9977654
57212,0.9775195,0.022480557
57252,0.94589686,0.054103088
36948,0.08628886,0.9137111
54106,0.3715197,0.6284803
21470,0.13503861,0.8649613
41425,0.005858608,0.9941414
61864,0.9412561,0.058743905
15423,0.30952635,0.6904737
30669,0.012865194,0.98713475
20146,0.0007009172,0.99929905
14522,0.35459885,0.6454012
18492,0.003540072,0.9964599
26796,0.19768073,0.8023192
20249,0.021938836,0.9780612
25900,0.12819232,0.8718077
42903,0.0098645585,0.9901355
22198,0.006959276,0.9930407
50362,0.53824615,0.46175388
2027,0.62483996,0.37516004
10798,0.37560526,0.6243947
20543,0.33032328,0.6696767
56264,0.8407313,0.15926866
11083,0.44887558,0.55112445
8490,0.9654839,0.03451603
25071,0.010209406,0.9897906
33135,0.21845609,0.7815439
26358,0.0024217246,0.9975783
21281,0.22176659,0.77823347
29775,0.004335119,0.9956649
64975,0.8133925,0.18660751
49180,0.5706287,0.42937127
12586,0.50110435,0.49889562
38448,0.006371242,0.9936287
11819,0.10632453,0.89367545
50285,0.9175848,0.08241525
14033,0.24338965,0.7566103
48342,0.91374815,0.086251885
35709,0.19127403,0.80872595
33420,0.15821455,0.84178543
41868,0.82511795,0.17488207
15507,0.0044513247,0.9955487
64785,0.7585822,0.24141787
20493,0.56643456,0.43356547
65092,0.7943736,0.2056264
36830,0.011368637,0.9886313
44418,0.81754655,0.18245344
3154,0.14738545,0.8526146
18071,0.0062201223,0.99377984
4173,0.67868674,0.32131326
13567,0.8065194,0.19348063
23256,0.0029490914,0.9970509
57086,0.9961461,0.0038539611
17013,0.0065813866,0.9934187
9171,0.42174998,0.57825
34736,0.52070767,0.4792923
817,0.5038583,0.49614173
43353,0.55284107,0.4471589
36053,0.023480143,0.9765198
56453,0.9260436,0.07395641
8337,0.7813875,0.21861249
28074,0.034745,0.96525496
7249,0.681207,0.31879294
38646,0.023718784,0.9762813
55915,0.93770725,0.062292725
21475,0.16111767,0.8388824
52962,0.8457584,0.15424162
47887,0.17208208,0.82791793
22851,0.018720197,0.98127985
26429,0.38063446,0.6193656
23362,0.0010113203,0.9989887
45262,0.91951835,0.08048165
7078,0.08348585,0.9165141
44286,0.74420506,0.25579494
64089,0.90634584,0.093654126
64139,0.932152,0.067848004
5589,0.84047794,0.15952203
38237,0.036111284,0.96388876
31858,0.057236966,0.942763
7941,0.1263175,0.87368244
12455,0.05451285,0.94548714
23681,0.041946176,0.9580538
28026,0.0045594196,0.9954406
46627,0.7831816,0.21681835
61239,0.8194771,0.18052296
32190,0.100220375,0.8997797
16819,0.0009330115,0.999067
29934,0.124388285,0.8756117
23694,0.15341918,0.84658086
62971,0.60726166,0.39273837
29208,0.00998358,0.9900164
47530,0.18998934,0.8100107
37344,0.038214583,0.96178544
38632,0.0053680525,0.9946319
21285,0.28971455,0.7102854
41201,0.019184671,0.9808153
46247,0.726637,0.273363
45514,0.98751897,0.0124811055
18414,0.0052046007,0.9947954
13732,0.22592504,0.7740749
27598,0.022496924,0.9775031
36367,0.05037197,0.94962806
4293,0.31047076,0.68952924
41522,0.091522574,0.9084774
1374,0.654724,0.34527603
42469,0.07702692,0.9229731
59265,0.61848915,0.38151085
38081,0.02200013,0.97799987
59535,0.44303063,0.55696934
44944,0.78085744,0.21914257
37629,0.02111225,0.97888774
23336,0.009280272,0.9907197
18038,0.0118243415,0.98817563
28231,0.14404212,0.85595787
25817,0.15762557,0.84237444
38405,0.031095825,0.9689042
7127,0.5860764,0.41392362
39969,0.004176965,0.995823
46137,0.882884,0.11711594
49043,0.3495448,0.6504552
22336,0.000467908,0.9995321
58806,0.95276934,0.047230702
148,0.087439105,0.9125609
47112,0.8057209,0.19427904
2565,0.48069322,0.5193067
23746,0.053684004,0.946316
17179,0.00200703,0.997993
18908,0.00792484,0.9920752
36393,0.0068289205,0.9931711
6674,0.7597138,0.24028614
15874,0.0051421816,0.9948578
53659,0.6111021,0.38889787
14004,0.0045521446,0.9954478
29718,0.057965375,0.9420346
60547,0.59742945,0.40257055
54690,0.43789247,0.5621075
39954,0.06549116,0.9345088
6527,0.9526004,0.047399532
33205,0.41277823,0.58722174
63035,0.8549179,0.14508219
43697,0.9628369,0.037163105
41674,0.03377023,0.9662298
59487,0.2778444,0.72215563
54751,0.9710816,0.028918367
63162,0.53418016,0.46581987
57702,0.99985754,0.00014238636
4635,0.0152767515,0.9847232
29466,0.0074990485,0.99250096
64985,0.81945306,0.18054695
22561,0.0019536037,0.9980464
51100,0.7040624,0.2959376
16442,0.025802167,0.9741978
34604,0.8113022,0.18869786
342,0.09979022,0.9002097
36101,0.0063247667,0.9936752
47769,0.77709544,0.22290453
16484,0.00048334958,0.9995166
10255,0.16697799,0.833022
12679,0.0014397269,0.99856025
54782,0.88160396,0.118396066
43358,0.8463096,0.15369041
20387,0.4462464,0.55375355
2980,0.09473647,0.9052635
19814,0.009369022,0.99063104
19593,0.0056753,0.9943246
51063,0.3734791,0.62652093
14967,0.25106183,0.7489382
62544,0.8005667,0.19943339
7833,0.012341783,0.9876582
31629,0.3338177,0.66618234
52997,0.9608234,0.039176628
8152,0.6274641,0.37253585
37780,0.007399343,0.9926006
33243,0.6384372,0.36156282
25218,0.018921558,0.98107845
36434,0.006753889,0.9932461
23539,0.008925293,0.99107474
65102,0.39973035,0.6002696
33968,0.13818702,0.86181295
53565,0.8332002,0.16679983
25209,0.010451431,0.98954856
20081,0.0005346735,0.9994653
28259,0.041903064,0.9580969
53295,0.82224005,0.17775996
63868,0.8058513,0.19414869
12633,0.46344224,0.5365578
21006,0.15421948,0.8457805
62212,0.7919275,0.20807244
22669,0.011104014,0.988896
7775,0.1985465,0.80145353
30125,0.49897847,0.50102156
6581,0.6912099,0.30879006
14586,0.81475776,0.1852423
13453,0.014715665,0.98528427
20022,0.00055651146,0.9994435
37114,0.017487751,0.98251224
16720,0.0026849334,0.9973151
25415,0.011976533,0.9880235
55042,0.4328361,0.56716394
18695,0.00037658116,0.9996234
20524,0.18827511,0.8117249
44697,0.9558567,0.04414335
210,0.5863666,0.4136334
11055,0.1962175,0.8037825
19086,0.0018733651,0.9981267
58350,0.9622901,0.03770994
34512,0.8082114,0.19178857
9933,0.5727591,0.42724088
23144,0.006951418,0.99304855
62569,0.83215207,0.16784792
12758,0.38576633,0.6142337
12250,0.50828993,0.49171007
42313,0.1657528,0.83424723
50481,0.9281768,0.071823105
11251,0.011879639,0.9881203
50619,0.9548109,0.04518911
6663,0.10194034,0.8980596
53132,0.6647265,0.33527353
55311,0.8705842,0.12941583
60411,0.73679656,0.26320344
15331,0.45337972,0.54662025
2599,0.87845963,0.12154029
58883,0.6974346,0.30256537
24990,0.0016059881,0.99839395
16494,0.0037678115,0.9962322
57363,0.9772399,0.022760067
62159,0.86829764,0.13170236
56073,0.9986883,0.0013117092
50644,0.64912945,0.35087058
31771,0.07442461,0.9255754
8933,0.38868928,0.61131066
2091,0.94172525,0.05827478
3765,0.21776937,0.7822306
52773,0.66867673,0.33132324
13324,0.05952275,0.9404773
41782,0.021855127,0.97814494
9014,0.028683636,0.9713164
60272,0.37536266,0.6246373
53635,0.88317984,0.11682019
7590,0.794029,0.20597103
48542,0.627628,0.372372
29345,0.050944507,0.94905555
51660,0.83352953,0.16647042
21093,0.16487741,0.83512264
33402,0.20936862,0.7906314
19974,0.0027524894,0.9972475
13517,0.0025203847,0.9974796
6805,0.2793379,0.7206621
43654,0.9746932,0.025306862
18749,0.0019041997,0.9980958
49358,0.27206433,0.7279356
2214,0.4766089,0.5233911
50167,0.6296244,0.37037557
1906,0.7608534,0.23914663
6048,0.6081237,0.39187628
56406,0.91048133,0.08951864
25844,0.046655703,0.9533443
63157,0.1684052,0.8315948
32591,0.068890154,0.93110985
57318,0.9908959,0.009104091
63339,0.3633181,0.6366819
32440,0.105288625,0.8947114
113,0.30014408,0.699856
22107,0.077515505,0.92248446
15664,0.0024878392,0.9975121
20693,0.13796443,0.8620356
60694,0.376816,0.623184
60904,0.96243364,0.03756641
9213,0.7972909,0.20270905
22040,0.3701982,0.6298018
52758,0.7676117,0.2323883
19407,0.00079138676,0.9992086
17237,0.0025171584,0.99748284
34968,0.4732792,0.52672076
32179,0.119706236,0.8802938
36112,0.008235599,0.99176437
61414,0.60726166,0.39273837
46788,0.75050086,0.2494991
49873,0.88255376,0.117446244
58963,0.081359416,0.9186406
20864,0.084876835,0.91512316
49578,0.92793155,0.07206844
15521,0.0022619918,0.997738
37708,0.12016838,0.8798317
42146,0.8442257,0.15577433
4782,0.0777131,0.9222869
42628,0.71427023,0.28572983
42196,0.83143437,0.16856569
39778,0.00089740776,0.9991026
2589,0.5563341,0.44366595
8564,0.6605821,0.33941793
33010,0.2856473,0.71435267
55452,0.31719196,0.68280804
1898,0.8406206,0.15937948
63335,0.27710116,0.72289884
23162,0.3680663,0.6319337
37930,0.07662501,0.923375
55310,0.35306853,0.64693147
34545,0.473825,0.526175
51043,0.79408604,0.205914
21108,0.6048204,0.3951796
37993,0.002285957,0.99771404
56831,0.99671364,0.0032864017
39812,0.00059701747,0.999403
39807,0.0019569825,0.99804294
59160,0.014672807,0.98532724
36400,0.0076735397,0.9923265
51530,0.5200443,0.47995573
25632,0.042990226,0.9570098
44694,0.93668205,0.06331794
56725,0.8250332,0.17496681
27350,0.009386997,0.990613
63497,0.43063012,0.5693699
41854,0.017386803,0.9826132
29193,0.061147083,0.93885297
57370,0.9810029,0.018997109
27373,0.04937273,0.95062727
17578,0.00082438433,0.9991756
16507,0.044564083,0.95543593
9940,0.7714,0.22860003
36606,0.27757034,0.7224297
25797,0.11443033,0.88556963
33851,0.52492696,0.47507307
15310,0.64808065,0.35191932
60592,0.35975933,0.6402407
9120,0.7781283,0.22187163
5458,0.8020859,0.19791414
19026,0.0018744353,0.9981256
31435,0.34229213,0.6577079
34233,0.34737796,0.65262204
60640,0.5399235,0.46007648
50424,0.944877,0.055122953
57316,0.99958247,0.00041755053
55735,0.3887977,0.61120236
31422,0.26705378,0.7329462
11203,0.023256414,0.9767436
7900,0.5548566,0.44514343
25627,0.09767022,0.9023298
14874,0.64385885,0.35614118
43554,0.9912425,0.008757433
60040,0.28357255,0.71642745
52873,0.83394015,0.16605984
5946,0.8717406,0.12825944
19573,0.001338625,0.9986614
46871,0.7321742,0.26782578
20073,0.0005245982,0.9994754
26774,0.55878264,0.44121736
63354,0.54206955,0.4579304
60496,0.5208141,0.47918585
9156,0.21785565,0.78214437
61635,0.6408567,0.35914335
44298,0.94253474,0.057465326
8164,0.86352277,0.13647722
46948,0.93365484,0.066345096
64693,0.84207195,0.1579281
43252,0.81707,0.18292995
10862,0.56698936,0.43301064
1921,0.40983686,0.5901631
32721,0.3018604,0.6981396
62235,0.87499356,0.12500645
38519,0.09544979,0.90455025
29944,0.10890113,0.8910989
38186,0.00441107,0.9955889
31388,0.3209589,0.6790411
46315,0.9061514,0.093848586
38771,0.0017260729,0.99827397
16978,0.0024031673,0.9975968
61113,0.7822773,0.21772273
48134,0.9608487,0.03915126
31666,0.20065494,0.799345
24969,0.0055154744,0.9944845
38032,0.03866709,0.96133286
12768,0.7046379,0.29536214
34058,0.37185737,0.62814265
49366,0.93009245,0.069907494
51616,0.9335027,0.06649738
18506,0.009865694,0.9901343
35612,0.8406017,0.15939829
6067,0.8175113,0.18248866
1783,0.39120895,0.608791
62376,0.8505944,0.14940557
44115,0.77992755,0.22007245
31447,0.27856496,0.72143507
40045,0.018912746,0.98108727
36580,0.31959906,0.6804009
50607,0.9639128,0.036087245
53174,0.48775485,0.5122451
19932,0.00051378016,0.9994862
19307,0.00083367585,0.99916637
58129,0.9961582,0.003841856
40886,0.0030462197,0.9969537
45305,0.6953132,0.30468675
47685,0.9241942,0.075805776
13358,0.46832556,0.53167444
33633,0.45516917,0.54483086
12142,0.102752194,0.8972478
25669,0.47593254,0.52406746
8701,0.8956424,0.10435759
27392,0.07914689,0.9208531
10694,0.737081,0.262919
266,0.2661432,0.7338568
27033,0.00052650645,0.9994735
42950,0.014328993,0.985671
38844,0.0082584545,0.99174154
63599,0.9382526,0.06174733
41744,0.14365377,0.8563462
36294,0.11486832,0.88513166
7035,0.8897357,0.11026431
41535,0.025204502,0.97479546
53623,0.8106826,0.18931739
65048,0.856456,0.14354402
56093,0.9580147,0.04198527
56566,0.8793421,0.120657906
16028,0.023283845,0.97671616
53235,0.7224118,0.27758816
15973,0.058992933,0.94100714
19765,0.00057548785,0.9994246
43986,0.7181329,0.28186706
4929,0.8595854,0.14041461
5487,0.29794908,0.70205086
40028,0.49668062,0.5033194
5350,0.61511344,0.38488662
50013,0.77724546,0.22275451
53422,0.7905774,0.20942259
44727,0.86792994,0.1320701
17700,0.04101902,0.9589809
28189,0.0068468475,0.9931532
49413,0.92900187,0.0709981
57897,0.9765437,0.023456333
4834,0.66449386,0.33550617
13436,0.23615174,0.7638483
30506,0.0038985836,0.9961014
32312,0.5502226,0.44977736
54754,0.7761957,0.22380424
4066,0.7163898,0.28361028
45121,0.8830761,0.11692388
11766,0.7490998,0.25090018
1171,0.46728143,0.53271854
16799,0.0053068562,0.9946931
36307,0.1265324,0.87346756
20456,0.5406776,0.45932236
28144,0.0059195645,0.99408036
40677,0.004012442,0.9959876
545,0.28632635,0.71367365
46859,0.62453556,0.37546444
32934,0.43360096,0.56639904
5861,0.7516628,0.24833722
15903,0.009050704,0.99094933
63282,0.21048215,0.7895178
23734,0.02276344,0.9772365
23592,0.0049377303,0.9950623
40660,0.05151342,0.94848657
39005,0.0019109524,0.998089
48193,0.96681935,0.03318071
34791,0.89926827,0.10073175
1656,0.7550494,0.24495056
7568,0.32464933,0.6753507
34608,0.6397577,0.36024225
32299,0.2824905,0.7175095
18149,0.009113452,0.99088657
20270,0.002749643,0.9972504
30368,0.00440628,0.9955937
12757,0.011324865,0.9886751
40555,0.0009974493,0.9990025
56335,0.81842655,0.18157345
35284,0.8406017,0.15939829
29032,0.0004498921,0.99955004
5399,0.28244355,0.7175565
8533,0.07567697,0.9243231
18168,0.009487245,0.9905128
12118,0.67361474,0.32638526
41051,0.16028114,0.8397188
34509,0.7615417,0.23845828
27722,0.0023846196,0.99761546
50109,0.7227267,0.27727333
52867,0.7168663,0.28313372
31967,0.0642508,0.93574923
50069,0.72547185,0.27452815
59239,0.53635526,0.46364474
406,0.28111312,0.7188869
39069,0.054861136,0.9451388
4814,0.33360583,0.6663942
49752,0.6278994,0.3721006
28948,0.048148725,0.95185125
2247,0.38080874,0.6191913
54637,0.5311372,0.46886277
48469,0.9245275,0.07547243
53542,0.80737144,0.19262852
62552,0.8827654,0.117234595
38102,0.03561238,0.9643876
1097,0.7725993,0.22740074
10285,0.36104444,0.6389556
25300,0.003637189,0.99636286
4248,0.6744975,0.32550254
56741,0.96159726,0.03840277
39447,0.00028683984,0.9997131
14828,0.6847045,0.31529552
53800,0.7631206,0.23687942
44017,0.86563015,0.13436987
11996,0.13257343,0.8674265
8388,0.1336872,0.8663128
9913,0.06939594,0.93060404
43489,0.8711565,0.12884349
10705,0.27638796,0.723612
24243,0.0021310842,0.9978689
36279,0.03026599,0.96973395
6694,0.65402484,0.3459752
56254,0.96726716,0.032732878
6236,0.81053495,0.18946508
24239,0.0010786246,0.9989214
7477,0.50458866,0.4954113
26503,0.110887565,0.8891125
1739,0.5971486,0.4028514
61926,0.86853266,0.13146733
11042,0.1144912,0.8855088
58797,0.9907307,0.009269309
54748,0.7898014,0.21019861
9233,0.7802822,0.21971782
41585,0.102956586,0.8970434
20355,0.5450643,0.45493567
33583,0.52376723,0.47623274
21820,0.8927629,0.10723713
33619,0.28189483,0.7181052
8246,0.77732795,0.22267205
25986,0.037367232,0.9626328
43689,0.8857419,0.114258125
22540,0.0053323596,0.99466765
41243,0.0072950423,0.9927049
26368,0.08664625,0.91335374
61039,0.99906284,0.0009371373
5453,0.27541077,0.7245892
12807,0.74336845,0.25663155
40133,0.0016013653,0.9983986
19279,0.00079424784,0.99920577
38076,0.038808107,0.9611919
16398,0.0010232438,0.9989768
29790,0.005217096,0.99478287
61371,0.9984794,0.0015206091
38367,0.074421026,0.92557895
63468,0.7865352,0.21346481
3167,0.64622927,0.3537707
16097,0.00081533456,0.99918467
18632,0.00035185192,0.9996481
23830,0.031740755,0.9682593
49676,0.93666667,0.06333331
23373,0.26313266,0.7368673
57277,0.94169736,0.058302656
51741,0.87678355,0.123216435
14142,0.059410192,0.94058985
62331,0.9974005,0.0025994661
52776,0.55702764,0.44297236
35680,0.020858638,0.9791414
40584,0.07824927,0.9217507
50546,0.7598806,0.24011935
20498,0.8057228,0.19427718
24506,0.0026301236,0.9973699
21129,0.15504953,0.84495044
55000,0.8590833,0.14091676
50165,0.83929145,0.16070859
36767,0.009382838,0.9906172
50111,0.81284094,0.1871591
17946,0.0017606013,0.9982394
30390,0.0044997167,0.99550027
22582,0.45351818,0.54648185
25774,0.3700056,0.62999433
64157,0.6314967,0.3685033
22579,0.1612545,0.83874553
18816,0.0033412504,0.9966588
432,0.020069554,0.9799304
28101,0.0018828401,0.9981172
46655,0.9386915,0.061308514
7876,0.40942895,0.59057105
15716,0.0069329664,0.993067
47085,0.64438665,0.35561335
55631,0.8924667,0.10753331
7329,0.06950377,0.9304963
26192,0.016531184,0.9834688
8167,0.5702186,0.42978135
13882,0.1695585,0.8304415
22278,0.019503789,0.9804962
61815,0.9382693,0.06173072
4127,0.703082,0.29691797
44376,0.9860321,0.013967847
48341,0.8516031,0.14839695
4157,0.14745292,0.85254705
34003,0.25538185,0.7446182
5903,0.015505541,0.9844945
55732,0.19251484,0.80748516
56343,0.850344,0.14965594
7157,0.34965834,0.6503417
9848,0.58954734,0.41045263
30227,0.2686783,0.7313217
13165,0.25298735,0.7470126
172,0.07444584,0.9255541
28145,0.0017275853,0.9982724
7760,0.17126971,0.8287302
51825,0.80755156,0.19244842
48806,0.4058731,0.59412694
56993,0.9881932,0.011806845
17023,0.039908737,0.96009123
25173,0.011893596,0.98810637
9745,0.0014393178,0.9985607
2381,0.5506643,0.4493357
33304,0.37515986,0.62484014
59913,0.7046737,0.2953263
12509,0.038755838,0.9612442
51520,0.42528835,0.5747116
21646,0.24803726,0.7519627
57679,0.99982125,0.00017872913
33635,0.33800444,0.6619956
49929,0.7769291,0.22307093
39626,0.00016235065,0.99983764
35351,0.5763923,0.42360768
38358,0.02772312,0.9722769
28438,0.0020227444,0.9979773
57829,0.9848793,0.0151207205
39646,0.0005596552,0.9994404
37747,0.21143775,0.7885622
50014,0.9565943,0.043405727
56119,0.846051,0.15394902
42222,0.057721015,0.9422789
37372,0.093281075,0.9067189
49309,0.6768324,0.32316762
49864,0.31502923,0.68497074
41626,0.046046384,0.95395356
41091,0.06885516,0.9311449
33771,0.33109406,0.6689059
43062,0.028378377,0.97162163
49679,0.96764195,0.032358
48334,0.8588833,0.14111662
34417,0.5585304,0.44146958
22912,0.0010459841,0.99895394
25044,0.12103696,0.87896305
36834,0.04390368,0.9560963
14578,0.5478359,0.45216408
60689,0.4691856,0.5308144
49543,0.801425,0.19857503
10118,0.06944683,0.93055314
4385,0.69426155,0.30573845
18633,0.00045569913,0.9995443
4036,0.89925414,0.10074581
57173,0.7566465,0.24335349
7018,0.45029074,0.54970926
14424,0.7180318,0.28196812
65091,0.7809419,0.21905805
27828,0.005457054,0.99454296
23149,0.0025662528,0.9974337
31299,0.1831329,0.81686705
63474,0.6204499,0.37955007
62822,0.8692432,0.13075678
36040,0.1381543,0.86184573
36481,0.008093872,0.99190617
36136,0.00852369,0.99147624
20673,0.23321398,0.766786
38571,0.03850065,0.9614994
123,0.0524203,0.9475796
46598,0.6180603,0.3819397
48263,0.9354988,0.064501256
50583,0.8411479,0.1588521
26010,0.1582916,0.84170836
63210,0.67618567,0.32381427
5065,0.57703704,0.42296296
60010,0.14525828,0.85474175
51046,0.9674334,0.03256662
17970,0.00078820065,0.9992118
46302,0.8786461,0.12135392
35788,0.3884626,0.6115374
51808,0.97039187,0.029608125
56094,0.9413225,0.058677472
42595,0.010646632,0.9893533
51289,0.8158238,0.18417615
27814,0.0077311136,0.99226886
25744,0.21200532,0.7879946
49655,0.9217053,0.07829472
56615,0.49926868,0.50073135
32749,0.5359308,0.46406922
36693,0.049584933,0.95041513
141,0.07561721,0.92438275
27717,0.01037973,0.98962027
9971,0.04672377,0.9532763
45553,0.8817446,0.118255384
32554,0.09346425,0.9065358
4073,0.62349343,0.37650657
57712,0.99979,0.00020997875
7693,0.13895585,0.8610441
11780,0.0939451,0.9060549
31930,0.5002111,0.49978888
52103,0.7554001,0.24459988
38308,0.06546012,0.9345399
8170,0.87874913,0.1212509
20676,0.44189182,0.55810815
63600,0.948834,0.051166013
15607,0.060737647,0.93926233
55397,0.75855094,0.24144904
35459,0.6732031,0.32679692
61315,0.75864714,0.24135289
39408,0.04534402,0.954656
17123,0.024331488,0.97566855
7620,0.6407841,0.35921597
17074,0.0022951947,0.9977048
21243,0.5283916,0.4716084
42589,0.50432444,0.4956756
13650,0.004652923,0.9953471
35469,0.53915715,0.46084288
61975,0.8194771,0.18052296
26220,0.013068361,0.9869316
32340,0.24677838,0.75322163
52224,0.44333747,0.5566625
36396,0.038869455,0.96113056
5418,0.34383348,0.6561665
47133,0.8880341,0.11196595
40642,0.11940995,0.88059
18850,0.001045611,0.9989544
29372,0.06710932,0.93289065
24171,0.0006770574,0.999323
11560,0.45513624,0.54486376
51631,0.3424668,0.65753317
62658,0.36625907,0.6337409
44021,0.8524624,0.14753756
39603,9.3222e-05,0.9999068
58543,0.90905374,0.09094628
46817,0.8537607,0.14623933
42748,0.85108536,0.1489146
10530,0.6273972,0.37260276
54277,0.22859527,0.7714047
33868,0.21916386,0.7808361
21341,0.70736074,0.29263923
51017,0.8560138,0.14398627
36588,0.103907205,0.89609283
31660,0.3200898,0.6799102
41624,0.007498789,0.9925012
58654,0.7345671,0.26543292
41829,0.76869464,0.23130532
4122,0.0033055912,0.99669445
35727,0.13537805,0.86462194
53599,0.66517144,0.33482856
12470,0.1542568,0.8457432
38634,0.16004717,0.8399528
21051,0.08502451,0.9149755
55099,0.8712896,0.12871042
8196,0.7456773,0.2543227
21679,0.40767482,0.59232515
20199,0.0056077386,0.99439234
54378,0.7607061,0.23929389
22955,0.0035010038,0.99649894
15996,0.001825597,0.9981744
38959,0.0017529232,0.99824715
46689,0.886699,0.11330102
47585,0.80464274,0.19535731
59988,0.7680729,0.23192708
35756,0.16238512,0.83761483
5809,0.6560344,0.34396556
42506,0.7248304,0.2751696
47107,0.79904795,0.20095204
15478,0.0046063354,0.99539363
41186,0.60733944,0.39266056
2257,0.7905619,0.20943806
62369,0.9562873,0.043712635
37335,0.0020832303,0.99791676
39933,0.20488223,0.79511774
14106,0.43021467,0.56978536
26455,0.015943985,0.984056
8895,0.021533962,0.9784661
36902,0.009425745,0.9905743
27738,0.005943545,0.99405646
25006,0.0007554971,0.9992446
42704,0.047537047,0.952463
1950,0.7417015,0.25829852
59877,0.81607103,0.1839289
27444,0.051762458,0.94823754
29058,0.028219366,0.97178066
56495,0.8552473,0.14475271
14851,0.0117757125,0.98822427
5559,0.36315396,0.63684607
17913,0.006121525,0.99387854
37847,0.002442218,0.99755776
2737,0.7569986,0.2430014
24597,0.0014255674,0.9985744
43310,0.29492757,0.70507246
58937,0.6652857,0.3347143
34588,0.6909589,0.3090411
13781,0.24559286,0.7544071
35605,0.5815358,0.41846418
6309,0.73493385,0.26506615
48993,0.7775297,0.22247025
36225,0.048403785,0.9515962
24641,0.0037409056,0.9962591
32608,0.5324778,0.46752226
52054,0.7832402,0.2167598
43609,0.8635277,0.13647225
40463,0.024060236,0.97593975
12005,0.29617593,0.70382404
56897,0.94121915,0.058780897
40336,0.001260155,0.9987399
50237,0.8979758,0.10202419
6044,0.808771,0.19122893
41714,0.04173622,0.9582638
50160,0.78437257,0.21562742
1334,0.60344386,0.3965561
45672,0.16988702,0.830113
32880,0.20679365,0.7932064
52658,0.79997665,0.2000233
35651,0.11926601,0.88073397
48610,0.8552541,0.14474584
38065,0.008866992,0.99113303
32937,0.25464916,0.7453508
62428,0.7730602,0.22693977
28260,0.06997451,0.9300255
24014,0.002431425,0.99756855
39703,0.028843565,0.97115636
56665,0.9610404,0.038959585
39356,0.040003855,0.95999616
28403,0.015355728,0.9846443
57171,0.9450119,0.054988142
29715,0.043942194,0.9560578
43782,0.9071741,0.092825875
27873,0.29464594,0.70535403
4577,0.7085396,0.2914604
36684,0.014171767,0.9858283
61102,0.8996592,0.10034075
61468,0.35207364,0.6479264
3797,0.23545608,0.7645439
22841,0.0010908903,0.9989091
51905,0.8971865,0.10281344
19149,0.038083382,0.96191657
22638,0.05199658,0.9480034
46403,0.9323368,0.06766323
38974,0.0005762829,0.99942374
43655,0.90040046,0.09959954
63565,0.79012233,0.20987765
43610,0.92837375,0.07162623
25622,0.5126517,0.4873483
18241,0.00202625,0.99797374
60171,0.18230061,0.8176994
49560,0.91769654,0.08230348
43794,0.9519409,0.04805912
5480,0.57172906,0.42827097
30808,0.0029725228,0.99702746
33318,0.43167984,0.56832016
43261,0.76250154,0.23749849
40921,0.017627578,0.98237246
3394,0.01809667,0.9819033
27714,0.0013924869,0.9986076
50460,0.7125739,0.2874261
10162,0.6746231,0.32537696
55450,0.7134111,0.28658894
53228,0.8930705,0.106929466
10868,0.111887634,0.8881123
51959,0.68314064,0.31685936
22252,0.009674812,0.9903252
12174,0.053497247,0.94650275
50018,0.6612621,0.33873793
55017,0.9523276,0.047672473
63178,0.8926386,0.10736134
59322,0.6652857,0.3347143
14440,0.40415415,0.5958458
19505,0.016429812,0.9835702
50662,0.88559425,0.11440577
22898,0.003757805,0.99624217
7810,0.27680743,0.7231926
29980,0.0046526403,0.9953473
29859,0.012571274,0.9874287
32383,0.79397124,0.2060287
17512,0.0042932313,0.99570674
36697,0.009282097,0.99071795
7553,0.5141,0.4859
8934,0.16360211,0.83639795
58576,0.8951627,0.10483727
19821,0.0016240381,0.9983759
34316,0.22508468,0.77491534
36257,0.55731505,0.44268498
6312,0.78308594,0.216914
33076,0.6047279,0.39527208
29120,0.019733226,0.98026675
61278,0.8131875,0.18681255
51588,0.94161963,0.05838035
48780,0.8820547,0.11794539
3971,0.4502263,0.5497737
6646,0.48691803,0.51308197
56270,0.9250536,0.074946456
8020,0.006657995,0.993342
57353,0.99911577,0.0008842001
5886,0.80533963,0.19466038
42677,0.8239344,0.17606558
42049,0.016533896,0.9834661
17056,0.0018461628,0.99815387
29358,0.033238806,0.9667612
51789,0.7208779,0.27912208
46087,0.881634,0.11836606
2947,0.47366685,0.52633315
28832,0.4755876,0.5244124
55566,0.08030762,0.9196924
9336,0.03589643,0.9641035
12002,0.5203196,0.47968045
43214,0.8614769,0.13852309
16864,0.047160387,0.95283955
19347,0.004363507,0.9956365
44769,0.9176392,0.08236079
39677,0.0092290575,0.99077094
4494,0.30300754,0.69699246
27095,0.0015513913,0.9984486
65059,0.86269546,0.1373046
41447,0.11355314,0.88644683
30647,0.5130967,0.4869033
56646,0.93655366,0.06344633
26469,0.65831524,0.34168482
35615,0.58981943,0.4101806
14895,0.061365586,0.93863446
27839,0.09923213,0.90076786
3375,0.17735992,0.82264006
37260,0.53281134,0.46718872
49069,0.9476409,0.05235913
50388,0.8310372,0.16896275
26232,0.034322593,0.96567744
18080,0.00093469187,0.99906534
47181,0.8925815,0.1074185
49041,0.73181033,0.26818967
17481,0.009485574,0.9905144
60891,0.7169185,0.28308147
45368,0.8618991,0.13810092
8590,0.2572014,0.74279857
35657,0.11665097,0.88334906
51755,0.84810627,0.1518937
20767,0.6963454,0.30365464
27878,0.034194835,0.9658052
52201,0.82156277,0.17843717
25800,0.16471124,0.83528876
58002,0.9570786,0.042921398
44765,0.971446,0.02855399
41579,0.016739791,0.9832602
36012,0.009034323,0.9909657
39335,0.0416084,0.9583916
33447,0.118192054,0.8818079
2923,0.13726151,0.8627385
62919,0.913826,0.08617402
54242,0.8085223,0.19147769
54288,0.6655609,0.33443907
53237,0.35386753,0.6461324
18011,0.014857933,0.9851421
61548,0.9972018,0.0027982634
33269,0.32916325,0.6708368
63320,0.24985713,0.7501429
64912,0.09874282,0.90125716
37664,0.34259987,0.6574001
16150,0.0017877705,0.9982122
13752,0.088176005,0.9118239
19314,0.008180518,0.9918195
2721,0.48717356,0.51282644
33797,0.3391212,0.6608788
22457,0.00911024,0.9908897
16201,0.07371297,0.926287
45710,0.91937363,0.08062629
29076,0.18909313,0.8109069
63400,0.19906263,0.80093735
51601,0.818248,0.18175197
41520,0.36421898,0.63578105
28700,0.03325307,0.9667469
53758,0.9141077,0.08589237
12918,0.04627062,0.9537294
3275,0.45373183,0.5462681
21506,0.29426304,0.705737
24911,0.08457379,0.91542625
22519,0.08821921,0.91178083
61844,0.82551384,0.17448618
36857,0.0013268889,0.9986731
9407,0.12571432,0.87428564
24737,0.38615498,0.613845
51903,0.8546798,0.14532019
43674,0.9685061,0.031493902
16069,0.0008307544,0.99916923
56967,0.8495197,0.15048026
9528,0.030147871,0.96985215
14703,0.13747007,0.86252993
16756,0.004186413,0.99581355
49333,0.826389,0.17361102
6742,0.18101363,0.81898636
12311,0.4999153,0.5000847
23960,0.014434943,0.985565
37516,0.012741247,0.98725873
32550,0.055623975,0.94437605
42327,0.081390925,0.91860914
11173,0.922508,0.07749197
21950,0.053682692,0.9463173
27165,0.24219999,0.7578
3891,0.94820344,0.051796556
49956,0.9075225,0.092477486
2623,0.6100284,0.38997155
34516,0.65286475,0.34713522
54741,0.73490405,0.26509592
26410,0.06300048,0.9369995
6392,0.0070203864,0.9929796
57990,0.97502476,0.024975253
47670,0.90375495,0.096245036
8231,0.47469833,0.52530164
34702,0.28093985,0.7190601
44778,0.9459652,0.054034904
25649,0.11302792,0.8869721
31620,0.45814693,0.5418531
24961,0.107593544,0.89240646
22778,0.0030611604,0.9969388
37420,0.28478387,0.71521616
6962,0.6488072,0.3511928
17149,0.027024442,0.97297555
8269,0.21430385,0.78569615
22257,0.011039181,0.9889608
44608,0.9676665,0.032333467
4123,0.21309306,0.7869069
56226,0.8463146,0.15368538
54959,0.44859332,0.5514067
21460,0.019192332,0.9808077
37815,0.19587705,0.804123
64583,0.58687335,0.41312665
21463,0.002103635,0.9978963
44438,0.93814987,0.06185016
64270,0.4636249,0.53637516
14741,0.11253671,0.8874633
52100,0.8998112,0.10018879
18584,0.006298993,0.993701
55201,0.91882885,0.0811711
18994,0.004316936,0.9956831
58277,0.9437466,0.056253407
24289,0.0022422576,0.99775773
48373,0.28726417,0.7127358
62743,0.99765956,0.0023404541
18254,0.009365848,0.9906342
57870,0.9821383,0.017861784
36004,0.35371837,0.64628166
8853,0.85252106,0.14747892
13530,0.005515901,0.9944841
5909,0.66861093,0.3313891
36810,0.0024743702,0.99752563
15325,0.51762086,0.48237914
48421,0.797937,0.202063
52282,0.7714219,0.22857806
57192,0.6432478,0.35675222
63213,0.7456214,0.25437862
43165,0.5898103,0.41018972
15680,0.027853914,0.9721461
40937,0.0043073134,0.9956927
39993,0.014358569,0.9856414
3499,0.17935409,0.8206459
3051,0.22105029,0.7789497
26732,0.12636544,0.8736346
41400,0.010425247,0.98957473
37693,0.019391226,0.98060876
17319,0.014780838,0.9852191
31958,0.07781391,0.92218614
31508,0.050045915,0.94995415
55540,0.45408478,0.5459152
7060,0.19726983,0.80273014
29565,0.05521351,0.9447865
15796,0.0063857976,0.99361426
50222,0.82785374,0.17214629
47224,0.63039774,0.36960226
41510,0.47244677,0.5275532
42883,0.012844984,0.98715496
56583,0.87362194,0.12637809
15148,0.0024173271,0.9975827
25921,0.023202343,0.97679764
63826,0.28098613,0.71901387
41223,0.03366074,0.9663393
39010,0.0058109057,0.99418914
44180,0.87189573,0.12810424
2099,0.93038654,0.06961344
3941,0.5044535,0.49554652
16725,0.01576281,0.98423713
7737,0.60731685,0.39268318
8270,0.5097697,0.4902303
43473,0.9538338,0.046166144
85,0.018395118,0.9816049
4715,0.82789075,0.17210923
6112,0.88374174,0.11625825
41136,0.08620841,0.9137916
30571,0.09546725,0.9045328
6253,0.22742216,0.7725778
18685,0.0017834387,0.99821657
25175,0.026332371,0.9736676
2423,0.8146975,0.18530245
52198,0.62377846,0.37622157
2305,0.751356,0.248644
28965,0.40287572,0.5971243
45855,0.98093903,0.019061007
56500,0.9519507,0.048049305
36159,0.07927876,0.9207212
31974,0.40470386,0.59529614
46706,0.64980245,0.3501975
399,0.43269822,0.56730175
5728,0.36084533,0.6391547
59385,0.4101241,0.5898759
54954,0.87537307,0.12462694
49814,0.72378576,0.27621427
12675,0.001759312,0.9982407
62864,0.74549156,0.2545084
1774,0.8957451,0.10425495
39464,0.003384803,0.99661523
34219,0.3409473,0.6590527
63985,0.9455347,0.05446526
24662,0.0025578153,0.9974421
44062,0.7926286,0.2073714
26334,0.0005304986,0.99946946
20099,0.00059654994,0.9994035
64645,0.8433172,0.1566828
23774,0.0024613158,0.9975387
17484,0.010829797,0.98917013
7238,0.2462764,0.7537236
44360,0.95182633,0.0481737
37455,0.0044101784,0.99558985
54775,0.93989587,0.060104128
25126,0.007072831,0.99292713
12949,0.179864,0.82013595
33963,0.12495428,0.8750457
50120,0.9945551,0.0054448494
20592,0.39459723,0.6054027
45407,0.7317451,0.26825488
48483,0.9323054,0.067694634
29243,0.1904206,0.80957943
33279,0.45326686,0.5467331
39699,0.0015947921,0.9984053
32387,0.03826393,0.961736
35642,0.18378758,0.8162125
60861,0.40717828,0.5928218
53083,0.947799,0.05220099
50045,0.91416824,0.085831754
25846,0.03985275,0.96014726
4616,0.029778972,0.97022104
64714,0.84262943,0.15737051
29902,0.23625001,0.76374996
4957,0.49991924,0.50008076
61386,0.8174263,0.18257363
55391,0.5557421,0.44425794
19856,0.00090368866,0.9990963
34708,0.795836,0.20416398
59557,0.71173733,0.28826267
26174,0.0067878934,0.9932121
31347,0.21674025,0.78325975
1691,0.37705344,0.62294656
60035,0.20954913,0.7904509
26204,0.031354405,0.9686456
30416,0.0057883034,0.99421173
38906,0.004162936,0.9958371
50964,0.73379254,0.26620746
36252,0.45980117,0.5401988
46388,0.90009576,0.09990427
1364,0.94293374,0.057066254
32676,0.2799388,0.72006124
35286,0.47209397,0.527906
22096,0.002587525,0.9974125
52557,0.8213713,0.17862868
18154,0.0034118595,0.9965881
7606,0.10730346,0.89269656
52248,0.5833886,0.4166114
53115,0.9041124,0.09588757
21110,0.3829024,0.61709756
28910,0.0072010593,0.9927989
24463,0.014465586,0.9855344
12556,0.85599345,0.1440066
18786,0.0013749028,0.99862516
57703,0.9998528,0.00014724393
63233,0.86587024,0.13412972
48075,0.8171423,0.18285774
32900,0.27682117,0.72317886
53983,0.63301796,0.36698207
10869,0.6861183,0.3138817
48643,0.89396185,0.10603814
26154,0.014625921,0.9853741
22199,0.019297367,0.9807027
5021,0.66776997,0.33223
25526,0.00573608,0.99426395
61469,0.43096018,0.5690399
59932,0.6905779,0.3094221
5690,0.2708355,0.7291645
33741,0.22775595,0.7722441
17180,0.031613614,0.96838635
34583,0.2636951,0.73630494
5084,0.91646034,0.08353963
43198,0.14955586,0.8504442
16080,0.005290756,0.99470925
14974,0.19005565,0.80994433
12812,0.17581527,0.8241847
49473,0.8947438,0.10525621
38966,0.0005689147,0.9994311
4093,0.55555725,0.44444278
36760,0.03217766,0.9678224
14868,0.036280185,0.96371984
32031,0.20028873,0.7997112
23630,0.1574598,0.84254014
55663,0.7171896,0.28281045
47336,0.731206,0.26879397
33013,0.3647811,0.6352189
34866,0.5585304,0.44146958
15967,0.0371464,0.9628536
16798,0.008269408,0.99173063
42235,0.06946364,0.9305364
11707,0.13331175,0.86668825
53408,0.5393533,0.4606467
35618,0.48564583,0.51435417
40775,0.076370485,0.92362946
31157,0.059435595,0.9405644
31748,0.14334646,0.8566536
13493,0.50329065,0.49670935
192,0.10368236,0.8963176
37758,0.17159113,0.82840884
46658,0.6899943,0.31000572
59768,0.19609527,0.8039048
28053,0.0120932115,0.9879068
53076,0.79075307,0.20924695
49073,0.9096009,0.090399124
12458,0.18099244,0.8190076
35272,0.94062275,0.05937728
62441,0.9357123,0.0642877
50794,0.6515944,0.34840557
54162,0.7708894,0.22911063
20101,0.0015693002,0.99843067
3819,0.6876349,0.31236514
42946,0.029929388,0.9700706
49634,0.93122613,0.06877385
13242,0.008211682,0.9917883
10420,0.55545676,0.44454327
38975,0.00015016008,0.9998498
18119,0.07138289,0.9286171
42929,0.09259548,0.9074045
56610,0.9037327,0.096267276
57601,0.99979526,0.00020471508
13115,0.008616281,0.9913837
36002,0.07267045,0.92732954
1151,0.39160147,0.6083985
25579,0.03783616,0.9621638
15013,0.2728081,0.7271919
52728,0.29694963,0.7030504
16601,0.006705035,0.9932949
48934,0.88932735,0.11067261
38834,0.101094395,0.89890563
21602,0.0057755127,0.9942245
45831,0.62485737,0.37514263
61779,0.28684258,0.7131574
50834,0.6539059,0.34609407
56403,0.9553289,0.044671185
28471,0.7205313,0.27946877
54067,0.68308264,0.31691733
13478,0.004558629,0.9954413
8966,0.38957748,0.6104225
58522,0.9567926,0.043207467
29502,0.0048270235,0.99517304
54483,0.8409471,0.15905286
45722,0.8230876,0.17691241
13521,0.77993476,0.22006525
45338,0.7456501,0.2543499
47426,0.7919827,0.20801726
62072,0.91152513,0.08847487
49610,0.9266408,0.0733592
53144,0.053842235,0.94615775
36657,0.088846,0.91115403
14726,0.51798546,0.4820145
35130,0.653623,0.34637696
19858,0.0005863241,0.9994137
14152,0.53690046,0.46309954
9356,0.445668,0.55433196
50068,0.96345276,0.036547247
5192,0.57185733,0.42814267
25971,0.010959557,0.98904043
51864,0.9313595,0.06864047
11550,0.28141543,0.71858454
26288,0.018121555,0.98187846
30292,0.012905243,0.9870948
62635,0.9986889,0.0013111745
32291,0.28312284,0.7168771
35925,0.0009856232,0.9990144
57490,0.9683718,0.03162816
6399,0.77496636,0.22503361
61505,0.36021847,0.63978153
41233,0.09507906,0.90492094
60938,0.9974832,0.0025168785
37476,0.016795408,0.98320454
24454,0.0017520606,0.998248
35194,0.74760634,0.25239363
62780,0.7216646,0.27833542
31116,0.0014637993,0.9985362
29264,0.098978564,0.9010215
33762,0.19439183,0.8056082
42377,0.18398671,0.8160132
40993,0.1670538,0.83294624
38021,0.022123436,0.9778765
17776,0.006044591,0.99395543
58269,0.9934911,0.0065089185
8992,0.6876768,0.3123232
10294,0.7521603,0.24783967
18203,0.00082415104,0.99917585
24379,0.29911906,0.70088094
10549,0.3894904,0.6105096
4564,0.63748455,0.36251548
56951,0.97860134,0.02139861
50860,0.7727199,0.22728011
65173,0.7924151,0.20758495
43670,0.9781974,0.02180258
27712,0.020004144,0.9799959
23656,0.033530105,0.9664699
43918,0.5726244,0.42737558
7579,0.32853854,0.67146146
25352,0.0077022114,0.9922978
11243,0.003768064,0.996232
39324,0.58737296,0.41262707
58896,0.7474151,0.25258484
37850,0.11332979,0.88667023
44623,0.7179746,0.2820254
30131,0.1829877,0.8170123
6289,0.34415397,0.65584606
41538,0.2700218,0.7299782
32193,0.24856721,0.7514328
9497,0.7050446,0.29495534
18961,0.0016915294,0.9983084
9309,0.5986805,0.40131947
40820,0.07130822,0.92869174
39008,0.0004072618,0.9995927
30034,0.40157127,0.5984287
48594,0.77578396,0.22421597
38764,0.0031455457,0.9968545
64541,0.8811346,0.11886538
3332,0.28179532,0.71820474
1711,0.52846307,0.47153696
24077,0.0047755986,0.99522436
58444,0.8782423,0.12175771
4812,0.67681634,0.32318363
6015,0.065142095,0.9348579
55826,0.577656,0.422344
3508,0.2122205,0.7877795
48473,0.9114822,0.088517725
60650,0.40892625,0.5910738
12609,0.84615165,0.15384836
44570,0.9704396,0.029560346
34618,0.48207793,0.5179221
14414,0.07242946,0.92757046
58504,0.97033197,0.029668096
10950,0.25413588,0.7458641
55888,0.5392751,0.4607249
65064,0.7588063,0.24119376
61862,0.6725428,0.32745713
36642,0.011045835,0.9889542
22231,0.0035754137,0.9964246
21905,0.022871941,0.977128
56797,0.9847906,0.015209333
53959,0.8450393,0.15496069
40623,0.05162354,0.9483765
27989,0.0070792204,0.9929208
20724,0.6823529,0.3176471
39213,0.0006307236,0.9993693
45066,0.9310345,0.06896543
4303,0.901885,0.098115064
31662,0.32002914,0.67997086
790,0.69608223,0.3039178
29996,0.004707963,0.99529207
14784,0.3658277,0.6341723
31863,0.14803202,0.851968
35875,0.08619573,0.9138043
40430,0.01711583,0.98288417
60269,0.43447357,0.5655264
54234,0.62819403,0.3718059
32975,0.31145763,0.68854237
48183,0.87123007,0.12876993
5594,0.6985961,0.30140385
28150,0.009522239,0.9904778
43255,0.6303049,0.3696951
41396,0.004863532,0.99513644
62346,0.79301965,0.20698032
55459,0.7362148,0.2637852
57042,0.9810354,0.0189646
38574,0.04202625,0.9579737
32035,0.113573596,0.88642645
7316,0.16622254,0.8337774
25606,0.03554618,0.9644538
34034,0.11121956,0.8887804
34767,0.35614935,0.6438507
5687,0.87721986,0.12278009
19580,0.00052882987,0.99947125
980,0.48991793,0.51008207
62549,0.72662884,0.27337113
18467,0.0002516283,0.9997484
32833,0.45135456,0.54864544
51154,0.9058646,0.094135374
60871,0.8118461,0.18815398
51093,0.58216536,0.41783464
64151,0.7699219,0.23007809
6427,0.6917025,0.3082975
30595,0.011497545,0.9885025
13715,0.43600348,0.56399655
12386,0.0049557392,0.99504423
48784,0.9034653,0.096534796
54835,0.6382356,0.3617643
19437,0.0007391678,0.99926084
8266,0.5032007,0.4967993
11459,0.40850863,0.59149134
12994,0.30963233,0.6903677
61967,0.9067544,0.093245596
12290,0.005435763,0.9945642
16049,0.00042781758,0.9995722
5920,0.7194104,0.2805896
24048,0.0015996312,0.9984004
64605,0.8293119,0.17068803
52316,0.81359136,0.18640858
19644,0.0011316873,0.99886835
21504,0.09386728,0.90613276
64205,0.96003664,0.039963413
9502,0.18986642,0.8101335
10966,0.0066691614,0.9933308
13071,0.0053790067,0.99462104
40059,0.00048696878,0.99951303
58315,0.9430321,0.05696789
6534,0.71904945,0.28095052
15855,0.025329182,0.9746708
52752,0.913121,0.08687899
37677,0.004445416,0.9955546
47606,0.8303757,0.16962433
45706,0.9056927,0.094307296
55860,0.4972129,0.5027871
44142,0.4559374,0.5440626
55305,0.26440892,0.73559105
56378,0.9997248,0.00027514555
31,0.019941514,0.9800585
58403,0.98196447,0.018035537
60274,0.3518157,0.6481843
61757,0.90470934,0.09529066
63018,0.745752,0.25424808
12442,0.023782033,0.976218
39036,0.098882176,0.90111786
44565,0.9579817,0.042018287
12563,0.4497341,0.5502659
14639,0.5825219,0.41747808
35817,0.09253192,0.90746814
16546,0.015006633,0.98499334
21615,0.20813788,0.79186213
7874,0.8139536,0.1860464
62960,0.6715666,0.32843333
35667,0.17538984,0.8246101
551,0.2676337,0.73236626
46348,0.89722925,0.10277076
33973,0.3703523,0.6296477
13988,0.8078449,0.1921551
22433,0.010932444,0.9890675
39438,0.0013540953,0.99864596
33437,0.16275164,0.8372483
54909,0.6028219,0.39717805
49816,0.92125165,0.07874834
96,0.3392049,0.6607951
8416,0.12725772,0.8727423
52818,0.6833124,0.31668758
9277,0.5654156,0.43458435
22526,0.00055133115,0.9994487
35023,0.18348444,0.81651556
47262,0.8741662,0.12583378
27438,0.0071799946,0.99281996
5446,0.7895272,0.21047284
27942,0.37843326,0.6215668
9155,0.03265787,0.96734214
10099,0.26643282,0.7335672
7984,0.16251132,0.83748865
31800,0.1307656,0.8692344
6260,0.05004839,0.9499515
36224,0.03369793,0.96630204
37576,0.025263254,0.97473675
47127,0.6729978,0.3270022
34624,0.8493394,0.1506606
6708,0.72649604,0.27350396
25941,0.010513588,0.98948646
465,0.5562041,0.44379592
12493,0.018094433,0.9819056
57251,0.829828,0.17017193
4307,0.0026235376,0.99737644
13260,0.08190894,0.91809106
47234,0.88691217,0.1130878
60564,0.16480134,0.83519864
27133,0.0057426863,0.99425733
5943,0.73234206,0.26765797
59717,0.79720736,0.20279264
19357,0.016201563,0.9837984
44158,0.8003495,0.19965051
53066,0.6288959,0.37110412
7845,0.6778495,0.3221505
50967,0.9697316,0.030268429
36764,0.021112679,0.9788873
7338,0.7248971,0.27510288
47756,0.37562945,0.6243705
58906,0.15158081,0.8484192
37185,0.5555434,0.4444566
26536,0.41536716,0.5846329
61889,0.7815639,0.21843614
4114,0.122232884,0.87776715
32230,0.37505552,0.6249445
51496,0.3435968,0.65640324
64873,0.88377064,0.116229296
8142,0.061753605,0.9382464
43266,0.03543815,0.9645618
56713,0.9705541,0.029445838
943,0.42572987,0.5742701
1411,0.84268236,0.15731761
7041,0.25645244,0.7435475
19996,0.10087514,0.8991248
15754,0.002416474,0.9975835
10756,0.6522519,0.34774804
34851,0.44175488,0.5582451
13626,0.27804145,0.7219585
59844,0.76955146,0.23044854
38224,0.0012453048,0.99875474
32825,0.3616039,0.63839614
51688,0.8397133,0.16028675
36629,0.0077602905,0.9922397
4777,0.892142,0.107857935
255,0.15622799,0.843772
27753,0.003921151,0.9960789
62963,0.76717854,0.2328214
6266,0.19285038,0.8071496
33814,0.3934152,0.6065848
46987,0.49717426,0.5028257
37690,0.096448846,0.90355116
39225,0.0010684544,0.9989316
11989,0.8279396,0.17206043
1622,0.33729798,0.662702
29874,0.004640672,0.99535936
48989,0.64594686,0.3540531
28810,0.03162454,0.9683755
23554,0.13566172,0.8643383
61417,0.99688464,0.0031153655
59403,0.55614567,0.44385427
40004,0.0052727936,0.9947272
6191,0.4911672,0.50883275
48768,0.74509895,0.25490102
35732,0.42394984,0.57605016
53892,0.74397033,0.25602967
35032,0.7108865,0.28911352
37523,0.024680117,0.97531986
15017,0.15600987,0.84399015
20832,0.6176999,0.38230005
36636,0.027635762,0.97236425
9881,0.6774852,0.32251477
16283,0.002168499,0.9978315
46152,0.77199596,0.22800401
15853,0.007158832,0.9928411
33485,0.4141445,0.58585554
16448,0.002963457,0.9970366
50471,0.97049856,0.029501462
58702,0.9022665,0.097733475
57865,0.9861778,0.013822124
40342,0.0011211241,0.9988789
42867,0.03169762,0.9683024
18768,0.0012670663,0.998733
59835,0.83404815,0.16595182
11706,0.6396558,0.3603441
43470,0.94124514,0.058754917
28242,0.021957535,0.9780425
53710,0.84413683,0.15586315
26752,0.6508462,0.3491538
64834,0.7055548,0.29444525
19403,0.0027342592,0.9972657
29386,0.0760522,0.9239478
62998,0.7443129,0.2556871
38293,0.05232131,0.9476787
39343,0.197519,0.802481
24010,0.010332648,0.9896674
23715,0.0020246338,0.9979754
29638,0.248816,0.751184
49642,0.9675533,0.032446668
23639,0.17572397,0.82427603
17951,0.010899711,0.9891003
9558,0.04984802,0.95015204
6727,0.12521732,0.8747827
41725,0.28091905,0.719081
38847,0.00093015924,0.99906987
54449,0.791448,0.20855197
9876,0.58506465,0.4149353
14917,0.008824587,0.9911754
30611,0.053882472,0.9461175
61219,0.9348312,0.06516876
57538,0.9997807,0.00021933642
62659,0.9457335,0.054266464
15385,0.17116442,0.8288356
18372,0.004336286,0.9956637
49551,0.92520684,0.074793175
60720,0.49757564,0.50242436
64159,0.32838485,0.6716152
36335,0.049626566,0.9503734
16212,0.0011070077,0.99889296
59722,0.59860736,0.4013926
16755,0.012342824,0.9876572
579,0.22779535,0.77220464
45204,0.5494826,0.45051745
37585,0.0011702396,0.9988298
54963,0.8071601,0.19283997
13937,0.5545157,0.4454843
6434,0.6542976,0.3457024
32042,0.0541171,0.9458829
37028,0.3366135,0.66338646
16356,0.00413882,0.99586123
4713,0.6966484,0.3033516
49089,0.8168965,0.18310347
50093,0.80677056,0.19322948
29663,0.5147332,0.48526683
57297,0.65309477,0.34690526
63067,0.94754905,0.05245091
31121,0.0025992326,0.99740076
45547,0.65823275,0.3417672
25103,0.03597274,0.9640273
29817,0.00082342065,0.99917656
7205,0.48464045,0.5153595
130,0.035590988,0.964409
54010,0.90161115,0.09838884
14761,0.03345969,0.9665403
49448,0.6644368,0.3355632
35504,0.55656946,0.4434306
59335,0.78161865,0.2183813
12527,0.41564944,0.5843505
62633,0.7748531,0.22514689
28453,0.018106475,0.98189354
51576,0.87822026,0.121779755
59240,0.51042,0.48957998
21279,0.013575297,0.9864247
20660,0.25018883,0.7498112
44581,0.8937156,0.106284395
31640,0.25147885,0.7485212
16432,0.015945192,0.98405486
30734,0.04513382,0.9548662
48522,0.92513174,0.07486831
30514,0.0018409621,0.998159
57344,0.9820134,0.017986614
44828,0.9422748,0.057725206
4556,0.6861859,0.31381413
10572,0.21431413,0.7856859
36872,0.1055088,0.8944912
29950,0.052916236,0.9470838
29124,0.0028527076,0.99714726
4092,0.15471959,0.84528035
21425,0.53474885,0.4652512
55334,0.6571005,0.3428995
58090,0.97621876,0.02378126
22116,0.015999813,0.98400015
9346,0.38915765,0.6108424
47295,0.7587008,0.2412992
53519,0.849921,0.15007897
37230,0.07141778,0.9285822
46036,0.92269725,0.07730274
42375,0.023295594,0.97670436
53446,0.8067246,0.19327544
48814,0.73094803,0.26905194
13610,0.006461252,0.9935388
45415,0.7330337,0.26696628
42540,0.69917095,0.3008291
27505,0.48494056,0.5150595
31984,0.27949038,0.7205096
10742,0.52573013,0.47426987
11782,0.32881647,0.6711835
5528,0.34883648,0.6511636
53183,0.3557956,0.6442044
7304,0.5387818,0.4612182
45800,0.8693704,0.1306296
27647,0.00072615524,0.99927384
33956,0.26116768,0.73883235
49755,0.8210273,0.17897275
18567,0.003609645,0.9963903
56219,0.7780934,0.22190654
59026,0.5933153,0.4066847
59636,0.6537787,0.34622136
18060,0.0024042695,0.9975957
43687,0.9009717,0.09902833
57495,0.9939108,0.006089205
46073,0.89615196,0.10384799
18009,0.012960068,0.98704
60603,0.24625193,0.7537481
41278,0.25312477,0.7468752
54818,0.83718365,0.1628163
6134,0.91019124,0.08980875
7635,0.48339942,0.5166006
64795,0.7951853,0.20481466
56662,0.8981419,0.10185802
27510,0.30014876,0.6998512
2739,0.16422111,0.8357789
22715,0.06800789,0.93199205
24537,0.20764929,0.7923507
59377,0.56612337,0.43387663
27233,0.054380186,0.94561976
14858,0.41636026,0.58363974
28068,0.024390358,0.97560966
27433,0.028041486,0.97195846
56046,0.9944924,0.005507589
61100,0.82551384,0.17448618
27594,0.0031892846,0.99681073
51499,0.8123324,0.1876676
50353,0.8129945,0.18700549
25657,0.6682832,0.33171675
23663,0.24403304,0.7559669
48459,0.94427985,0.055720136
48331,0.44524774,0.55475223
43511,0.8527323,0.1472677
42705,0.034129396,0.96587056
45179,0.95405525,0.045944802
30832,0.5444203,0.4555797
12382,0.37399942,0.6260006
47142,0.6697745,0.33022547
33108,0.31202418,0.6879759
7510,0.08287386,0.9171261
20970,0.06339107,0.93660897
13139,0.050366506,0.9496335
8454,0.7277881,0.27221188
2085,0.8926906,0.10730947
43961,0.7237094,0.2762906
18368,0.0018929195,0.9981071
25200,0.017402878,0.9825972
42064,0.54587054,0.45412943
57948,0.97102296,0.028977046
39754,0.0042111184,0.9957889
64013,0.8253346,0.17466533
52480,0.70136935,0.29863065
13898,0.26468736,0.7353126
3599,0.33985135,0.6601487
9730,0.7789419,0.22105806
13125,0.037768483,0.96223146
39540,0.0062893066,0.99371076
25439,0.0050926083,0.9949073
29695,0.048951134,0.9510489
3138,0.8357683,0.16423172
9996,0.70695657,0.2930435
8643,0.45588285,0.5441172
23417,0.00056451786,0.9994355
22829,0.01657139,0.98342866
35975,0.029791186,0.9702088
28051,0.4645054,0.5354946
49393,0.4027537,0.5972463
4586,0.81745875,0.18254122
14655,0.02647085,0.9735292
4806,0.9738203,0.026179627
2131,0.7790788,0.22092122
39595,0.0014785081,0.9985215
46682,0.75159264,0.2484074
37310,0.022512631,0.9774874
51347,0.8480318,0.15196817
32910,0.4413868,0.55861324
23266,0.16592003,0.83408004
38723,0.0060947537,0.99390525
2924,0.49190366,0.5080963
57600,0.9997689,0.00023110441
23879,0.0025640812,0.997436
58527,0.98401916,0.015980816
58600,0.9529229,0.04707714
8878,0.21861492,0.78138506
6456,0.254508,0.74549204
50957,0.90082407,0.09917592
40357,0.016434759,0.9835653
5422,0.22423147,0.7757686
19881,0.0025907906,0.99740916
65220,0.7210249,0.27897516
61905,0.95006686,0.049933143
64000,0.8148382,0.18516189
58661,0.9314655,0.06853448
49769,0.747686,0.25231403
695,0.10608652,0.89391345
48488,0.8572544,0.1427456
64545,0.8356311,0.16436893
46207,0.9005228,0.09947713
25716,0.31940722,0.6805928
14521,0.70492643,0.2950736
5154,0.9185362,0.08146377
9481,0.13943726,0.86056274
44584,0.8373445,0.16265547
7037,0.36478046,0.6352196
56684,0.9718407,0.028159328
4914,0.6067455,0.39325458
26540,0.6371158,0.36288416
58701,0.70256424,0.29743576
16146,0.0008209438,0.99917907
51423,0.5155164,0.48448354
50054,0.6179344,0.3820656
40157,0.000227219,0.99977285
48555,0.84605044,0.15394953
27544,0.23677795,0.76322204
40412,0.010900636,0.9890994
43774,0.96627086,0.03372909
9477,0.3839527,0.61604726
18608,0.00061884377,0.9993812
1282,0.7029167,0.29708326
484,0.621283,0.37871704
63831,0.67547786,0.3245221
58837,0.64082843,0.3591716
17763,0.009234588,0.99076545
5412,0.699586,0.30041406
44537,0.9532548,0.046745136
62211,0.3219079,0.67809206
15616,0.0007449328,0.999255
49709,0.68755955,0.31244048
58536,0.95040065,0.049599316
40537,0.006240827,0.99375916
3411,0.5328616,0.4671384
36946,0.0044240137,0.995576
35341,0.61803484,0.3819652
18690,0.00065306696,0.9993469
32298,0.44329643,0.5567035
35318,0.8709964,0.12900364
38052,0.028269405,0.9717306
58192,0.7029919,0.2970081
23478,0.0016888743,0.99831116
44284,0.96012807,0.03987193
7817,0.005429041,0.9945709
32300,0.64906216,0.35093778
7870,0.09832477,0.90167516
11629,0.08328171,0.9167183
55079,0.11375148,0.8862485
52381,0.38278314,0.6172169
7577,0.69146854,0.30853143
44236,0.93498594,0.06501398
28620,0.0412871,0.9587129
36037,0.016097164,0.9839028
7252,0.78461426,0.21538568
59674,0.27571598,0.724284
12827,0.34263808,0.657362
24336,0.0006715411,0.9993285
35297,0.8768799,0.12312011
15774,0.0008235301,0.99917644
43013,0.03420706,0.96579295
63858,0.83263165,0.1673684
48926,0.7900724,0.20992759
26640,0.0068229334,0.99317706
52019,0.7497858,0.25021416
60687,0.32381934,0.67618066
5318,0.482099,0.517901
14834,0.3539135,0.6460865
52678,0.61510783,0.38489217
2080,0.8358883,0.16411172
424,0.39222643,0.60777354
10843,0.22497888,0.77502114
19812,0.0030041204,0.9969959
48712,0.93020827,0.06979177
61822,0.8005667,0.19943339
55575,0.7537313,0.24626872
35121,0.8203803,0.17961974
29550,0.020053994,0.97994596
39039,0.0051824604,0.99481755
54745,0.68630433,0.31369567
21303,0.06189275,0.9381073
47203,0.5701113,0.4298887
13504,0.01738582,0.9826142
21351,0.35368142,0.6463186
53326,0.7505941,0.24940595
57046,0.9731396,0.026860429
63776,0.70009893,0.299901
40636,0.11857922,0.88142073
20910,0.10896695,0.8910331
13552,0.016721725,0.98327833
2871,0.47641417,0.52358586
27246,0.027411222,0.9725887
18698,0.00022086185,0.99977916
5296,0.7395627,0.2604373
65085,0.8434974,0.15650259
21232,0.6905107,0.30948928
11137,0.017016483,0.98298347
59247,0.43059263,0.5694074
39658,0.00043410048,0.9995659
37004,0.43743232,0.5625677
47904,0.82524014,0.17475986
39893,0.001373569,0.9986265
27899,0.00983962,0.99016035
39915,0.015035849,0.9849642
15698,0.0042916867,0.99570835
16781,0.011618719,0.9883812
29289,0.07892679,0.9210732
7392,0.6846703,0.3153297
10052,0.640529,0.359471
4866,0.30501089,0.69498914
55078,0.61825,0.38175002
32129,0.09241901,0.90758103
54673,0.8941147,0.10588529
2230,0.48982495,0.5101751
12191,0.58180815,0.41819185
18630,0.001690042,0.99830997
48340,0.8836672,0.116332844
42248,0.69884104,0.301159
3355,0.09785038,0.9021497
3221,0.30298072,0.69701934
46142,0.5402848,0.45971522
15895,0.071327895,0.92867213
49617,0.81457466,0.18542534
34993,0.54361314,0.45638686
56608,0.7096816,0.2903184
53668,0.70991576,0.29008427
59972,0.6666332,0.3333668
5536,0.6223908,0.3776092
13078,0.28959957,0.71040046
5488,0.70000637,0.29999366
35026,0.3823512,0.61764884
49749,0.66943157,0.3305684
60332,0.42878968,0.5712103
3775,0.7091112,0.29088876
3345,0.68013275,0.31986722
55995,0.8203887,0.17961131
25337,0.00054682296,0.9994531
5432,0.33143553,0.66856444
57605,0.9998078,0.00019220257
48962,0.6207753,0.37922475
49545,0.96027994,0.039720096
47156,0.9651976,0.034802366
51140,0.23997179,0.76002824
39466,0.02701167,0.9729883
32148,0.11701034,0.88298965
50806,0.6936603,0.30633965
21255,0.51615125,0.48384872
1741,0.6786577,0.32134235
61099,0.9794032,0.02059676
32486,0.17452782,0.82547224
41513,0.64164954,0.3583504
21217,0.89007217,0.10992788
34646,0.6623113,0.33768868
51392,0.79949856,0.20050144
64744,0.85994786,0.14005215
41320,0.008138616,0.99186134
56171,0.723468,0.276532
6303,0.8765315,0.12346852
18061,0.003272284,0.9967277
29370,0.08135738,0.91864264
18456,0.010999265,0.9890007
554,0.11457296,0.885427
22190,0.007164078,0.99283594
16981,0.0033663453,0.9966337
16692,0.025857707,0.97414225
48376,0.86596984,0.13403024
37199,0.18949392,0.81050605
11204,0.006087912,0.9939121
56936,0.98951095,0.010488996
50048,0.8278994,0.17210054
55682,0.72563976,0.27436027
35594,0.42501795,0.57498205
48652,0.7546429,0.2453571
24955,0.16608337,0.83391666
57374,0.97426856,0.025731416
42958,0.051125422,0.94887453
46781,0.8378544,0.16214566
33380,0.0964105,0.90358955
16452,0.0007370783,0.99926287
25857,0.07788285,0.9221172
47786,0.57951075,0.4204893
17784,0.0004176409,0.99958235
4377,0.62055206,0.37944794
34317,0.36896068,0.6310393
18272,0.0054227803,0.99457717
20227,0.0061056074,0.9938944
26454,0.4503423,0.5496577
5238,0.07940839,0.92059165
49435,0.6194055,0.3805945
57060,0.97509164,0.024908423
55624,0.83943725,0.1605628
8518,0.4194831,0.5805169
59223,0.108046785,0.89195323
6563,0.24776219,0.75223774
41978,0.33312184,0.6668781
4600,0.022753155,0.9772469
4413,0.8348388,0.16516119
62962,0.9079044,0.09209561
23482,0.018161863,0.9818381
38180,0.075870454,0.9241296
51271,0.421049,0.57895094
56822,0.99796283,0.0020372395
60744,0.9251238,0.07487618
56920,0.96776015,0.03223979
27256,0.024772175,0.9752278
35546,0.77535045,0.2246495
65125,0.7904927,0.20950732
22591,0.66402733,0.33597264
29424,0.006318465,0.99368155
31798,0.1677612,0.83223885
11673,0.14950274,0.8504973
4662,0.6444241,0.35557592
40511,0.0061069727,0.993893
10236,0.19061664,0.8093834
59962,0.70604736,0.29395267
19312,0.004232773,0.99576724
11423,0.47984377,0.5201562
6660,0.09653,0.90347004
58216,0.98919874,0.010801219
56507,0.8710956,0.12890442
43909,0.70996004,0.29004002
48083,0.8235547,0.17644529
19479,0.013246255,0.98675376
39339,0.27839866,0.7216013
48161,0.8801109,0.1198891
17303,0.24279699,0.75720304
46934,0.73691136,0.26308864
35022,0.6707145,0.3292855
42273,0.6384624,0.36153755
57482,0.9997943,0.00020570749
25148,0.08497183,0.9150282
5667,0.4706864,0.5293136
18081,0.0004306782,0.99956936
53448,0.9666417,0.033358254
46232,0.7468382,0.25316176
27346,0.004451153,0.99554884
49456,0.6430774,0.35692263
39472,0.0034503262,0.9965496
341,0.029012233,0.97098774
21834,0.097461246,0.9025388
19614,0.0062755058,0.9937245
23354,0.019342914,0.98065704
3762,0.21717131,0.78282875
31568,0.039499525,0.9605005
6249,0.08149009,0.91850996
20581,0.53384525,0.46615472
1789,0.8201026,0.17989738
1011,0.48991397,0.510086
30246,0.012054268,0.9879458
43105,0.7876121,0.21238792
35149,0.51240724,0.48759276
48127,0.95665085,0.043349158
55095,0.76689297,0.23310702
57104,0.99296004,0.007039949
49773,0.8958231,0.10417683
24722,0.7852889,0.21471119
18165,0.0018644363,0.99813557
60948,0.73144823,0.2685518
39493,0.07451052,0.9254895
58796,0.7335877,0.26641232
45307,0.85506046,0.14493951
35039,0.65610427,0.34389576
38400,0.04558054,0.95441943
1103,0.52219474,0.47780526
6402,0.84377384,0.1562262
31037,0.63675463,0.36324537
35349,0.25999594,0.7400041
15056,0.033412788,0.9665872
27478,0.116162874,0.88383716
24982,0.004269558,0.99573046
2925,0.2699532,0.7300468
2838,0.40583897,0.59416103
46724,0.83796155,0.16203845
41421,0.0082522305,0.99174774
11756,0.084604196,0.91539574
53560,0.72764015,0.2723599
59960,0.4064753,0.59352463
3689,0.7815876,0.21841238
13588,0.053563222,0.94643676
645,0.1166274,0.8833726
11526,0.011042387,0.9889576
34963,0.6695568,0.33044323
20400,0.6005054,0.39949462
37186,0.3701847,0.6298153
62518,0.6323201,0.36767992
11094,0.6742599,0.32574004
61202,0.86853266,0.13146733
52850,0.58974445,0.41025555
19213,0.060983505,0.93901646
5571,0.87738705,0.122613
27138,0.0037977102,0.9962023
22175,0.27094296,0.729057
4272,0.2595666,0.74043334
42069,0.010524904,0.98947513
17629,0.0005118201,0.9994881
31750,0.73351187,0.26648816
24848,0.09645271,0.9035473
7677,0.6729819,0.32701802
64949,0.70646495,0.29353502
19062,0.0026414103,0.9973586
32741,0.11189113,0.88810885
42016,0.006971846,0.9930281
20063,0.00028898063,0.999711
46070,0.8668887,0.13311127
39083,0.0026940333,0.997306
45200,0.82790554,0.17209445
33275,0.33616033,0.66383964
22125,0.19479802,0.805202
6217,0.45036116,0.54963887
39940,0.0073411614,0.9926588
60384,0.53333735,0.4666627
51478,0.87037814,0.12962185
47328,0.5787885,0.4212115
18684,0.0007769583,0.999223
42949,0.0029471938,0.9970528
5494,0.71499765,0.2850023
46430,0.8253159,0.17468408
16568,0.01581828,0.9841817
18835,0.0010048031,0.99899524
17947,0.013453003,0.986547
23288,0.0361369,0.96386313
52624,0.2607773,0.73922276
18371,0.016651161,0.98334885
5867,0.0576034,0.94239664
11564,0.70134133,0.29865873
43614,0.9290631,0.07093694
25395,0.0022769438,0.99772304
50079,0.7281203,0.2718797
32085,0.12716393,0.87283605
47865,0.63845056,0.36154944
45217,0.959916,0.04008406
52623,0.43092027,0.56907976
14676,0.21399722,0.78600276
3254,0.8182472,0.18175283
59150,0.1825713,0.8174287
55760,0.7648739,0.23512606
5976,0.7337086,0.26629135
26313,0.032161914,0.9678381
36800,0.0014364477,0.9985636
57463,0.9700706,0.029929416
39792,0.005358989,0.99464095
41717,0.088641,0.91135895
1557,0.7448147,0.2551853
51013,0.97463065,0.025369383
3879,0.30362922,0.6963708
56959,0.98224753,0.017752491
40310,0.003142512,0.9968575
3897,0.6186539,0.38134614
37268,0.141066,0.858934
33673,0.5487427,0.4512573
54575,0.9579902,0.042009786
24050,0.31053013,0.68946993
51080,0.87704754,0.1229525
62760,0.6623113,0.33768868
54208,0.91750723,0.08249277
13196,0.22516383,0.7748362
30305,0.11069002,0.88930994
3951,0.6558575,0.34414253
62421,0.8794237,0.12057627
4131,0.0010335112,0.99896646
15001,0.021053635,0.9789464
40208,0.57921743,0.4207826
10028,0.08886557,0.9111344
17500,0.007821916,0.99217814
41317,0.010347458,0.9896526
60019,0.7353069,0.26469308
56762,0.9153638,0.08463618
20413,0.2914229,0.70857716
39558,0.009657265,0.99034274
23292,0.02818015,0.9718198
7608,0.8162584,0.18374166
38886,0.004235085,0.99576485
483,0.6964952,0.30350482
36652,0.083670616,0.9163294
56085,0.9618974,0.038102582
32658,0.13543026,0.8645697
63177,0.76213294,0.23786709
2432,0.9342839,0.06571613
37660,0.502223,0.49777701
63223,0.092510685,0.9074893
37098,0.018497905,0.9815021
26162,0.07409215,0.9259079
30101,0.67330235,0.32669768
21319,0.042600863,0.9573992
33763,0.54274595,0.45725402
41270,0.19462965,0.80537033
48296,0.91716075,0.08283929
9322,0.912867,0.08713303
34812,0.70706075,0.29293922
4933,0.8228795,0.17712046
3916,0.5014835,0.49851653
20805,0.22058128,0.77941877
61339,0.7590821,0.24091789
60115,0.90373504,0.096264936
33811,0.2944729,0.7055271
41838,0.20863082,0.79136914
40249,0.00090207485,0.99909794
64106,0.722171,0.27782896
31889,0.3157094,0.68429065
37595,0.00045068236,0.9995493
46842,0.76674026,0.23325966
2145,0.50468814,0.49531186
3399,0.014131221,0.9858688
490,0.675886,0.324114
33282,0.42884818,0.5711518
2716,0.53625137,0.46374866
21062,0.39327833,0.6067217
16235,0.005646983,0.99435306
50830,0.958556,0.04144403
38910,0.0013700058,0.99863005
9093,0.2179776,0.7820224
26031,0.05910907,0.9408909
59935,0.5201244,0.47987562
63837,0.79059577,0.20940423
42529,0.008464011,0.991536
1744,0.9255353,0.07446469
29679,0.09712923,0.9028707
30452,0.001280554,0.99871945
20134,0.0020966188,0.99790335
2106,0.9492159,0.05078415
5821,0.6546941,0.34530598
58833,0.71092093,0.28907913
647,0.30704582,0.6929542
36896,0.23584032,0.7641597
25497,0.1345935,0.8654065
4165,0.59685403,0.40314594
59234,0.37473744,0.6252626
35589,0.7815077,0.21849236
42930,0.04410204,0.955898
59235,0.11767541,0.8823246
64323,0.8713371,0.12866291
1579,0.8429521,0.15704796
33605,0.31330124,0.6866988
31386,0.20412067,0.79587936
57608,0.9997507,0.00024934043
25386,0.042462308,0.9575377
35607,0.3219079,0.67809206
46523,0.82350904,0.17649099
35235,0.7264139,0.27358612
60542,0.64841676,0.35158318
4701,0.93974024,0.060259834
25402,0.0011040537,0.9988959
19457,0.0017304659,0.99826956
30265,0.2686566,0.7313434
43222,0.016907286,0.98309267
51964,0.660887,0.33911306
30340,0.07143552,0.9285645
2188,0.619944,0.38005605
49033,0.80231977,0.19768022
56333,0.9292948,0.07070511
10444,0.17814562,0.8218544
55733,0.64428705,0.35571292
16076,0.29134983,0.7086502
63470,0.7806768,0.21932317
49622,0.94655424,0.053445745
6941,0.003020049,0.9969799
25491,0.33292994,0.66707003
37652,0.17842707,0.82157296
40918,0.010727135,0.9892729
48187,0.87432337,0.12567662
32321,0.6230582,0.37694174
31890,0.10266172,0.8973383
45945,0.6276038,0.37239617
36980,0.36959466,0.6304053
5105,0.65014535,0.34985468
54055,0.55715626,0.4428438
39214,0.00029011662,0.9997099
17348,0.0013066635,0.9986934
42308,0.42517653,0.57482344
22350,0.0099616265,0.9900384
45518,0.82921416,0.17078586
13045,0.001850853,0.99814916
57930,0.9760776,0.023922421
11954,0.78398544,0.21601462
44703,0.9320124,0.06798761
52078,0.7380476,0.2619524
37338,0.067950144,0.9320499
34474,0.8146948,0.1853052
50280,0.8620053,0.13799469
33372,0.69318485,0.30681515
21841,0.0056034164,0.99439657
7196,0.5631338,0.43686622
45845,0.38684312,0.6131569
22467,0.05220026,0.94779974
11213,0.32125878,0.6787412
6844,0.34862664,0.6513734
58970,0.61426073,0.38573927
63910,0.7261236,0.27387643
57741,0.9919751,0.008024855
30522,0.0012204691,0.9987795
9469,0.48680925,0.51319075
40946,0.0120452475,0.98795474
44931,0.958693,0.041306965
63962,0.9743264,0.025673604
29534,0.025493847,0.9745061
52382,0.7564291,0.24357086
55531,0.8374452,0.1625548
14407,0.007552089,0.99244785
20795,0.10679946,0.8932005
31671,0.22783813,0.7721619
25416,0.07896354,0.9210365
47051,0.71575326,0.28424677
19226,0.076137826,0.9238622
34363,0.26698428,0.7330157
55697,0.82326627,0.17673376
59475,0.6836283,0.31637168
35542,0.60394573,0.39605433
21008,0.19396067,0.80603933
29960,0.013757679,0.9862423
36038,0.0034107168,0.9965893
39142,0.0026749708,0.99732506
55752,0.76624054,0.2337595
58097,0.95838165,0.04161833
46554,0.92075205,0.079247996
23030,0.0030298338,0.9969702
9932,0.20093825,0.7990618
2348,0.36881834,0.6311817
27332,0.002245454,0.9977545
56421,0.83701086,0.16298918
31158,0.10915209,0.8908479
14955,0.34591445,0.6540856
25763,0.22186053,0.7781395
61024,0.9778466,0.022153387
40408,0.027109813,0.97289014
6538,0.6545224,0.3454776
50295,0.8517974,0.14820261
50575,0.37637633,0.62362367
26405,0.0055909106,0.994409
29626,0.06710001,0.9329
40229,0.00085538044,0.99914455
46077,0.85845256,0.14154746
6131,0.6095221,0.39047793
37954,0.0012805167,0.99871945
40223,0.12769689,0.87230307
50757,0.8727565,0.12724352
50423,0.87472886,0.12527107
14830,0.030394787,0.96960515
6542,0.52351326,0.4764867
14309,0.4434622,0.55653775
57343,0.9957098,0.004290195
39534,0.02406368,0.97593635
37055,0.073704034,0.926296
12676,0.8251401,0.17485991
32564,0.16717961,0.83282036
63188,0.84272885,0.15727113
32268,0.09625483,0.9037452
59924,0.85134304,0.14865696
48970,0.82499355,0.17500642
20017,0.005151054,0.9948489
48081,0.5498274,0.45017254
55796,0.68645066,0.3135493
2793,0.77819145,0.22180854
51234,0.72289795,0.27710208
56099,0.8981978,0.10180222
27404,0.041013595,0.9589864
11866,0.3521589,0.6478411
30019,0.050009016,0.9499909
46941,0.94244516,0.05755491
21746,0.23946884,0.7605312
1870,0.44764227,0.55235773
1715,0.22291507,0.7770849
62432,0.82774705,0.17225295
53931,0.26693746,0.73306257
30913,0.0033166474,0.9966833
60859,0.6383369,0.3616631
57749,0.86257964,0.13742033
10854,0.4333608,0.56663924
44636,0.97582835,0.024171686
31267,0.09842279,0.90157723
36383,0.0049101193,0.9950899
29019,0.25181353,0.7481865
62445,0.85941184,0.14058821
13723,0.6172751,0.38272494
63551,0.18132442,0.81867564
36156,0.02395868,0.9760414
41968,0.0092821615,0.9907178
60387,0.3900465,0.60995346
47040,0.86641085,0.13358913
41743,0.017674698,0.98232526
24827,0.051652197,0.94834787
9244,0.5789612,0.42103878
38515,0.005235553,0.99476445
63519,0.535139,0.46486095
41876,0.0864819,0.9135181
4021,0.16218124,0.83781874
4334,0.36688438,0.63311565
5394,0.74371666,0.2562833
37976,0.0036572048,0.99634284
58313,0.9445787,0.055421334
47509,0.7864313,0.21356869
21161,0.15323673,0.8467633
24769,0.2445263,0.75547373
26636,0.0053269374,0.9946731
41682,0.039986927,0.9600131
4244,0.009263802,0.9907362
46080,0.8914629,0.1085371
41570,0.04651563,0.9534844
64561,0.485542,0.514458
49844,0.9528174,0.04718258
63701,0.825415,0.174585
61513,0.81177336,0.18822663
31339,0.18348211,0.81651783
35030,0.6414586,0.3585414
37325,0.0043362305,0.9956638
1563,0.8907435,0.109256476
12111,0.48433834,0.5156616
33641,0.45861804,0.54138196
10452,0.6661919,0.33380818
45798,0.8782883,0.12171171
21046,0.11287542,0.88712466
52065,0.13273904,0.867261
30317,0.53222907,0.4677709
39251,0.00022759322,0.99977237
20947,0.44423252,0.5557675
50986,0.76165,0.23834993
25740,0.1660219,0.8339781
21993,0.730587,0.26941296
27017,0.5759023,0.42409766
14254,0.04782172,0.9521783
46863,0.90013546,0.099864505
10204,0.059789952,0.9402101
44542,0.91081077,0.0891893
58140,0.91630495,0.08369503
18402,0.20328793,0.79671204
6737,0.04360949,0.9563905
24855,0.024541643,0.9754583
32007,0.26017085,0.7398291
19957,0.0074487114,0.9925513
23529,0.07226615,0.9277338
41114,0.0021818797,0.9978181
25345,0.00937447,0.9906255
12906,0.19115569,0.8088443
23556,0.011850517,0.9881494
45107,0.73441494,0.26558506
17460,0.0043873074,0.9956126
1338,0.49813405,0.5018659
29132,0.008996551,0.9910034
44969,0.7910822,0.2089178
61826,0.72662884,0.27337113
62925,0.8594062,0.14059381
36110,0.022008102,0.9779919
21629,0.27420354,0.72579646
61841,0.83215207,0.16784792
9955,0.015120883,0.9848791
8648,0.09834399,0.901656
11095,0.011581533,0.9884185
40661,0.08170736,0.91829264
37496,0.07854739,0.92145264
58039,0.9930902,0.0069098272
33493,0.15999621,0.8400038
35899,0.3615564,0.6384436
49793,0.81289387,0.1871061
854,0.23798792,0.76201206
25720,0.1291057,0.8708943
22942,0.009662265,0.9903377
31165,0.20305634,0.79694366
1257,0.46988565,0.53011435
48912,0.9328417,0.06715824
42858,0.13082023,0.8691798
54382,0.39804268,0.6019574
32688,0.33459502,0.665405
39262,0.047549546,0.9524504
27457,0.14344788,0.8565521
1215,0.6477497,0.35225025
9329,0.7514406,0.2485594
29373,0.032637164,0.9673629
33959,0.2300953,0.7699047
55712,0.68800795,0.31199205
50923,0.6104613,0.3895387
6349,0.0056878976,0.99431217
52549,0.59028834,0.4097116
28246,0.005102294,0.99489766
47035,0.9043019,0.0956981
44733,0.91851616,0.08148381
25364,0.0007448036,0.9992551
57172,0.6727612,0.32723883
6343,0.97873724,0.021262769
57315,0.99976975,0.00023028375
29350,0.0408131,0.95918685
60444,0.26387918,0.73612076
3622,0.22709443,0.7729055
30475,0.039574616,0.9604254
16261,0.02408386,0.9759161
50181,0.69371223,0.30628777
18373,0.0054047774,0.9945952
30945,0.70702505,0.29297495
11016,0.31930235,0.6806976
26721,0.032042563,0.9679575
47527,0.8250851,0.1749149
65104,0.7014826,0.29851744
3940,0.14016852,0.8598315
24283,0.0043106643,0.99568933
62648,0.787988,0.212012
46161,0.6248431,0.37515685
33796,0.36433282,0.63566715
30477,0.009906386,0.99009365
8055,0.4832822,0.51671785
11731,0.031291198,0.96870875
64547,0.81906587,0.18093413
47397,0.8550064,0.14499357
10938,0.56933564,0.4306644
12737,0.49199772,0.5080023
57617,0.999332,0.0006679705
22478,0.23215723,0.76784277
20697,0.11490428,0.8850957
13407,0.25989717,0.7401028
45727,0.82077646,0.17922351
28734,0.050022874,0.94997716
19992,0.011623826,0.9883762
40621,0.07356859,0.9264315
5491,0.33365908,0.6663409
41274,0.23728135,0.7627186
62030,0.8286795,0.17132053
8194,0.6863639,0.31363615
4429,0.39476773,0.6052323
62199,0.84926325,0.1507368
41740,0.063429564,0.9365704
15062,0.031572513,0.9684275
38048,0.019091308,0.98090875
16391,0.008344321,0.9916557
50494,0.8651565,0.13484359
45570,0.7436108,0.25638914
21915,0.2658589,0.7341412
11432,0.029449096,0.9705509
30099,0.64586395,0.35413608
43733,0.97347844,0.02652157
3442,0.82410437,0.17589563
22115,0.34324244,0.65675753
45349,0.849028,0.150972
4666,0.044090837,0.9559092
19770,0.00081637164,0.9991836
22684,0.0067880633,0.99321187
32566,0.1401913,0.8598087
36292,0.021927394,0.97807264
33961,0.2787592,0.72124076
17576,0.00043310676,0.99956685
28962,0.111470744,0.88852924
6198,0.44103816,0.55896187
31790,0.18315953,0.8168404
52548,0.397568,0.602432
59837,0.91792125,0.08207877
29428,0.003933329,0.99606675
52409,0.62902063,0.37097937
12371,0.31003875,0.6899613
1762,0.35580555,0.6441944
29850,0.004957327,0.9950427
45521,0.84386945,0.15613057
1990,0.29068583,0.70931417
11089,0.8455031,0.15449694
23429,0.038517687,0.9614823
45885,0.82131296,0.17868707
22346,0.0057362127,0.9942638
24220,0.16323131,0.8367687
2471,0.5624636,0.43753636
4119,0.7305794,0.26942065
41275,0.29511908,0.70488095
2983,0.0637959,0.93620414
37969,0.03734665,0.9626533
6528,0.76285416,0.23714583
37125,0.103186645,0.89681333
46314,0.6041423,0.39585763
15950,0.23939225,0.7606078
57134,0.9273417,0.07265829
19212,0.011085008,0.988915
46776,0.47862923,0.5213707
52681,0.2445684,0.7554316
18849,0.0045911516,0.99540883
11678,0.4926423,0.5073577
52649,0.78654444,0.21345554
62019,0.8131875,0.18681255
38109,0.0032072007,0.99679273
51483,0.9377694,0.06223062
29717,0.15735692,0.8426431
26720,0.004843821,0.99515617
41258,0.03882979,0.9611702
57227,0.9653925,0.03460756
11485,0.06898735,0.93101263
26675,0.0101409275,0.98985904
32822,0.2565196,0.74348044
5324,0.76502955,0.23497047
23857,0.008996119,0.9910039
13116,0.18765932,0.81234074
60255,0.48841536,0.51158464
26087,0.018028494,0.98197144
44538,0.9390642,0.060935825
28084,0.015408136,0.9845918
7704,0.13853109,0.8614689
47655,0.3437758,0.6562242
57669,0.9998091,0.00019097808
49917,0.7319911,0.26800886
25185,0.0018134398,0.9981865
64802,0.79618144,0.20381859
59589,0.62729895,0.37270108
9422,0.8996971,0.10030283
37129,0.061189406,0.9388106
5927,0.7879425,0.21205747
52836,0.9327369,0.06726319
43894,0.8020924,0.19790764
631,0.04387014,0.95612985
21016,0.1422528,0.8577472
41917,0.04224646,0.95775354
22894,0.0022216432,0.99777836
55827,0.7340348,0.26596525
45197,0.90606904,0.093931034
58077,0.96838176,0.031618256
34479,0.76015866,0.23984131
6765,0.0037260677,0.996274
24787,0.12383513,0.8761649
25849,0.03216869,0.9678313
35252,0.662817,0.33718297
32674,0.09101993,0.9089801
55621,0.100345396,0.8996546
42852,0.116486706,0.8835133
37269,0.30825484,0.69174516
55446,0.6802709,0.31972915
24538,0.008464944,0.99153507
63630,0.94269496,0.057305075
44751,0.9412428,0.05875725
38873,0.008024272,0.9919757
65115,0.84327537,0.15672468
5214,0.010993348,0.98900664
49387,0.9753091,0.024690913
54153,0.8630142,0.13698578
43284,0.6702099,0.32979015
60067,0.18492699,0.8150731
49789,0.71238047,0.28761947
56568,0.88563424,0.114365794
22618,0.18022975,0.8197702
28678,0.01374479,0.98625517
60998,0.91490275,0.085097216
14605,0.5580845,0.44191548
24297,0.01049521,0.9895048
36714,0.009450639,0.9905494
35919,0.41890934,0.5810906
4860,0.83324164,0.16675834
55567,0.2702873,0.7297127
62392,0.8490142,0.15098578
5143,0.55775744,0.44224253
34310,0.42539078,0.57460916
9433,0.92897755,0.07102246
45882,0.8968112,0.10318882
689,0.45245934,0.54754066
60974,0.87039006,0.12960993
48582,0.8843885,0.11561147
14173,0.56371963,0.43628034
58191,0.97754663,0.022453433
12416,0.004519003,0.995481
9548,0.5126752,0.4873248
13864,0.24455215,0.75544786
3921,0.23277706,0.7672229
58851,0.38210922,0.61789083
1275,0.5575848,0.44241515
46306,0.8426769,0.1573231
38214,0.0019757035,0.99802434
8813,0.41485852,0.5851415
27369,0.0844933,0.91550666
31871,0.053719524,0.9462805
38144,0.014697689,0.9853023
16473,0.0061925855,0.9938074
10150,0.13433291,0.86566705
35408,0.50518906,0.49481097
25336,0.0004531758,0.9995468
49079,0.4594529,0.54054713
26787,0.06671453,0.9332855
25500,0.01149826,0.9885018
11036,0.23992032,0.7600797
61407,0.9079044,0.09209561
27683,0.0039436775,0.9960563
54159,0.91424584,0.08575416
17221,0.029871628,0.97012836
41726,0.18352622,0.81647384
1850,0.8907356,0.10926434
60492,0.48626184,0.51373816
11059,0.0113240685,0.98867595
29199,0.054733645,0.9452663
30661,0.17943594,0.82056403
14178,0.48951814,0.51048183
55790,0.5014315,0.49856848
41933,0.050868526,0.9491315
57954,0.9884339,0.011566095
60,0.0777161,0.9222839
61140,0.6848359,0.3151641
24060,0.003734721,0.99626523
33120,0.49182647,0.5081735
46506,0.9174278,0.0825722
12850,0.07911296,0.92088705
55292,0.13059358,0.86940646
22950,0.0041484535,0.9958515
14455,0.80607444,0.19392557
11600,0.014626635,0.98537344
15552,0.006053553,0.9939465
59452,0.6562073,0.34379268
12492,0.25975138,0.7402486
28603,0.04880788,0.95119214
61910,0.80967444,0.19032553
61983,0.7430213,0.25697866
20133,0.0009372972,0.9990627
59656,0.6617538,0.33824626
4374,0.0028312237,0.99716884
28672,0.0343689,0.96563107
47072,0.19144014,0.80855983
283,0.1637974,0.8362026
53015,0.6458364,0.35416362
47955,0.96187997,0.03811999
2031,0.22524568,0.7747543
5553,0.8754319,0.1245681
21229,0.18133101,0.81866896
11857,0.11178429,0.8882158
63150,0.36721596,0.63278407
33464,0.35713306,0.64286697
60223,0.8111194,0.18888061
44052,0.78692555,0.2130745
38285,0.035296362,0.9647037
13996,0.7746254,0.22537453
41043,0.017788954,0.98221105
23537,0.0023246217,0.99767536
61231,0.6695549,0.33044508
53075,0.587117,0.41288304
46337,0.83803076,0.16196927
25189,0.32591906,0.6740809
3097,0.7571421,0.24285783
33382,0.20078447,0.79921556
61453,0.9602773,0.039722715
23806,0.008242714,0.9917572
28344,0.020239843,0.9797601
10595,0.8874874,0.112512626
63277,0.17884155,0.8211584
65073,0.8444554,0.15554458
56669,0.9234058,0.07659415
40517,0.002676519,0.99732345
34144,0.3234726,0.6765274
37448,0.38877642,0.6112236
12199,0.5375411,0.46245888
21596,0.009662799,0.99033725
47550,0.9453713,0.05462866
1379,0.6964849,0.30351505
54348,0.6479129,0.35208702
31162,0.68369687,0.3163031
55139,0.7544388,0.24556115
56037,0.94373155,0.056268428
59763,0.44031003,0.55968994
8982,0.22079392,0.7792061
44107,0.8682795,0.1317205
22843,0.0034788684,0.9965211
45488,0.9218053,0.07819465
61954,0.6003596,0.39964035
3764,0.10232372,0.8976763
30736,0.047335677,0.9526644
8205,0.098414324,0.90158564
14824,0.019117579,0.98088235
64574,0.39567012,0.6043299
32551,0.09381534,0.90618473
2772,0.9102574,0.08974256
52585,0.7087379,0.29126212
492,0.17257269,0.8274273
10453,0.537354,0.46264607
24452,0.002827177,0.99717283
31844,0.06703819,0.93296176
26592,0.7057251,0.29427493
5217,0.24152535,0.75847465
17760,0.0036050947,0.99639493
3909,0.20355213,0.7964479
4495,0.5342537,0.46574625
52980,0.8777809,0.12221911
41001,0.0023083012,0.99769175
34444,0.3493472,0.65065277
46236,0.93871385,0.06128613
34837,0.56885666,0.4311433
8718,0.8639381,0.13606192
30178,0.6535337,0.34646636
31588,0.3435012,0.65649885
58840,0.48044056,0.51955944
62476,0.6996457,0.30035433
5370,0.0032382281,0.9967618
54570,0.85847723,0.14152278
37292,0.01057018,0.9894299
26712,0.014329547,0.9856705
45242,0.9155836,0.084416375
35558,0.68645775,0.31354225
18379,0.021151742,0.9788482
29861,0.026136994,0.97386307
4302,0.11769408,0.8823059
38399,0.018286929,0.9817131
1079,0.6503422,0.34965783
25187,0.85763144,0.14236857
49189,0.8723816,0.12761842
15851,0.0009270749,0.9990729
25199,0.047999628,0.9520003
11577,0.002333911,0.9976661
44073,0.7777744,0.22222562
51584,0.45820194,0.5417981
45838,0.573282,0.426718
27402,0.115419716,0.8845803
30993,0.33097953,0.6690205
45624,0.7354152,0.26458472
19483,0.1200135,0.8799865
6340,0.5308848,0.4691152
37545,0.03974245,0.96025753
7224,0.0106130475,0.9893869
45741,0.7429057,0.25709432
4695,0.122201405,0.8777986
1846,0.7925921,0.20740788
13215,0.07615125,0.9238488
19599,0.029638212,0.9703618
11990,0.008975049,0.991025
54300,0.81749684,0.18250312
11250,0.012688291,0.9873117
8941,0.6300691,0.36993092
35429,0.59747255,0.4025274
49912,0.5482011,0.45179892
19378,0.03725003,0.96274996
5802,0.21976705,0.7802329
3708,0.5054969,0.4945031
24626,0.06615352,0.93384653
60100,0.32180297,0.678197
63310,0.3104972,0.6895028
49009,0.9437045,0.056295548
23828,0.17303774,0.82696223
28732,0.008692021,0.99130803
18537,0.0032678484,0.9967321
36141,0.0077834195,0.9922166
34421,0.37513292,0.6248671
18622,0.0017672712,0.9982327
60101,0.22285873,0.7771413
54559,0.16680695,0.83319306
58926,0.63102406,0.36897597
54431,0.46895522,0.5310447
47511,0.4379135,0.56208646
27783,0.0029607208,0.9970393
52978,0.9132691,0.086730875
5113,0.56462663,0.43537337
53405,0.8915168,0.1084832
52944,0.81920666,0.18079333
38865,0.00044473363,0.9995553
59341,0.48099536,0.51900464
9192,0.47753328,0.5224667
15711,0.0008083104,0.9991917
47516,0.7031472,0.2968528
54455,0.39160508,0.608395
62720,0.9008801,0.099119894
50207,0.5247607,0.47523925
9475,0.41722557,0.58277446
47363,0.6310796,0.36892036
43613,0.9969656,0.0030343567
34915,0.59144235,0.40855768
38377,0.042253405,0.95774657
62994,0.95867294,0.04132705
9097,0.26200107,0.7379989
42770,0.13082457,0.8691755
10795,0.058699995,0.94130003
30715,0.06434349,0.93565655
19606,0.0058964714,0.9941035
57885,0.9903868,0.009613211
45830,0.9139046,0.08609539
19971,0.010183221,0.9898168
46799,0.80596447,0.19403552
22176,0.07766531,0.9223347
29838,0.016449811,0.9835502
10878,0.38957763,0.6104224
19169,0.0178617,0.9821383
47782,0.84074,0.15925999
35315,0.52678,0.47322002
39592,0.006179376,0.9938206
56431,0.8509644,0.14903559
16809,0.001255521,0.9987445
12163,0.2494834,0.7505166
14060,0.5436864,0.45631364
30109,0.10035411,0.8996459
56799,0.59651995,0.4034801
58061,0.98388356,0.016116379
20963,0.059373897,0.9406261
17339,0.0020118249,0.9979882
50799,0.80939955,0.19060048
11610,0.7723574,0.22764252
7177,0.2017776,0.79822236
64122,0.95032066,0.049679272
48225,0.8723438,0.1276562
19798,0.001286499,0.9987135
36551,0.00061809015,0.9993819
13910,0.021563571,0.9784364
4142,0.44313613,0.5568639
55193,0.50696087,0.49303913
35324,0.5944334,0.40556654
36351,0.008056388,0.9919436
40062,0.0134851,0.98651487
8981,0.30289698,0.697103
52663,0.7777476,0.22225243
55250,0.76595575,0.23404427
49056,0.8872436,0.11275642
45163,0.8739191,0.12608089
46191,0.9051713,0.09482873
59667,0.7313142,0.26868582
15569,0.006059718,0.99394023
28375,0.0048312047,0.99516875
34886,0.49359256,0.50640744
10014,0.38519597,0.614804
9297,0.8999541,0.10004588
18214,0.019594809,0.9804052
27696,0.0009027623,0.9990972
18556,0.0037503222,0.99624974
54898,0.5458383,0.45416173
10776,0.74572206,0.2542779
60503,0.17262591,0.8273741
6357,0.7949044,0.2050956
20105,0.0010772721,0.99892265
59856,0.7600511,0.23994887
61086,0.78010195,0.21989802
30801,0.06011122,0.9398888
3881,0.076110214,0.9238898
37319,0.26305738,0.7369426
38371,0.27589703,0.7241029
57880,0.9849899,0.015010122
36368,0.1765485,0.8234516
59590,0.65930605,0.34069398
51614,0.17545606,0.8245439
40983,0.039854575,0.9601454
22055,0.50791967,0.4920803
55161,0.7637854,0.23621453
55025,0.8827225,0.11727751
34277,0.24697326,0.7530267
60229,0.64657414,0.3534259
14066,0.5675079,0.4324921
42394,0.00061507366,0.9993849
60576,0.3177357,0.6822643
3326,0.02190028,0.97809976
40947,0.018537505,0.9814625
34037,0.40412426,0.5958758
14467,0.034611244,0.96538883
64370,0.85156834,0.14843167
27718,0.0028445825,0.9971554
14325,0.00975009,0.99024993
41305,0.13101909,0.8689809
34251,0.19254547,0.8074545
39602,0.0005991425,0.99940085
7858,0.002637485,0.99736255
43729,0.9033293,0.09667061
14336,0.16075629,0.83924377
12100,0.014607775,0.9853923
64075,0.81485206,0.18514793
16903,0.015065941,0.9849341
19610,0.00482974,0.9951703
20668,0.45195076,0.5480492
15782,0.001498005,0.998502
44098,0.8147665,0.18523347
12081,0.7797434,0.22025661
32490,0.14080788,0.85919213
41529,0.033544652,0.96645534
14977,0.6302172,0.36978284
29044,0.12685609,0.8731439
1269,0.5069544,0.49304563
44257,0.71218497,0.28781503
9649,0.5549167,0.44508335
11466,0.15578188,0.84421813
48073,0.40436375,0.5956363
28977,0.040042643,0.9599574
64077,0.44993293,0.5500671
10699,0.5264113,0.47358876
42441,0.44313154,0.55686843
35939,0.54455906,0.45544088
49753,0.88813674,0.111863226
36581,0.23627216,0.76372784
1982,0.775249,0.22475106
22967,0.0066452157,0.9933548
3865,0.07529111,0.9247089
15231,0.55827546,0.44172454
59691,0.6933054,0.30669463
20061,0.0011209752,0.998879
30064,0.015760245,0.9842398
56121,0.97032154,0.029678432
49850,0.86460936,0.13539061
58630,0.5240591,0.47594088
42230,0.0024484922,0.9975515
65167,0.7940599,0.20594016
36961,0.01741593,0.98258406
41813,0.19012102,0.80987895
13843,0.03670338,0.96329665
64895,0.6674122,0.33258784
33223,0.3506542,0.64934576
21605,0.08016032,0.91983974
3067,0.21581836,0.7841816
7543,0.4209443,0.5790557
12038,0.5095206,0.49047947
56890,0.87965155,0.12034842
9032,0.12730047,0.87269956
41111,0.0040009334,0.9959991
34593,0.8645195,0.13548048
42989,0.015521379,0.9844786
44130,0.6013565,0.3986435
21581,0.23580688,0.7641931
26365,0.016830169,0.9831699
47340,0.64768,0.35232002
33692,0.36939505,0.630605
28050,0.04220652,0.9577935
41953,0.16012497,0.83987504
20610,0.064180404,0.93581957
15026,0.06884532,0.9311547
50702,0.9609983,0.039001644
20477,0.72002107,0.279979
9994,0.47271603,0.52728397
4949,0.96187794,0.038122077
52737,0.18659416,0.8134058
844,0.28265113,0.7173489
40182,0.0008902717,0.9991097
55076,0.4894563,0.5105437
52345,0.85109967,0.14890034
39455,0.17805302,0.82194704
62448,0.62765974,0.37234032
6118,0.8486591,0.1513409
56928,0.9395058,0.06049419
3094,0.6729137,0.32708633
39477,0.16200605,0.837994
35112,0.6273271,0.37267295
43871,0.6818131,0.31818688
11069,0.6680985,0.33190152
19384,0.014151264,0.9858488
43707,0.92442006,0.07557993
48949,0.89888513,0.101114884
41170,0.017081544,0.9829184
65149,0.8334572,0.16654281
54032,0.9176383,0.08236167
41,0.053189296,0.94681066
6981,0.24049436,0.7595057
56847,0.9995807,0.00041927682
14146,0.094170555,0.9058294
64135,0.7167697,0.28323033
58046,0.97092766,0.02907241
850,0.33239526,0.66760474
28698,0.018236913,0.98176306
49248,0.92685735,0.0731426
61044,0.8355191,0.16448094
38189,0.0013894453,0.9986105
59078,0.2532254,0.7467746
46490,0.85791034,0.1420897
10858,0.27253613,0.72746384
64649,0.8883131,0.11168692
30973,0.6432245,0.35677558
6467,0.92619723,0.07380282
28995,0.029408945,0.97059107
49886,0.5885183,0.41148168
48813,0.8555464,0.14445359
38899,0.0005630122,0.9994369
12770,0.8002103,0.19978967
55859,0.70000577,0.2999942
34960,0.8575646,0.1424354
23345,0.02452651,0.9754735
14788,0.0019443257,0.9980557
21278,0.0013486665,0.9986513
9557,0.0067584715,0.99324155
3364,0.40027022,0.5997298
37435,0.343682,0.656318
49449,0.631636,0.36836392
17312,0.00545805,0.99454194
3869,0.15405197,0.845948
28256,0.011525999,0.9884741
63557,0.3552173,0.6447827
4864,0.1137545,0.8862455
60726,0.7439465,0.25605354
63703,0.7714603,0.22853974
15618,0.0030377284,0.99696225
10614,0.15915443,0.8408455
49664,0.916882,0.083118
57877,0.98395544,0.016044497
33165,0.21872471,0.78127533
35144,0.68645775,0.31354225
36741,0.01755243,0.98244756
63996,0.93514144,0.06485857
42096,0.08856646,0.9114335
40493,0.015245815,0.9847542
34367,0.3178251,0.6821749
6611,0.5314067,0.4685933
49455,0.8774541,0.122545846
17425,0.060287915,0.9397121
6839,0.021476917,0.9785231
14127,0.09845872,0.9015413
62484,0.7484973,0.25150263
10171,0.22633713,0.77366287
12979,0.0017956191,0.99820435
36350,0.017946249,0.98205376
47705,0.7400637,0.25993633
7909,0.29186127,0.70813876
44935,0.9256783,0.07432172
42450,0.40949726,0.5905027
24212,0.013525168,0.9864748
21762,0.048472255,0.9515278
32968,0.3957145,0.6042855
42215,0.2179864,0.7820136
242,0.19645335,0.8035466
34380,0.43872282,0.5612772
14353,0.004181664,0.9958183
45842,0.8806917,0.11930824
1945,0.43394342,0.56605655
27535,0.40375385,0.5962461
37223,0.5210871,0.4789129
10902,0.39321724,0.6067828
43906,0.7511527,0.24884729
64149,0.753221,0.246779
42572,0.7789046,0.22109535
19828,0.00396416,0.9960359
17341,0.029061746,0.9709382
64281,0.7177029,0.28229707
46240,0.56753594,0.43246403
41068,0.71586823,0.2841317
44420,0.8076431,0.19235688
33612,0.30334732,0.69665265
29138,0.035607304,0.9643927
45356,0.82961065,0.17038931
29473,0.002720138,0.9972799
17186,0.0017696468,0.9982304
63635,0.9247954,0.07520462
5686,0.9275162,0.07248381
868,0.5695961,0.43040386
61054,0.6719093,0.3280907
23067,0.0028659294,0.9971341
42822,0.22060996,0.77939004
29939,0.13576122,0.86423874
41783,0.02835727,0.9716428
50113,0.50334466,0.49665532
20696,0.13849625,0.8615038
64979,0.73689836,0.2631016
60528,0.36531395,0.6346861
45028,0.94325733,0.05674267
36021,0.33541614,0.6645839
48575,0.8370142,0.1629858
48681,0.8186864,0.18131356
16650,0.17490526,0.82509476
21472,0.023633176,0.9763668
49288,0.95914817,0.040851858
31842,0.11056581,0.8894342
43279,0.75861704,0.24138297
48746,0.68834615,0.31165388
61051,0.89076555,0.10923451
59410,0.59190345,0.4080966
35518,0.34274724,0.6572528
14404,0.33194143,0.6680586
23714,0.014902647,0.9850973
48451,0.8947579,0.10524211
38026,0.011584065,0.98841596
44913,0.9800511,0.019948978
35334,0.5435982,0.4564018
14932,0.1433041,0.85669595
26475,0.5950842,0.40491584
62237,0.9278785,0.07212147
64128,0.9261538,0.07384623
60385,0.5393727,0.46062732
57670,0.99883145,0.0011685682
46288,0.84618425,0.15381576
21744,0.058468457,0.94153154
20012,0.00928285,0.9907171
58570,0.8657725,0.13422756
3448,0.44634354,0.5536564
2575,0.7767544,0.22324559
50667,0.73151964,0.26848036
23142,0.042438116,0.9575619
25894,0.10331539,0.8966846
42973,0.03895587,0.96104413
28731,0.025194762,0.9748052
7093,0.3546103,0.64538974
3948,0.032992378,0.9670076
57733,0.7492928,0.2507072
10911,0.1736544,0.8263456
3683,0.14166085,0.8583392
20103,0.001945178,0.99805486
22479,0.054306645,0.9456933
14630,0.10446827,0.8955318
11359,0.08703618,0.9129638
56001,0.96874744,0.03125259
13295,0.0019944506,0.99800557
10298,0.42068186,0.57931817
23070,0.0058514914,0.9941485
11821,0.8266634,0.17333661
18325,0.067872375,0.93212765
23355,0.024305198,0.9756948
47723,0.76383775,0.23616225
12628,0.4828714,0.5171286
22247,0.00154473,0.9984553
15986,0.00079204096,0.99920803
23293,0.010121206,0.9898788
49978,0.9208384,0.07916158
17399,0.003572245,0.9964277
50892,0.40239966,0.59760034
25708,0.3113575,0.68864244
42647,0.090358645,0.9096414
27903,0.032535195,0.96746486
30443,0.0053546904,0.99464536
42442,0.003923629,0.9960764
23558,0.110290475,0.8897095
28724,0.76995534,0.23004471
14346,0.5469794,0.4530206
8306,0.3861217,0.6138783
241,0.1499018,0.85009813
32178,0.1610064,0.8389936
42226,0.10258321,0.8974168
60079,0.43351743,0.56648254
31980,0.04997771,0.95002234
16387,0.002810204,0.9971898
33787,0.21927854,0.7807215
9680,0.021315195,0.97868484
60082,0.7289683,0.2710317
862,0.21141046,0.78858954
48044,0.79382503,0.206175
18895,0.0012021192,0.9987979
13802,0.0018811238,0.9981188
41427,0.012132811,0.98786724
5278,0.88887787,0.11112213
56881,0.975833,0.024167039
36928,0.0077337413,0.99226624
25904,0.006264055,0.9937359
52289,0.41329414,0.58670586
53699,0.83174694,0.16825308
12148,0.4117433,0.58825666
23875,0.0016646712,0.9983353
13479,0.001910136,0.99808985
31499,0.01505736,0.9849427
64105,0.9150078,0.08499215
8011,0.36071843,0.6392816
40257,0.005491709,0.9945083
56629,0.9215179,0.07848204
30849,0.4661729,0.53382707
49569,0.7827393,0.21726076
39484,0.022131987,0.97786796
24009,0.001350484,0.99864954
55478,0.45756048,0.5424395
12410,0.14879695,0.8512031
30794,0.27159148,0.7284085
40307,0.011155764,0.9888442
1764,0.5288941,0.4711059
64049,0.87785506,0.12214497
60530,0.3105273,0.68947273
9166,0.84706867,0.15293139
24273,0.0015468952,0.99845314
5476,0.46037778,0.5396222
9164,0.7689265,0.23107348
25403,0.004664891,0.99533516
10437,0.2758205,0.72417945
9207,0.23010108,0.76989895
14817,0.029104862,0.9708952
16506,0.0023877327,0.99761224
15977,0.008803666,0.9911964
24485,0.14403836,0.8559616
53701,0.2181666,0.7818334
5049,0.9124374,0.08756262
31544,0.11226201,0.887738
41433,0.01641426,0.9835857
12755,0.6625486,0.3374514
45949,0.52643216,0.47356784
29338,0.07401378,0.9259862
18579,0.0010557374,0.9989442
44531,0.8056334,0.19436659
53772,0.73632044,0.26367953
54544,0.8391883,0.16081177
30908,0.0067571145,0.9932429
5385,0.01061009,0.98938996
46855,0.8857452,0.11425481
12328,0.012167259,0.98783267
14305,0.07440314,0.9255969
30350,0.005882694,0.99411726
27628,0.34595865,0.6540414
39306,0.009111102,0.99088895
36695,0.0061430307,0.99385697
34994,0.8852717,0.114728324
47698,0.78822154,0.21177852
31350,0.14851165,0.85148835
31089,0.010365495,0.98963445
28562,0.013059889,0.9869401
39463,0.027411949,0.97258806
53975,0.8767435,0.12325656
12105,0.09287316,0.9071268
23350,0.030339677,0.96966034
37429,0.28405622,0.7159438
61403,0.70489043,0.29510954
538,0.3417996,0.65820044
60857,0.96095264,0.03904738
29174,0.009152478,0.99084747
60834,0.4029436,0.5970564
1952,0.14796735,0.8520326
36145,0.009198544,0.9908015
54454,0.53743315,0.46256682
1173,0.5461288,0.4538712
26815,0.37610286,0.62389714
37705,0.0036661464,0.99633384
13016,0.04518302,0.954817
46339,0.85486305,0.14513692
64888,0.7892642,0.21073577
59084,0.39544713,0.6045529
20755,0.35826173,0.6417383
58397,0.9793611,0.020638866
4407,0.63715196,0.36284807
38892,0.00011731447,0.9998827
23141,0.025273807,0.97472626
28086,0.012340691,0.9876593
58369,0.9773516,0.022648424
54984,0.5784391,0.42156088
58271,0.99707615,0.0029238597
13580,0.38196993,0.61803
55335,0.45428693,0.5457131
33655,0.440153,0.559847
25677,0.16288939,0.83711064
18306,0.0339554,0.9660446
9729,0.17122518,0.82877475
34216,0.29108942,0.7089105
44846,0.92316884,0.076831184
54407,0.7533393,0.24666071
40209,0.030797658,0.96920234
51335,0.5463112,0.4536888
42212,0.85848224,0.14151768
4893,0.53360367,0.4663963
1798,0.4359093,0.5640907
55067,0.099488415,0.9005116
63214,0.78923607,0.21076392
48004,0.12751514,0.87248486
1606,0.3333761,0.66662383
65042,0.0338113,0.9661887
19590,0.008111171,0.9918888
28546,0.025876816,0.9741232
41003,0.08508612,0.91491383
56136,0.9432986,0.056701466
53201,0.81015027,0.18984967
43538,0.9259065,0.07409349
31082,0.05415355,0.94584644
7161,0.17231233,0.8276877
59869,0.39671344,0.60328656
12,0.17041121,0.82958883
7805,0.7799425,0.22005744
5507,0.67579794,0.32420212
37952,0.0021481018,0.99785197
21511,0.57347524,0.4265247
32887,0.45132372,0.5486763
6802,0.032227285,0.96777266
17095,0.013583461,0.9864166
58058,0.9720114,0.027988654
40440,0.053662274,0.9463377
39867,0.0014536794,0.99854636
40553,0.00047119998,0.99952877
62379,0.9471539,0.052846055
2970,0.85675365,0.14324631
38732,0.023082996,0.976917
5009,0.8230749,0.17692515
38561,0.16284554,0.8371545
6719,0.9163332,0.08366679
2740,0.9075407,0.092459336
45576,0.82573885,0.1742612
8385,0.36072466,0.6392753
28208,0.054226406,0.9457736
34804,0.62034065,0.37965935
31098,0.017266702,0.98273325
56650,0.7418222,0.2581778
14452,0.6409479,0.35905206
7714,0.6920438,0.30795625
33487,0.18564829,0.8143517
56887,0.993028,0.006971968
46531,0.9631852,0.036814857
4622,0.42677855,0.5732215
15006,0.16751848,0.8324815
36660,0.21557346,0.7844265
9927,0.0302118,0.9697882
33683,0.5145672,0.48543277
31503,0.16642104,0.833579
22842,0.027643591,0.9723564
50419,0.7963302,0.20366977
39311,0.29850867,0.7014913
62143,0.9341215,0.06587851
52636,0.8456948,0.15430526
8863,0.2229264,0.7770737
29827,0.34108925,0.65891075
1400,0.816316,0.18368398
7830,0.6178171,0.38218287
38450,0.00016353735,0.99983644
35499,0.621878,0.37812197
20683,0.5239657,0.47603428
8223,0.026190015,0.97381
64326,0.8240506,0.17594938
25237,0.027188398,0.9728116
26482,0.36794814,0.6320518
38761,0.043461468,0.95653856
50924,0.6547282,0.34527186
21121,0.289015,0.710985
34212,0.78836936,0.21163066
14167,0.3563799,0.64362013
6007,0.66599864,0.33400136
48535,0.92935085,0.07064913
31628,0.2502038,0.7497963
56345,0.79410976,0.2058902
14138,0.0036447712,0.9963553
44426,0.81184745,0.18815249
22827,0.017169723,0.9828303
48153,0.8591927,0.14080732
31438,0.10558504,0.89441496
55420,0.73252565,0.26747435
13570,0.16991727,0.83008265
64257,0.9192898,0.08071015
18651,0.0002724485,0.99972755
50518,0.8734115,0.12658854
12604,0.6309473,0.36905274
10828,0.61515015,0.38484982
40896,0.0018159568,0.998184
28844,0.06220559,0.9377943
25811,0.8138182,0.1861818
4328,0.26956546,0.73043454
24794,0.13217863,0.8678214
56907,0.99961615,0.0003837832
32095,0.19847462,0.8015254
7476,0.009640234,0.9903598
18982,0.0011148497,0.9988852
233,0.50830024,0.49169978
12895,0.42605484,0.57394516
62362,0.96243364,0.03756641
27420,0.04561318,0.95438683
57454,0.9683168,0.031683218
64080,0.77325094,0.22674912
21056,0.15247205,0.847528
58111,0.8478883,0.15211172
45037,0.9682639,0.031736042
36599,0.010435185,0.9895648
62790,0.9809991,0.019000812
140,0.16922197,0.83077806
8745,0.31464,0.68536
69,0.028798455,0.9712016
23191,0.0015213015,0.9984787
36078,0.011405961,0.98859406
32362,0.49802282,0.5019772
26107,0.006046935,0.99395305
16055,0.0007754627,0.99922454
48042,0.7359578,0.26404223
6384,0.65328264,0.3467174
56373,0.8239716,0.17602839
38317,0.016191786,0.9838082
14700,0.007785044,0.992215
30797,0.22248226,0.77751774
19503,0.0027433971,0.9972566
40941,0.120353,0.879647
59141,0.1408198,0.85918015
46500,0.9500759,0.04992407
34977,0.78796476,0.21203521
27962,0.0074200556,0.99258
38556,0.07572445,0.9242755
52174,0.103948206,0.89605176
375,0.16444057,0.8355594
4568,0.79465795,0.20534207
4291,0.007380203,0.9926198
42482,0.6845901,0.31540984
45879,0.74500877,0.25499126
32072,0.06221214,0.93778783
32350,0.5434427,0.45655727
27230,0.06876026,0.9312398
58411,0.8753657,0.12463439
2850,0.018167047,0.981833
19870,0.00086745434,0.9991326
37939,0.0024575745,0.9975425
25018,0.006524808,0.99347514
22632,0.020805225,0.97919476
56948,0.9907376,0.009262446
24033,0.007715649,0.99228436
40798,0.08614001,0.91386
29233,0.008810717,0.99118924
5958,0.5369688,0.46303117
11752,0.93416697,0.065833084
14432,0.63927317,0.36072686
52253,0.7160331,0.2839669
9809,0.4622839,0.53771603
3393,0.7119834,0.28801662
42487,0.030860385,0.96913964
59772,0.33287254,0.66712743
7779,0.45083168,0.54916835
22980,0.015999129,0.9840008
25822,0.026022637,0.9739774
9675,0.25568065,0.7443194
53469,0.6231377,0.37686232
25508,0.0008515214,0.9991485
3190,0.62808913,0.3719108
51373,0.7379571,0.26204294
45545,0.7180503,0.28194976
9283,0.63376796,0.36623204
9997,0.078714974,0.92128503
61541,0.6843318,0.31566823
22488,0.007784451,0.9922156
38226,0.021938676,0.9780613
24545,0.003210596,0.9967894
9044,0.03387784,0.9661222
731,0.4217041,0.5782959
34869,0.66096616,0.33903387
5234,0.58729184,0.41270816
10297,0.5046757,0.49532434
65113,0.8793963,0.12060368
22294,0.0033752504,0.9966247
53573,0.85121,0.14879005
4623,0.30215764,0.69784236
20383,0.457418,0.542582
21593,0.50951946,0.4904805
12427,0.088029064,0.911971
30179,0.43073097,0.56926906
733,0.21719165,0.78280836
1611,0.20527382,0.79472613
5005,0.3499904,0.65000963
43799,0.99164927,0.008350699
30263,0.00070070213,0.9992993
49350,0.5961879,0.40381214
1050,0.27534953,0.7246505
3205,0.9320484,0.06795156
27958,0.031487152,0.9685128
53825,0.74092215,0.25907788
7747,0.5006179,0.49938205
59721,0.78872824,0.21127176
9222,0.60340005,0.39659995
454,0.8283399,0.17166013
43467,0.96532214,0.0346779
32432,0.084164105,0.9158359
16271,0.008021785,0.99197817
19815,0.00095585483,0.9990441
65032,0.68951494,0.31048512
52214,0.7584793,0.24152072
50598,0.9244438,0.07555624
28386,0.06900138,0.9309987
60696,0.21387877,0.78612125
10265,0.85585415,0.14414586
2900,0.16808754,0.8319125
17732,0.027277503,0.9727225
35937,0.077367865,0.9226321
50621,0.7389677,0.26103225
4631,0.3923388,0.6076612
7195,0.34919754,0.65080243
24797,0.20671901,0.793281
40889,0.032876596,0.9671234
60052,0.45959187,0.54040813
28943,0.022980763,0.97701925
28881,0.005724593,0.9942754
50747,0.3126241,0.6873759
59760,0.040879775,0.95912015
63155,0.68380165,0.3161983
64988,0.81647086,0.18352915
38221,0.0035075913,0.99649245
63019,0.36275986,0.6372402
52229,0.83988196,0.1601181
15938,0.0024413075,0.9975587
47327,0.75434965,0.2456504
51357,0.83801305,0.16198689
52642,0.7632555,0.23674457
23990,0.0010156421,0.9989844
778,0.21654215,0.7834579
447,0.6124393,0.38756076
5007,0.40807715,0.5919229
15621,0.0017128036,0.99828714
22586,0.7185285,0.2814715
22663,0.0046213013,0.99537873
55713,0.96327037,0.036729645
21458,0.49778125,0.5022187
12461,0.19792478,0.8020752
7581,0.21550766,0.7844923
49628,0.80830336,0.19169658
63026,0.72939396,0.2706061
48638,0.6739963,0.32600367
64416,0.70785207,0.292148
32784,0.516402,0.483598
14197,0.19278194,0.8072181
56471,0.9903037,0.009696373
47754,0.422579,0.57742095
27197,0.043930955,0.95606905
18024,0.073192015,0.926808
21092,0.18450546,0.81549454
64861,0.7348317,0.2651683
9496,0.78294605,0.21705388
43791,0.8552311,0.14476883
31368,0.110929504,0.8890705
9659,0.743816,0.25618398
49968,0.91376007,0.08623995
26684,0.006722719,0.99327725
30429,0.010002318,0.9899977
17682,0.002900579,0.9970994
36617,0.066995524,0.9330045
12036,0.3195626,0.6804374
1456,0.7340281,0.26597196
1699,0.48552474,0.5144752
33209,0.37465766,0.62534237
17710,0.010646085,0.9893539
27175,0.025212761,0.9747873
19373,0.00029367174,0.9997063
47792,0.91454685,0.08545312
42873,0.040414046,0.9595859
1340,0.27246028,0.72753966
44844,0.86149484,0.1385051
22329,0.0049200216,0.99508
42067,0.03587317,0.9641268
65065,0.79367054,0.20632944
59263,0.64410734,0.3558927
43271,0.7792436,0.2207564
49644,0.78108597,0.21891405
17508,0.0073920162,0.99260795
61600,0.96095264,0.03904738
17419,0.005994037,0.9940059
59233,0.7035228,0.2964772
55176,0.792737,0.20726304
46589,0.57512397,0.42487603
48416,0.8370647,0.16293526
12826,0.027558587,0.9724414
52464,0.91342443,0.08657559
61271,0.74857056,0.25142944
5979,0.652819,0.347181
57266,0.59806794,0.40193206
32146,0.25658223,0.7434178
6717,0.8784696,0.12153043
2029,0.32069036,0.6793096
59256,0.6581377,0.34186235
6346,0.83822644,0.16177356
6596,0.7052133,0.29478672
42241,0.06099443,0.93900555
22233,0.0068128784,0.99318707
24861,0.093174905,0.90682507
55252,0.6807145,0.31928554
54356,0.7373128,0.26268718
25693,0.15109369,0.84890634
904,0.8113201,0.18867986
2384,0.8592762,0.1407238
54598,0.9197039,0.08029617
20852,0.18430932,0.8156907
2988,0.33555412,0.6644459
24193,0.0057307216,0.99426925
62851,0.97124445,0.028755553
28712,0.09620874,0.90379125
12660,0.7305741,0.26942596
21177,0.121068746,0.8789313
45788,0.92424923,0.07575081
58725,0.98076427,0.019235743
27612,0.0028250567,0.997175
61630,0.98822045,0.011779513
62411,0.7029837,0.2970163
16477,0.0010891581,0.9989109
50090,0.6932148,0.30678523
9743,0.2653963,0.7346037
18023,0.041895058,0.9581049
24069,0.0037587835,0.9962412
44497,0.87636024,0.123639755
23983,0.24251826,0.75748175
64078,0.5399549,0.46004504
58682,0.98897624,0.011023782
47861,0.64295113,0.3570488
6449,0.42382625,0.5761737
26842,0.013044545,0.98695546
64154,0.24385978,0.7561402
18324,0.0036403616,0.99635965
30553,0.013248693,0.9867513
24901,0.06967263,0.9303274
9260,0.43293023,0.5670698
14417,0.40563357,0.59436643
22099,0.09547196,0.9045281
31331,0.1785189,0.8214811
42363,0.028446475,0.97155356
51239,0.87524086,0.12475906
41197,0.07114871,0.92885125
41300,0.12374434,0.87625563
37892,0.17224541,0.82775456
42296,0.0076770443,0.9923229
64349,0.8579237,0.1420763
14299,0.38138878,0.6186112
27786,0.011785748,0.98821425
27500,0.5595604,0.44043958
20129,0.00060063566,0.9993993
53389,0.5189675,0.4810325
43781,0.939111,0.060889035
41479,0.053581163,0.9464188
60046,0.25736755,0.74263245
26333,0.0011397407,0.99886024
54612,0.71417063,0.28582942
8850,0.13536756,0.8646325
54695,0.84584653,0.15415347
14368,0.014021059,0.9859789
43820,0.9250929,0.074907124
53349,0.6816079,0.31839207
34263,0.148182,0.85181797
41878,0.03546722,0.9645328
7758,0.42303428,0.57696575
32445,0.25562704,0.7443729
10273,0.7250118,0.27498817
33170,0.28818905,0.71181095
63522,0.1744877,0.8255123
31837,0.3261611,0.6738389
23593,0.00032329495,0.9996767
54692,0.46501037,0.53498966
36744,0.014643481,0.9853565
46013,0.910069,0.089931086
10985,0.012131462,0.9878685
43034,0.0069606565,0.9930393
20436,0.41475913,0.5852409
28219,0.008888477,0.99111146
52421,0.9358954,0.064104594
17343,0.016777316,0.98322266
32779,0.47831,0.52169
8014,0.5324003,0.4675997
38867,0.00056837214,0.99943155
55289,0.7310231,0.26897696
1852,0.82112867,0.17887136
27479,0.49251035,0.5074896
23980,0.028673021,0.97132695
30124,0.0050641694,0.99493575
15989,0.0023444705,0.9976555
23817,0.06249546,0.9375046
4869,0.8781091,0.12189086
22524,0.05227518,0.9477248
42402,0.0054966854,0.9945034
828,0.49165526,0.50834477
14751,0.3797844,0.6202156
46746,0.8501217,0.14987826
49053,0.7617128,0.2382872
42238,0.026337937,0.9736621
40377,0.04452583,0.95547414
21503,0.33606443,0.66393554
38582,0.005861511,0.9941385
46257,0.80428624,0.19571377
45350,0.8564885,0.14351143
64723,0.66933453,0.33066547
50786,0.8741827,0.12581734
56960,0.9875395,0.012460529
35772,0.2359838,0.7640163
654,0.025389442,0.9746106
28089,0.008593851,0.9914062
56929,0.9769201,0.023079833
33785,0.20157045,0.79842955
4314,0.24737608,0.7526239
16427,0.002992543,0.9970074
41325,0.048109032,0.951891
23671,0.22847289,0.7715271
37633,0.022183783,0.9778162
52699,0.70286554,0.2971345
22947,0.0081468215,0.9918532
26440,0.048913646,0.95108634
35464,0.6838032,0.31619674
31491,0.40503782,0.5949622
20451,0.44895935,0.5510406
6173,0.63734275,0.36265722
20187,0.00022414906,0.9997758
29215,0.33812994,0.66187006
12855,0.018335406,0.98166466
53480,0.83264166,0.16735835
62185,0.9263708,0.07362921
3309,0.25402597,0.74597406
16863,0.014803603,0.98519635
55109,0.79752904,0.20247093
6579,0.75927675,0.24072322
15794,0.0018955104,0.99810445
41745,0.016480083,0.98352
22975,0.005882998,0.994117
248,0.33816168,0.6618383
5713,0.76565903,0.23434094
15887,0.2523981,0.7476019
3883,0.92304367,0.07695631
32835,0.16671449,0.8332855
11151,0.005125465,0.99487454
17311,0.000429179,0.9995708
5830,0.43687612,0.5631239
7502,0.36931401,0.630686
56389,0.9990858,0.00091420725
14933,0.026416726,0.97358334
33722,0.41410777,0.5858922
56709,0.97086245,0.029137583
63364,0.4313851,0.56861496
62857,0.8380365,0.1619635
52734,0.9278327,0.07216729
21231,0.10531178,0.8946882
27663,0.0010557919,0.9989442
47417,0.9175131,0.082487
34235,0.28979325,0.7102067
18656,0.0007866721,0.99921334
7298,0.08223434,0.9177657
35322,0.74110675,0.25889328
25305,0.0055941995,0.99440575
3590,0.23268375,0.7673162
26142,0.2419974,0.75800264
4634,0.9135738,0.086426266
25394,0.0036957597,0.9963043
41812,0.7061981,0.29380187
32972,0.45428216,0.54571784
22788,0.013434365,0.98656565
47302,0.83130205,0.16869801
39357,0.08710044,0.9128996
23616,0.0023358613,0.9976641
32904,0.32487136,0.67512864
57631,0.9998658,0.00013422611
34059,0.39908376,0.60091627
38915,0.0022495773,0.99775046
64658,0.7999507,0.20004927
52723,0.7329672,0.26703283
33757,0.18972927,0.8102707
57842,0.9592367,0.040763296
9373,0.8877951,0.11220489
30517,0.003932421,0.9960675
17024,0.009909315,0.9900907
40151,0.25760216,0.7423978
28768,0.2932158,0.7067842
51713,0.84183705,0.15816292
29158,0.11119685,0.8888032
24743,0.732678,0.26732203
2404,0.8846415,0.11535843
55734,0.5780771,0.42192298
7059,0.07775,0.92225
28969,0.014149659,0.9858503
12987,0.66476476,0.33523527
23534,0.0054938137,0.9945062
63,0.026968103,0.9730319
4149,0.051725652,0.9482743
31523,0.34087417,0.65912586
34406,0.8009987,0.19900131
5256,0.79608405,0.20391598
44891,0.94948363,0.050516415
26872,0.002094504,0.9979055
34683,0.6634818,0.3365182
12434,0.31048948,0.6895105
64967,0.6680622,0.3319378
25084,0.014142897,0.9858571
20084,0.00022945619,0.9997706
53802,0.80327886,0.19672114
7439,0.54726964,0.45273033
47665,0.104588106,0.8954119
15137,0.08086679,0.9191332
55121,0.44778907,0.55221087
25821,0.0143532725,0.9856468
37635,0.008772833,0.9912272
63973,0.95917976,0.04082021
17331,0.040691167,0.95930886
18382,0.001119864,0.9988801
25100,0.564917,0.435083
36758,0.025574172,0.97442585
55150,0.37274405,0.6272559
4881,0.43360472,0.5663953
25368,0.00046303927,0.999537
6355,0.2784217,0.7215783
65007,0.85756946,0.14243056
56339,0.8196939,0.18030605
59692,0.6570834,0.34291664
22122,0.05224561,0.9477544
19921,0.00015029816,0.9998497
12746,0.4811098,0.51889026
44209,0.5822212,0.41777885
26703,0.0125760045,0.98742396
5100,0.77952856,0.22047146
35948,0.07351834,0.9264817
60889,0.99832004,0.0016799105
287,0.19619554,0.80380446
9902,0.034911674,0.96508837
11328,0.056683343,0.9433166
31062,0.18073031,0.81926966
12685,0.0028222771,0.9971777
10361,0.2859846,0.71401536
58586,0.83792883,0.16207118
56508,0.84794116,0.15205884
46100,0.9259023,0.074097775
44883,0.95491856,0.04508142
40201,0.18931976,0.81068027
34331,0.30662578,0.6933742
15785,0.00029911433,0.9997009
1720,0.77736706,0.222633
14540,0.21657597,0.783424
62765,0.99175346,0.008246556
43172,0.042999893,0.9570001
20789,0.14779295,0.85220706
57533,0.9648281,0.035171945
55190,0.7951096,0.20489037
37472,0.029654713,0.9703453
44256,0.8897114,0.110288635
44583,0.9194271,0.08057295
56687,0.979688,0.02031204
10000,0.7180476,0.28195238
26083,0.022089545,0.97791046
26078,0.0068569556,0.9931431
27644,0.27310598,0.72689396
23798,0.1294973,0.8705027
42844,0.24749646,0.7525035
55430,0.49667463,0.5033254
65123,0.62868375,0.3713162
56547,0.99341875,0.0065811677
14693,0.21304162,0.7869584
43092,0.03935156,0.9606485
20378,0.4720701,0.52792984
15345,0.65409184,0.34590816
62577,0.69366795,0.30633205
42205,0.024209222,0.9757908
53293,0.8596077,0.14039232
24073,0.0074896603,0.9925103
23392,0.0004606562,0.9995394
61774,0.5051219,0.4948781
45221,0.8771774,0.12282259
15199,0.10542389,0.8945761
30856,0.29583928,0.7041607
35713,0.29125273,0.70874727
39160,0.004121885,0.9958781
54527,0.84019345,0.15980658
47821,0.634127,0.365873
20193,0.00070012145,0.9992999
3510,0.8412713,0.1587287
61448,0.7043671,0.2956329
58006,0.95841885,0.041581124
31943,0.55327237,0.4467277
18985,0.0035646628,0.9964353
57419,0.99003357,0.009966378
61583,0.8673143,0.13268574
53660,0.8169475,0.18305248
18470,0.001465604,0.99853444
62980,0.7778589,0.22214103
46748,0.819387,0.18061297
43153,0.727949,0.272051
25974,0.0040779654,0.99592197
28662,0.008768127,0.99123186
2092,0.63057375,0.3694263
4784,0.8630203,0.13697973
4393,0.09672546,0.9032746
7773,0.55531204,0.44468793
6029,0.76859015,0.23140986
820,0.29867297,0.7013271
7435,0.5528415,0.44715846
1853,0.84787637,0.15212369
57183,0.98463285,0.015367145
27244,0.01309609,0.9869039
24680,0.0010093758,0.9989906
41962,0.5216824,0.47831765
38686,0.05589666,0.9441033
61878,0.7090408,0.29095915
43231,0.006578017,0.993422
46243,0.9555674,0.044432618
37914,0.08286713,0.91713285
13043,0.04088343,0.9591166
11105,0.057263397,0.9427366
45160,0.84377223,0.15622781
3616,0.7500245,0.2499755
10541,0.7367991,0.26320094
31034,0.1335296,0.86647034
30148,0.044511143,0.9554888
58076,0.95265776,0.047342207
45622,0.7221088,0.2778912
26806,0.3153948,0.6846052
51743,0.892835,0.10716498
55345,0.8871415,0.112858504
42900,0.064888954,0.93511105
48680,0.6392353,0.36076474
45417,0.93055344,0.069446556
40444,0.010219217,0.9897808
5352,0.85683733,0.14316267
25221,0.011095943,0.98890406
11355,0.010900594,0.9890994
11909,0.044958375,0.9550416
10762,0.03495541,0.9650446
44038,0.899146,0.100854024
7166,0.2801352,0.7198648
49297,0.84550637,0.15449363
48580,0.6169559,0.3830441
16129,0.00577957,0.9942205
2491,0.21002027,0.7899797
25814,0.011017005,0.988983
29142,0.0021305375,0.9978695
21713,0.0034917998,0.9965082
24175,0.0009358922,0.99906415
57848,0.9766445,0.023355458
42603,0.17787933,0.8221206
63322,0.34339374,0.6566062
25757,0.16471124,0.83528876
30940,0.0037749202,0.9962251
20288,0.0011650015,0.998835
57554,0.999866,0.00013394545
44008,0.6399372,0.36006284
62718,0.7760421,0.22395785
47293,0.6846063,0.31539366
56623,0.9218526,0.078147404
21860,0.44113117,0.5588688
6393,0.26777035,0.7322297
56351,0.90945673,0.0905433
33886,0.28196442,0.7180356
15914,0.010679249,0.98932076
9577,0.33829406,0.661706
59470,0.7236962,0.27630383
6606,0.68359137,0.3164086
35530,0.45146376,0.54853624
3920,0.19438809,0.8056119
49985,0.6541686,0.34583136
34133,0.4096715,0.5903285
43550,0.92815465,0.07184539
30471,0.014249574,0.98575044
25749,0.57665175,0.42334825
28660,0.0034719817,0.99652797
8237,0.5401801,0.45981988
54861,0.34244987,0.65755016
26673,0.012037697,0.9879623
42746,0.16513185,0.83486813
26316,0.00924848,0.9907515
41428,0.19872826,0.8012717
33859,0.36564705,0.634353
7742,0.38513345,0.6148665
39881,0.00207214,0.9979279
25150,0.004463614,0.99553645
64304,0.78749174,0.21250826
50097,0.86140543,0.13859463
2876,0.38735643,0.6126436
53099,0.96169394,0.03830609
24471,0.0019608468,0.9980392
59517,0.2889563,0.7110437
35206,0.60726166,0.39273837
57642,0.9994697,0.0005302967
23243,0.00084969413,0.9991503
49832,0.6987077,0.30129233
29071,0.014384296,0.98561573
396,0.78393024,0.21606976
5683,0.44944397,0.550556
45446,0.9422448,0.057755172
43257,0.78646064,0.21353939
61266,0.7539668,0.24603319
17160,0.012360899,0.9876391
15981,0.010039376,0.9899607
56811,0.9986929,0.0013070867
57579,0.9998579,0.00014212987
37121,0.09490433,0.9050957
43535,0.6901405,0.30985945
52820,0.614289,0.385711
64921,0.6785469,0.32145306
25025,0.04384175,0.9561583
49885,0.8248077,0.17519222
41451,0.005571248,0.99442875
51344,0.65620613,0.34379384
32349,0.3638588,0.6361412
38539,0.02966586,0.9703342
2824,0.75528926,0.24471079
46249,0.7041015,0.29589853
60464,0.6257976,0.3742024
34541,0.4741307,0.5258693
45811,0.8537921,0.14620796
16426,0.0056690825,0.9943309
25967,0.0060014273,0.9939985
48114,0.8985614,0.101438545
44201,0.8380654,0.16193458
48565,0.56305957,0.43694046
9936,0.05456661,0.9454334
49369,0.50220895,0.49779102
6066,0.6923252,0.3076748
25801,0.20685051,0.7931495
39431,0.008496547,0.9915035
34768,0.5048534,0.49514654
57531,0.83570623,0.16429375
35331,0.59386575,0.40613428
37337,0.060051057,0.9399489
51671,0.9830679,0.016932087
47986,0.2736728,0.72632724
6624,0.20632207,0.7936779
54693,0.8927738,0.1072262
39411,0.16188124,0.83811873
53368,0.7504624,0.24953757
36219,0.0061450866,0.99385494
63798,0.22918496,0.7708151
38849,0.001293081,0.99870694
9462,0.18272898,0.81727105
4379,0.13357273,0.86642724
64012,0.91204077,0.08795927
21469,0.06151146,0.9384885
7669,0.6352578,0.36474228
64855,0.8884878,0.11151214
34797,0.565817,0.43418297
52541,0.7802532,0.21974687
22834,0.0031572822,0.99684274
21073,0.13479133,0.8652086
22819,0.004403132,0.9955968
37544,0.12985508,0.87014496
41731,0.0032004064,0.9967996
1518,0.08044159,0.9195584
16830,0.008519966,0.99148
8642,0.45972776,0.54027224
31962,0.24837713,0.75162286
9990,0.041185204,0.95881474
45176,0.95933867,0.0406613
41210,0.07219097,0.927809
57214,0.95611197,0.043887984
11936,0.22096255,0.7790374
32005,0.10797929,0.8920207
34156,0.5178827,0.48211727
64253,0.8266931,0.17330688
16587,0.0028387967,0.99716127
38097,0.034698345,0.9653016
46157,0.8905538,0.109446235
47885,0.7883842,0.21161577
45402,0.93324196,0.06675803
35998,0.32439846,0.67560154
34503,0.6105534,0.38944662
62732,0.9067544,0.093245596
64167,0.7399,0.2601
2762,0.71885186,0.28114814
64227,0.81037235,0.18962772
62195,0.8615595,0.13844049
7551,0.7531806,0.24681942
50562,0.8817905,0.11820948
41276,0.30579257,0.69420743
53648,0.31533712,0.68466294
603,0.23079301,0.76920694
16400,0.001722417,0.99827754
1638,0.5574329,0.44256708
13778,0.47024256,0.52975744
10801,0.506456,0.49354404
56012,0.99536383,0.004636201
18036,0.006274536,0.9937255
8733,0.02099325,0.9790068
62345,0.9391583,0.060841653
47377,0.8224772,0.17752276
23730,0.004822112,0.99517787
3040,0.628944,0.37105605
39092,0.0051726457,0.99482733
60122,0.6298323,0.37016764
31145,0.027344687,0.9726553
49996,0.75103396,0.24896601
40293,0.045476343,0.9545237
60801,0.6487078,0.35129216
717,0.35681584,0.6431841
7376,0.18555036,0.8144496
65001,0.7437767,0.25622332
43882,0.827667,0.17233297
29387,0.054324444,0.9456755
38160,0.0007459987,0.9992539
45592,0.9760222,0.023977885
52855,0.8467753,0.1532247
53777,0.6631485,0.33685148
10005,0.3724044,0.6275956
38590,0.0014554745,0.9985446
60228,0.23410793,0.7658921
54763,0.67595315,0.32404688
37371,0.06951412,0.93048596
2136,0.93647563,0.0635243
41798,0.1968977,0.8031024
31833,0.17865385,0.82134616
41899,0.37952426,0.6204757
34966,0.906374,0.09362599
5585,0.63342315,0.36657688
23547,0.0014791532,0.9985209
56334,0.95905316,0.04094685
2413,0.9135718,0.08642826
1426,0.35692775,0.64307225
48312,0.88299465,0.1170054
16063,0.0016491532,0.99835086
3675,0.3303365,0.6696635
34200,0.55747986,0.44252014
4228,0.030547153,0.9694529
15063,0.01873631,0.98126364
61566,0.83170176,0.16829826
29916,0.3716575,0.62834257
55684,0.6913668,0.3086332
20578,0.67442423,0.32557574
9375,0.20763522,0.7923648
47712,0.6270795,0.3729205
55405,0.8258274,0.17417254
25643,0.6049106,0.3950894
28492,0.0045983046,0.9954016
21898,0.10876312,0.89123684
25288,0.0069680666,0.99303186
40117,0.0063545173,0.99364555
39811,0.0010689206,0.9989311
13532,0.109602824,0.8903972
21215,0.7855333,0.21446675
13577,0.05430161,0.94569844
13998,0.21521431,0.7847857
14233,0.4507491,0.5492509
1233,0.6960112,0.30398878
12730,0.64844185,0.35155812
15783,0.0024961887,0.9975038
54109,0.37195453,0.62804544
5964,0.8874723,0.11252769
43731,0.7686559,0.23134406
32931,0.32770365,0.67229635
4829,0.06761252,0.9323875
55705,0.88957113,0.110428795
50382,0.71975774,0.28024223
22971,0.012521269,0.98747873
3379,0.048116554,0.95188344
31408,0.28627902,0.713721
54379,0.78260195,0.217398
8554,0.022647126,0.97735286
40617,0.056683183,0.9433168
34933,0.7365742,0.26342586
2671,0.12108639,0.8789136
7645,0.12227793,0.877722
58170,0.99250257,0.007497477
64844,0.8824975,0.11750247
32012,0.1990671,0.80093294
43101,0.007142322,0.9928577
21521,0.40664718,0.59335285
55319,0.8850143,0.11498569
58979,0.65848583,0.34151414
10628,0.748732,0.25126806
55177,0.9186468,0.0813532
56780,0.9708855,0.029114552
41012,0.095173985,0.90482605
4481,0.6786754,0.32132462
979,0.39978838,0.6002116
22801,0.0011593236,0.99884075
39276,0.21059522,0.78940475
29782,0.043553498,0.9564465
55627,0.37995115,0.6200488
218,0.10837151,0.89162856
54803,0.87975204,0.120247975
25585,0.07367215,0.9263278
34136,0.18811727,0.81188273
40902,0.1853219,0.81467813
27938,0.025343088,0.97465694
28652,0.01491722,0.98508275
17634,0.0011541558,0.9988458
35706,0.28668627,0.71331376
51256,0.91382694,0.08617309
50053,0.7566614,0.24333858
61552,0.88859504,0.11140494
9866,0.5509366,0.44906336
31923,0.11497706,0.885023
11433,0.14401832,0.85598165
50485,0.49876732,0.5012327
18446,0.008062679,0.99193734
6837,0.58042496,0.419575
38227,0.11975654,0.8802434
53938,0.6300004,0.36999962
38648,0.17154308,0.82845694
60882,0.8947585,0.10524144
5941,0.4889913,0.5110087
13673,0.8808548,0.11914527
60361,0.6110971,0.3889029
40865,0.032927483,0.9670725
38096,0.0013018642,0.9986981
63084,0.81177336,0.18822663
19985,0.042297944,0.95770204
55101,0.38794178,0.6120582
43423,0.9529921,0.04700791
18228,0.0010989709,0.998901
42671,0.09155883,0.9084411
53990,0.85593307,0.14406693
1303,0.21986285,0.7801371
46410,0.7985163,0.20148377
57522,0.98215115,0.017848862
37253,0.64631146,0.35368857
52859,0.7365688,0.26343125
44401,0.86214787,0.13785216
32980,0.3892147,0.61078525
52682,0.76495,0.23505004
41457,0.0102307405,0.9897692
64812,0.8424882,0.15751183
22643,0.04238528,0.9576147
12557,0.11648524,0.88351476
20171,0.021148358,0.9788517
59405,0.5765043,0.42349574
48048,0.83197737,0.16802269
12986,0.027859695,0.97214025
33266,0.5828775,0.41712245
15935,0.008183601,0.99181646
54464,0.975376,0.024624052
6509,0.38335687,0.6166431
4449,0.75677836,0.24322166
12485,0.0016376293,0.99836236
47785,0.80374455,0.19625545
58454,0.9765287,0.023471257
40543,0.0054279314,0.9945721
53434,0.39531955,0.6046805
19305,0.009000838,0.9909992
17048,0.0021167446,0.99788326
11800,0.342561,0.65743893
13100,0.42682305,0.573177
42591,0.66186935,0.33813068
45782,0.8970376,0.102962375
55104,0.8775955,0.12240448
1516,0.23676741,0.7632325
10510,0.3479413,0.65205866
57804,0.9772439,0.022756102
23535,0.006278456,0.9937216
17541,0.0037466434,0.9962534
46709,0.5731902,0.42680982
24017,0.060267255,0.93973273
26697,0.014519176,0.98548084
12061,0.19045113,0.8095488
15499,0.0031115648,0.99688846
56918,0.9129266,0.0870734
4154,0.027987134,0.9720129
23832,0.054506313,0.9454937
20859,0.07062027,0.9293797
14903,0.34792954,0.65207046
3103,0.650601,0.3493989
21331,0.46567765,0.5343223
21528,0.115983084,0.88401693
15741,0.0005239936,0.999476
20945,0.1755058,0.8244942
27191,0.014732475,0.9852675
40445,0.005636497,0.99436355
6836,0.008560831,0.9914391
39708,0.004538718,0.9954613
5456,0.50362146,0.4963785
63418,0.045503236,0.95449674
64681,0.85296714,0.14703286
5623,0.73963165,0.26036835
23026,0.007246551,0.99275345
11981,0.48394403,0.516056
27272,0.027759774,0.9722402
9511,0.0359777,0.96402234
8548,0.5634065,0.4365935
20275,0.00034917818,0.99965084
44621,0.94724655,0.052753467
62550,0.5659448,0.43405518
59399,0.55832714,0.44167286
18746,0.00035646258,0.99964356
11067,0.0580404,0.9419596
20442,0.34982425,0.65017575
36491,0.0056508095,0.9943492
26176,0.0069182874,0.99308175
50760,0.89348876,0.10651124
32557,0.08188687,0.9181132
55809,0.8446452,0.15535484
21753,0.010819903,0.9891801
2810,0.28219178,0.71780825
43459,0.8682275,0.13177255
21667,0.0008564717,0.9991435
9051,0.33177066,0.66822934
27720,0.014949221,0.9850508
46313,0.68109006,0.31890997
9351,0.45486575,0.54513425
35185,0.54383653,0.4561635
13476,0.044254284,0.95574576
26132,0.08880584,0.91119415
62686,0.74066883,0.2593312
34532,0.8582937,0.14170633
37918,0.18283094,0.8171691
51326,0.9366744,0.06332553
29704,0.48891234,0.51108766
47720,0.64775044,0.3522495
16487,0.00048174616,0.9995183
49381,0.6072691,0.39273092
7957,0.4200698,0.5799302
43175,0.06499779,0.9350022
61515,0.7134736,0.28652638
2746,0.20571978,0.79428023
61749,0.9326038,0.06739616
28078,0.015743265,0.9842568
12644,0.0006852216,0.9993148
4934,0.14470808,0.8552919
41228,0.05431875,0.9456813
55386,0.16327892,0.83672106
7965,0.06792208,0.9320779
23766,0.04726035,0.95273966
30255,0.0851354,0.91486466
62684,0.6569741,0.34302595
14571,0.045946054,0.95405394
58870,0.6532541,0.34674588
60526,0.32190624,0.67809373
28829,0.11306578,0.8869342
44965,0.9312209,0.06877916
8746,0.41899577,0.58100426
56358,0.87741184,0.12258816
55438,0.82548773,0.1745123
32051,0.14643496,0.8535651
700,0.23365356,0.7663465
43749,0.9620103,0.037989672
49118,0.88555956,0.114440456
31927,0.10308029,0.89691967
15058,0.10771388,0.89228606
22005,0.25967562,0.7403244
62374,0.9238989,0.07610114
14841,0.35914734,0.64085263
52459,0.8790215,0.12097845
30498,0.007792591,0.99220747
17154,0.0037682662,0.99623173
54370,0.6684449,0.33155513
14339,0.12705864,0.8729414
34895,0.8202088,0.17979121
54118,0.45034528,0.5496547
24419,0.011367726,0.98863226
798,0.5976909,0.4023091
42723,0.051633447,0.9483665
26972,0.37695944,0.62304056
54949,0.76070017,0.23929986
57065,0.99263614,0.007363842
41621,0.09371525,0.90628475
55832,0.96106416,0.038935833
59730,0.70138454,0.29861546
64974,0.7466779,0.25332215
62816,0.95361406,0.04638597
18104,0.0040303795,0.99596965
2057,0.7749596,0.22504036
31900,0.4076858,0.59231424
34033,0.61207026,0.38792977
5353,0.18963443,0.8103656
32456,0.050892904,0.9491071
33707,0.37731063,0.62268937
34137,0.26694393,0.733056
26601,0.5705204,0.42947957
53245,0.7465538,0.2534462
6056,0.9673671,0.032632876
30769,0.21697019,0.78302985
5251,0.06411546,0.93588454
44662,0.8912924,0.10870758
2777,0.78442705,0.21557297
4778,0.666967,0.333033
50625,0.36566907,0.6343309
6240,0.60179216,0.39820784
39068,0.11358283,0.88641715
16133,0.0007987478,0.99920124
62987,0.76579756,0.23420237
16144,0.038426653,0.9615733
7120,0.545333,0.45466697
63059,0.7515289,0.24847105
17935,0.00091468164,0.9990853
51673,0.90566874,0.09433124
16138,0.0015496949,0.9984503
9086,0.12297134,0.87702864
47152,0.78876454,0.21123548
23462,0.005597235,0.9944028
60731,0.70008713,0.29991284
5573,0.40624502,0.59375495
16893,0.027329324,0.97267073
62529,0.906374,0.09362599
60777,0.91933155,0.08066851
15441,0.17961112,0.82038885
18317,0.0005819691,0.999418
9654,0.74211067,0.25788936
22109,0.70455796,0.29544204
47275,0.9289538,0.07104617
30652,0.55996305,0.440037
31014,0.1860046,0.8139954
55363,0.49893835,0.5010617
16072,0.3668328,0.6331672
48881,0.88550085,0.11449911
33603,0.21636382,0.78363615
37014,0.40934053,0.59065944
64725,0.83625114,0.16374892
57896,0.974779,0.025220988
6614,0.25678918,0.7432108
47605,0.698116,0.30188403
27227,0.0017802141,0.9982198
46990,0.81178236,0.18821765
12140,0.100466244,0.89953375
46768,0.8179066,0.18209343
13286,0.08128801,0.918712
927,0.6787539,0.32124612
41330,0.002398679,0.99760133
42365,0.05874338,0.94125664
57461,0.934466,0.06553399
3944,0.90466917,0.09533083
12156,0.01306179,0.98693824
33517,0.22054234,0.7794576
61190,0.6448633,0.35513672
45806,0.8884833,0.111516654
38995,0.010176073,0.9898239
48320,0.7866049,0.21339515
54182,0.9063329,0.09366705
2591,0.5943576,0.40564233
28764,0.21609685,0.7839032
59949,0.632378,0.36762205
44715,0.94709724,0.052902743
3682,0.12263016,0.87736976
8485,0.14741962,0.85258037
42749,0.07765331,0.9223467
19869,0.00019957608,0.9998005
52770,0.7969529,0.2030471
47890,0.8365987,0.16340126
50447,0.9378501,0.062149912
64141,0.87308204,0.12691794
20748,0.41237223,0.5876278
18066,0.0013192409,0.9986808
28390,0.03374468,0.9662553
39892,0.0004279489,0.9995721
52898,0.5079961,0.49200392
50194,0.716785,0.28321502
45071,0.96470857,0.035291474
9890,0.6550106,0.34498936
15439,0.7946764,0.20532362
62140,0.9655574,0.03444257
57003,0.9570644,0.04293562
43114,0.029675864,0.9703241
13856,0.20035064,0.79964936
19829,0.0029953672,0.9970047
18527,0.0069291266,0.9930709
15014,0.051618222,0.94838184
51991,0.5711855,0.4288144
48410,0.84862936,0.15137066
16493,0.0028381785,0.99716187
54929,0.5954067,0.40459332
36557,0.009615099,0.99038494
53142,0.8981996,0.10180037
60199,0.43790218,0.5620978
64592,0.8521086,0.14789136
5331,0.91506207,0.08493791
4753,0.021552565,0.9784475
10482,0.22673652,0.77326345
16262,0.00069609366,0.99930394
45996,0.9068596,0.09314042
33024,0.574805,0.42519495
41922,0.09419538,0.90580463
10086,0.19976152,0.8002385
30710,0.0036631864,0.9963368
32534,0.28665057,0.71334946
63305,0.25647002,0.74353
22267,0.00882492,0.99117506
19431,0.008421618,0.99157834
52018,0.8263224,0.17367762
46678,0.7925322,0.20746775
20020,0.006437736,0.9935622
48054,0.54919344,0.45080653
952,0.33266705,0.66733295
60312,0.35220602,0.64779395
49045,0.9339528,0.06604723
44032,0.87459534,0.12540464
64962,0.8360673,0.16393267
3699,0.009439526,0.9905605
48063,0.98953,0.010470046
9179,0.3185671,0.6814329
1669,0.36451542,0.6354846
64527,0.8778207,0.12217931
57937,0.97739863,0.022601316
19602,0.0022926696,0.99770737
47973,0.7871273,0.2128727
30947,0.7113454,0.28865463
42689,0.0625017,0.9374983
26879,0.0046323864,0.99536765
63086,0.7134736,0.28652638
3837,0.8866096,0.113390386
19706,0.0016782673,0.9983217
31989,0.15057142,0.84942853
63729,0.33881027,0.66118973
30107,0.062649906,0.93735003
7454,0.13310634,0.86689365
19983,0.046428278,0.95357174
36057,0.1087457,0.89125437
1633,0.3960546,0.6039454
39848,0.007990376,0.99200964
21544,0.0043249223,0.995675
34083,0.22079572,0.7792043
1165,0.32421935,0.67578065
43498,0.9628642,0.037135735
16928,0.008800213,0.9911998
2847,0.48024237,0.5197577
24835,0.052666944,0.9473331
8354,0.73440105,0.26559898
43536,0.5917629,0.4082371
20282,0.00012734298,0.9998727
5792,0.2432567,0.75674325
19350,0.009757745,0.9902423
7210,0.74781495,0.25218502
36702,0.004370409,0.99562955
6785,0.60962284,0.3903771
2862,0.04432369,0.95567626
7253,0.7048753,0.29512474
42147,0.045952924,0.9540471
24209,0.0007375372,0.9992625
44640,0.96255153,0.03744841
49441,0.5135865,0.4864135
21447,0.39905652,0.6009435
1963,0.9073937,0.092606306
55922,0.8221188,0.1778811
38796,0.000962794,0.99903727
44575,0.97074234,0.029257597
52714,0.37070808,0.6292919
58687,0.9336422,0.066357814
49167,0.8479739,0.15202615
14292,0.46947646,0.5305236
47639,0.8495321,0.15046784
23372,0.005076435,0.99492353
21580,0.64489615,0.35510385
45744,0.2728755,0.7271245
14094,0.043780785,0.9562192
39874,0.03955316,0.96044683
63349,0.24436495,0.755635
29303,0.65367055,0.3463294
41304,0.1619368,0.83806324
29383,0.17413841,0.8258616
31697,0.4246663,0.5753337
28609,0.032807425,0.96719253
23710,0.17169267,0.82830733
64396,0.8752734,0.12472658
14632,0.08481926,0.91518074
14285,0.033606496,0.96639353
41235,0.024063865,0.9759361
42915,0.45191643,0.5480836
38866,0.00084601296,0.999154
2319,0.8885038,0.11149613
8453,0.81544673,0.18455324
40478,0.002979634,0.9970203
33422,0.27895072,0.7210493
445,0.28537172,0.71462834
14416,0.22192222,0.7780778
18897,0.0010555746,0.99894446
39256,0.6436924,0.35630766
48743,0.7133774,0.2866226
55645,0.6209004,0.37909964
1767,0.6268306,0.37316942
6094,0.10583555,0.89416444
7701,0.011461798,0.98853827
6023,0.7874177,0.2125823
39427,0.0036074182,0.99639255
25109,0.016017683,0.9839824
62886,0.85784113,0.1421589
62018,0.9809991,0.019000812
48687,0.59162503,0.4083749
17770,0.0019423307,0.99805766
34364,0.31529912,0.6847009
13283,0.01763896,0.9823611
45092,0.6785481,0.3214519
28981,0.6195987,0.38040134
37770,0.0152416425,0.9847584
41983,0.01869984,0.9813002
55731,0.71597886,0.28402117
10221,0.021150313,0.9788497
61331,0.67203194,0.32796806
7794,0.0026678552,0.9973322
36185,0.0027999657,0.9972
51354,0.89933884,0.1006612
30625,0.025809502,0.9741905
8508,0.03822187,0.96177816
49727,0.9544385,0.04556147
23731,0.01841911,0.9815809
41586,0.008783035,0.991217
6091,0.7124335,0.28756645
49613,0.9769546,0.023045352
63089,0.6120806,0.38791943
53755,0.69089514,0.30910483
24958,0.0608857,0.9391143
50510,0.7780888,0.22191125
44368,0.86705554,0.13294443
33617,0.2783541,0.7216459
56702,0.94688225,0.053117733
47819,0.5768558,0.42314425
58207,0.9576828,0.042317178
4543,0.9059027,0.094097376
40231,0.07218725,0.9278127
3562,0.8347891,0.16521089
56100,0.966301,0.033699013
49365,0.71267945,0.28732052
42939,0.0037203333,0.99627966
28853,0.021278024,0.9787219
10128,0.74036634,0.25963366
15333,0.0026635653,0.99733645
21376,0.022595888,0.9774041
19439,0.00050838926,0.9994916
35779,0.38124126,0.61875874
5823,0.73593324,0.26406673
19882,0.0005620567,0.99943787
24525,0.0487476,0.9512524
35796,0.32386437,0.67613566
17466,0.051689766,0.9483102
19941,0.00019495063,0.99980503
21803,0.23177761,0.7682224
2268,0.72715396,0.2728461
57970,0.98384005,0.016159967
51371,0.71965456,0.2803454
23532,0.047552336,0.9524477
6072,0.7584859,0.24151406
64482,0.7315012,0.26849878
46750,0.69420606,0.30579397
47974,0.89680576,0.103194244
44928,0.87176234,0.12823762
53151,0.9218675,0.07813248
55633,0.59132385,0.40867612
10020,0.52577764,0.47422236
31895,0.32880095,0.671199
19789,0.005608313,0.99439174
20705,0.09941084,0.90058917
293,0.24314672,0.7568532
52842,0.84872293,0.15127707
5669,0.7787597,0.22124031
51626,0.58696526,0.41303474
10304,0.26966068,0.7303393
14589,0.061680652,0.9383194
23713,0.0033380284,0.996662
17082,0.0031550932,0.9968449
39260,0.071322806,0.92867714
34517,0.80650604,0.19349399
61006,0.7365742,0.26342586
60808,0.5023388,0.49766123
19933,0.00054813165,0.9994518
62944,0.7481404,0.25185964
1811,0.4379906,0.5620094
4089,0.6921116,0.30788842
57469,0.99949133,0.0005086363
33651,0.24183989,0.7581601
54156,0.91246706,0.08753291
1196,0.43894714,0.56105286
14184,0.67398816,0.32601178
22757,0.012688662,0.98731136
54337,0.46119806,0.5388019
11816,0.09548763,0.9045124
20426,0.13675207,0.8632479
36277,0.026847478,0.9731525
723,0.30646354,0.69353646
38050,0.011092908,0.9889071
35043,0.8232105,0.1767895
1225,0.16311246,0.8368876
12612,0.12397072,0.8760293
21537,0.14607042,0.8539296
34483,0.760683,0.23931699
14987,0.033558883,0.9664411
47305,0.6910327,0.30896726
5335,0.7039167,0.29608327
6903,0.5790003,0.42099974
60276,0.23879486,0.7612051
26878,0.008581013,0.99141896
33696,0.49796784,0.50203216
164,0.07340686,0.9265931
32369,0.49852076,0.50147927
28247,0.19819996,0.8018
46794,0.9105873,0.08941266
3863,0.04350498,0.95649505
54141,0.87103844,0.12896152
1972,0.39080706,0.6091929
44300,0.78746295,0.21253711
27294,0.034589056,0.9654109
41544,0.18040152,0.81959844
215,0.55828184,0.4417181
58960,0.66499287,0.3350071
4105,0.00832886,0.9916712
20946,0.1501393,0.8498607
60840,0.5989999,0.40100008
12186,0.3702568,0.6297432
31041,0.017807124,0.9821929
23404,0.017430868,0.9825691
58347,0.9727663,0.027233694
48050,0.831892,0.16810794
13888,0.00727915,0.9927208
34074,0.19530444,0.8046956
51164,0.8761847,0.12381535
6310,0.6575376,0.34246242
57967,0.9240481,0.07595184
28563,0.32924634,0.6707537
46225,0.6544196,0.34558046
54478,0.70862824,0.29137176
58159,0.99771106,0.002288952
11391,0.08673754,0.9132625
2153,0.7668508,0.23314917
8470,0.8341238,0.16587622
17543,0.01133153,0.9886685
36138,0.033725537,0.96627444
26472,0.6585481,0.34145194
58158,0.9864223,0.013577736
20630,0.3328969,0.6671031
55,0.12115182,0.8788482
24429,0.0018450605,0.99815494
19126,0.0012230066,0.998777
3997,0.815527,0.18447301
2345,0.68344253,0.31655744
51110,0.8628551,0.13714497
11258,0.0029019504,0.9970981
6967,0.09854983,0.9014502
56408,0.915306,0.08469403
9682,0.79226667,0.2077333
5632,0.75521415,0.24478582
53958,0.6482292,0.35177082
29700,0.08640498,0.9135951
33937,0.3254726,0.6745274
4855,0.32623783,0.67376214
21392,0.011599187,0.9884008
21473,0.038610656,0.9613893
30927,0.010468601,0.9895314
54685,0.7901884,0.20981169
4171,0.088569105,0.91143095
23517,0.0028798704,0.99712014
59540,0.09029118,0.90970886
26674,0.007399028,0.992601
46916,0.96241355,0.037586525
1810,0.42706126,0.57293874
6469,0.06808046,0.93191946
27243,0.33281785,0.66718215
64311,0.76611596,0.23388405
45063,0.8741977,0.12580228
12310,0.24551977,0.7544802
61109,0.6013882,0.39861178
41759,0.03868096,0.96131897
62792,0.8131875,0.18681255
53367,0.708031,0.29196903
48384,0.94905436,0.050945666
46786,0.8253616,0.17463842
5304,0.8561622,0.14383778
48854,0.93837816,0.061621867
45847,0.8879488,0.11205113
12915,0.50544095,0.49455905
31624,0.21557885,0.7844212
33322,0.5026399,0.49736017
34748,0.8857173,0.114282735
52641,0.3745024,0.6254976
38612,0.113850676,0.8861493
38697,0.0034682471,0.9965318
1619,0.64428675,0.35571322
40796,0.21899213,0.7810079
36602,0.18231045,0.81768954
50790,0.55290943,0.4470906
61306,0.62861234,0.3713877
54466,0.8877074,0.11229253
61337,0.9093079,0.090692125
29795,0.02241222,0.97758776
32115,0.09332753,0.9066725
49496,0.69566834,0.30433172
38746,0.0062559275,0.9937441
65130,0.87080336,0.12919666
56994,0.9901219,0.0098780645
20856,0.037358835,0.9626411
45980,0.940493,0.059506938
692,0.30092016,0.6990799
30223,0.53117657,0.46882343
9040,0.52899456,0.47100547
55964,0.9645613,0.035438713
41582,0.0049194614,0.9950806
40765,0.1343538,0.86564624
62866,0.6187123,0.38128772
46607,0.88118595,0.11881412
56738,0.9811679,0.018832097
49811,0.82418,0.17582004
26039,0.09788639,0.90211356
31427,0.11983031,0.8801697
23207,0.0015863179,0.9984137
6214,0.41146278,0.5885372
46592,0.6718733,0.32812676
33863,0.39107126,0.6089287
27290,0.02842851,0.97157145
34427,0.5967313,0.4032687
46265,0.8418936,0.15810631
41839,0.24533284,0.7546671
43378,0.49622208,0.50377786
61678,0.580413,0.41958702
22853,0.0053718723,0.99462813
64103,0.92980236,0.07019764
27751,0.01136713,0.98863286
57105,0.98324674,0.016753303
51125,0.859018,0.14098194
7005,0.4103816,0.5896184
20149,0.0023878182,0.99761224
18564,0.007807123,0.9921929
37685,0.6774677,0.32253224
13150,0.10573253,0.89426744
54746,0.28500947,0.71499056
15641,0.087769285,0.9122307
24656,0.0025594826,0.99744046
34670,0.5183027,0.48169726
56534,0.7165364,0.28346354
3859,0.12687391,0.8731261
13812,0.016039371,0.9839606
53072,0.8232849,0.17671514
41801,0.07843284,0.92156714
29682,0.019911202,0.9800888
41921,0.018986234,0.98101383
30915,0.00562459,0.99437547
34598,0.6875259,0.31247407
18784,0.001078625,0.9989214
20192,0.013414889,0.98658514
19523,0.0015715535,0.99842846
29660,0.30860358,0.6913965
10350,0.04158972,0.9584103
3440,0.83750564,0.16249435
52645,0.6358398,0.36416015
29157,0.009160602,0.9908394
30561,0.36335912,0.63664085
53899,0.69522667,0.3047733
30146,0.007849465,0.99215055
61803,0.99906284,0.0009371373
25791,0.47602263,0.5239774
1039,0.46218395,0.53781605
62829,0.86189014,0.13810979
27831,0.10731604,0.8926839
33017,0.20554191,0.7944581
46045,0.95727366,0.042726353
61987,0.7094354,0.29056466
39237,0.009324123,0.9906758
51932,0.9002458,0.09975421
52400,0.459012,0.54098797
63768,0.004790941,0.99520904
5716,0.78238595,0.21761408
15532,0.014684283,0.9853158
34071,0.163017,0.836983
55357,0.67011076,0.32988924
39768,0.0005926597,0.9994073
402,0.1348627,0.8651373
43246,0.10357708,0.8964229
29309,0.05766299,0.94233704
34742,0.74760634,0.25239363
10553,0.028998822,0.97100115
7201,0.32892096,0.67107904
35215,0.5258863,0.47411373
48658,0.76036775,0.23963222
63674,0.3438953,0.6561047
29818,0.06030062,0.93969935
34223,0.47480586,0.5251941
13599,0.28127718,0.7187228
63158,0.9710608,0.028939184
51910,0.64541847,0.35458156
43676,0.9423236,0.057676442
55154,0.6626136,0.3373864
3043,0.05879003,0.94121
17122,0.007962303,0.99203765
15375,0.2208643,0.7791357
28556,0.25005215,0.7499479
26076,0.045829646,0.9541704
61332,0.9377856,0.062214315
65035,0.77816504,0.221835
48663,0.4210049,0.57899517
41306,0.07679992,0.92320013
37077,0.001965595,0.9980344
56894,0.9986235,0.0013765037
64333,0.7874646,0.21253538
16516,0.0027328583,0.9972671
25065,0.3141326,0.68586737
41414,0.001727948,0.99827206
65084,0.8862385,0.1137615
45372,0.8040619,0.19593813
41790,0.10320349,0.8967965
3161,0.5553588,0.44464123
5106,0.04222636,0.9577737
26894,0.014892073,0.98510796
5364,0.3654742,0.6345258
905,0.23671965,0.76328033
30472,0.007137914,0.99286205
5915,0.63678646,0.36321354
21547,0.0147249475,0.98527503
1021,0.65194464,0.34805533
63695,0.55346286,0.44653714
53107,0.97037315,0.029626803
11489,0.020380963,0.979619
37513,0.0041859252,0.995814
49377,0.6088416,0.3911584
45729,0.86942446,0.13057551
38618,0.18191566,0.8180843
19146,0.1437493,0.85625076
50339,0.5283941,0.47160596
7053,0.3149973,0.6850027
13936,0.5569159,0.44308412
19326,0.0031614979,0.99683845
51955,0.8395072,0.16049275
35308,0.4419664,0.5580335
48629,0.79048693,0.20951302
18818,0.000146057,0.99985397
3262,0.5307798,0.46922022
3086,0.32198092,0.6780191
33615,0.4493865,0.5506135
58984,0.36556372,0.6344363
11593,0.0047594765,0.99524057
57380,0.92172855,0.078271456
46929,0.95150244,0.048497636
43340,0.30469,0.69531
29764,0.026106171,0.9738938
55013,0.87479275,0.1252073
15543,0.008519572,0.99148047
4921,0.25116512,0.7488349
19640,0.00027082497,0.9997292
63793,0.263791,0.736209
14286,0.10366742,0.89633256
39732,0.0014133919,0.99858665
8430,0.84477794,0.15522206
16050,0.007993892,0.9920061
41625,0.045591407,0.9544086
64860,0.85251933,0.1474807
33399,0.21486582,0.7851342
19549,0.0012676488,0.9987324
37567,0.006131231,0.99386877
46228,0.74603343,0.25396654
25698,0.5851498,0.41485018
42373,0.033817433,0.9661826
1162,0.26726446,0.7327355
18861,0.00053909636,0.9994609
3664,0.562781,0.43721908
63115,0.8709964,0.12900364
46696,0.83008975,0.1699102
31519,0.16329361,0.83670634
26237,0.02256664,0.9774334
31013,0.60578245,0.3942175
34302,0.25876755,0.74123245
62675,0.80967444,0.19032553
2502,0.899641,0.10035899
27796,0.022346528,0.97765344
2744,0.90357924,0.09642075
54091,0.7950525,0.20494744
45989,0.9678499,0.032150105
43580,0.93027025,0.06972974
4748,0.7960692,0.20393084
22325,0.012038668,0.98796135
60436,0.30666348,0.69333655
3260,0.037108354,0.96289164
38258,0.045415666,0.9545843
51548,0.9065424,0.09345753
27562,0.01902595,0.980974
22249,0.0012133295,0.9987866
44831,0.93018764,0.06981233
12445,0.38335657,0.6166435
27681,0.003405382,0.9965946
61257,0.5507579,0.44924206
58529,0.9809302,0.019069795
64052,0.854529,0.14547098
44540,0.9355432,0.06445674
36155,0.01037664,0.98962337
55896,0.9005988,0.09940114
43424,0.98724115,0.012758803
19299,0.005483343,0.9945167
50559,0.90212804,0.09787197
52941,0.61755425,0.38244575
54028,0.7737903,0.22620966
28300,0.04495364,0.9550464
39349,0.009366561,0.9906335
60743,0.93801403,0.061986007
36957,0.006544366,0.9934556
7820,0.0031381384,0.99686193
50947,0.92038155,0.07961844
8312,0.634241,0.365759
30793,0.100603186,0.89939684
10342,0.2101164,0.7898836
866,0.36940557,0.6305944
25702,0.16703239,0.8329676
49869,0.6937153,0.3062848
54572,0.8369704,0.16302954
35477,0.44817495,0.55182505
35253,0.60828096,0.39171904
18140,0.0036064582,0.9963935
31277,0.24439448,0.75560546
44779,0.9141184,0.08588158
4146,0.03849152,0.9615085
20037,0.0013712341,0.99862874
44633,0.91825956,0.08174046
10781,0.18983856,0.8101615
10390,0.7561417,0.24385832
50123,0.92612535,0.07387466
60844,0.76799035,0.23200965
43704,0.9467131,0.05328685
61792,0.94023263,0.05976734
11839,0.27556375,0.7244362
56289,0.84360915,0.15639088
51062,0.8949433,0.105056636
18237,0.004351816,0.9956482
47157,0.9314799,0.0685201
43174,0.099210285,0.90078974
32973,0.26199725,0.7380028
35287,0.89926827,0.10073175
60197,0.5444388,0.4555612
63466,0.49041924,0.50958073
13048,0.015529601,0.98447037
57230,0.7472598,0.25274014
26603,0.32679227,0.67320776
5859,0.28367555,0.71632445
21734,0.38410398,0.615896
43853,0.79798675,0.2020133
4877,0.6832908,0.31670922
8963,0.07553183,0.9244681
39088,0.005113317,0.9948867
45724,0.6347114,0.3652886
18887,0.0010032324,0.9989968
57084,0.97805506,0.02194499
6230,0.5253428,0.4746572
58904,0.60477614,0.39522383
22564,0.011819647,0.9881804
6691,0.5772584,0.42274156
41496,0.49894303,0.50105697
60475,0.5174621,0.48253793
59330,0.80300474,0.19699527
13164,0.29930374,0.70069623
58918,0.5741948,0.42580524
59411,0.33917716,0.6608228
37042,0.14724411,0.85275596
17924,0.0012260595,0.9987739
60141,0.44281197,0.5571881
2340,0.94407725,0.055922776
13974,0.0062551694,0.9937449
25224,0.0300287,0.96997136
34738,0.54383653,0.4561635
20237,0.052555643,0.9474444
6514,0.7485387,0.25146136
6195,0.39333606,0.60666394
19243,0.010344767,0.98965526
60764,0.36421594,0.6357841
21806,0.86924106,0.13075899
13949,0.03088359,0.96911645
41548,0.019333983,0.980666
22434,0.008018128,0.9919818
56554,0.8851499,0.114850126
26456,0.007023218,0.9929767
3743,0.7437617,0.2562383
52603,0.77559847,0.2244015
30668,0.13731278,0.8626872
58612,0.7582065,0.24179347
9529,0.6289587,0.37104133
29736,0.0013356266,0.9986644
52721,0.84863067,0.15136938
41710,0.01843386,0.9815662
53487,0.81491405,0.18508598
42397,0.006911149,0.9930889
37473,0.010053446,0.98994654
14390,0.006082363,0.9939176
28538,0.61177886,0.3882211
3970,0.75246036,0.24753965
63353,0.40011898,0.59988105
12584,0.21717691,0.782823
29954,0.11689457,0.88310546
57184,0.8923468,0.10765323
1061,0.7782082,0.22179176
37347,0.013666885,0.9863331
40288,0.010972253,0.98902774
30712,0.001128028,0.998872
35917,0.0077421395,0.9922578
4397,0.03476267,0.9652373
46526,0.72750866,0.2724913
63183,0.7256139,0.2743861
13866,0.28790286,0.7120971
58676,0.7749701,0.22502986
28674,0.002924427,0.99707556
30281,0.12610596,0.873894
31950,0.030651499,0.9693485
27843,0.029769415,0.9702306
17586,0.0031175965,0.99688244
64435,0.79466367,0.2053363
23691,0.21207659,0.78792346
31211,0.12043436,0.8795656
25850,0.115228176,0.88477176
40495,0.022522131,0.9774779
13984,0.050710607,0.9492894
9317,0.015242436,0.98475754
11214,0.05255054,0.9474495
42392,0.0071107047,0.9928893
29390,0.5960396,0.4039604
60763,0.28651223,0.7134878
2072,0.8323715,0.16762856
56249,0.8422586,0.15774146
36063,0.036667705,0.9633323
53184,0.8017553,0.19824469
40320,0.029887691,0.9701123
8085,0.009368626,0.99063134
15227,0.3223678,0.67763215
24263,0.00013439848,0.99986553
5329,0.48682728,0.5131727
27817,0.012137041,0.98786294
38447,0.1489237,0.8510763
19557,0.00074550096,0.9992545
1324,0.42108455,0.5789154
31385,0.22164209,0.7783579
32183,0.20065568,0.79934436
53003,0.86810946,0.1318905
33580,0.24998257,0.7500174
40309,0.0011453873,0.99885464
56101,0.9465772,0.05342276
13764,0.22557455,0.77442545
61388,0.55274117,0.44725886
48438,0.83302224,0.16697776
49415,0.4662375,0.53376245
63390,0.20665567,0.7933443
30776,0.009198447,0.9908015
50337,0.8556954,0.14430459
7003,0.6380004,0.36199954
59192,0.57121515,0.42878485
17302,0.0027994292,0.9972006
51669,0.96112865,0.03887131
57882,0.9817824,0.01821756
55759,0.4697479,0.5302521
35617,0.61233765,0.38766235
1835,0.85545003,0.14455003
1604,0.20419116,0.7958088
44667,0.96573645,0.034263596
52091,0.4765841,0.52341586
40549,0.0005258048,0.9994742
33412,0.13630933,0.8636907
26442,0.19466725,0.8053327
37580,0.003058051,0.996942
49771,0.9296443,0.07035571
29051,0.08037604,0.9196239
4208,0.17570591,0.82429403
56808,0.9961902,0.0038098425
25940,0.069516234,0.93048376
31057,0.34055826,0.6594417
889,0.22215675,0.7778433
37807,0.0169513,0.9830487
5466,0.6067378,0.3932622
47452,0.9674115,0.032588474
18043,0.007046889,0.9929531
39051,0.13252857,0.8674714
15203,0.002651899,0.99734807
21069,0.11756027,0.88243973
36194,0.022194522,0.9778055
14803,0.15218125,0.8478188
27625,0.04063812,0.95936185
14601,0.6078704,0.39212963
33499,0.20137759,0.79862237
65174,0.82156676,0.17843322
15036,0.01892401,0.981076
8092,0.017835485,0.9821645
31805,0.112588495,0.88741153
43786,0.9508607,0.04913931
16803,0.017638348,0.9823616
39692,0.0109236725,0.9890764
55413,0.4743037,0.5256963
31723,0.25787774,0.7421223
59185,0.18101273,0.81898725
60909,0.8267968,0.1732032
10468,0.065146714,0.9348533
30333,0.71726304,0.28273696
38830,0.008980152,0.9910198
37255,0.23553835,0.76446164
32337,0.12488047,0.87511957
32022,0.016030142,0.98396987
55974,0.97669494,0.023305142
2749,0.5946332,0.40536678
53052,0.2271183,0.77288175
54489,0.7666502,0.2333498
25441,0.0022409908,0.997759
8094,0.13306771,0.86693233
22424,0.0059768185,0.99402314
39420,0.038333874,0.96166617
23194,0.012213959,0.98778605
34170,0.21217456,0.78782547
40965,0.015548668,0.9844513
5500,0.33815345,0.6618466
48496,0.8396018,0.16039814
4446,0.8440823,0.15591769
46151,0.7386994,0.26130065
10892,0.59253794,0.40746206
35575,0.7524055,0.24759455
21763,0.08116785,0.9188322
37423,0.05303798,0.946962
63464,0.041646734,0.9583533
37054,0.3900364,0.60996366
51368,0.5861825,0.4138175
10780,0.22784692,0.7721531
53403,0.590261,0.40973902
31897,0.24232581,0.7576742
55461,0.6270871,0.3729129
4430,0.84432316,0.15567681
38534,0.13117619,0.8688238
37534,0.07762698,0.922373
37037,0.16371344,0.83628654
14090,0.58638453,0.41361547
52278,0.8384911,0.16150887
54197,0.44375658,0.5562434
10952,0.70231736,0.29768264
61046,0.92612535,0.07387473
41273,0.30043098,0.699569
11365,0.013918194,0.98608184
18079,0.0019856622,0.99801433
1948,0.56076896,0.43923104
54403,0.52356255,0.47643742
13021,0.044659324,0.95534074
49316,0.9029971,0.09700294
9489,0.3739633,0.6260367
38703,0.0082778195,0.99172217
55639,0.39063784,0.6093621
11230,0.0008211624,0.9991788
62932,0.8465706,0.15342939
59799,0.63878536,0.36121464
26539,0.0046020085,0.995398
59753,0.30940408,0.6905959
42818,0.026128633,0.9738714
51268,0.7424675,0.2575325
59615,0.9792995,0.020700552
40720,0.0008712681,0.99912876
60580,0.2535786,0.74642146
40298,0.0011283611,0.9988716
15516,0.042074773,0.95792526
22701,0.018451683,0.98154825
21890,0.001118328,0.99888164
48241,0.9505075,0.049492463
8456,0.6481678,0.35183227
55390,0.501466,0.498534
46988,0.9032514,0.09674853
40195,0.11394963,0.88605034
34878,0.3317279,0.66827214
5152,0.85348934,0.14651063
5052,0.5992425,0.40075743
54068,0.6645746,0.33542532
61387,0.7158024,0.28419763
31714,0.060119975,0.9398801
14777,0.0026480416,0.997352
1466,0.90842205,0.091577955
12404,0.029447453,0.97055256
25559,0.49634513,0.5036549
10031,0.21813974,0.7818603
761,0.13100027,0.8689997
46117,0.8728456,0.12715444
37072,0.3159573,0.68404263
27750,0.00463205,0.995368
62505,0.8217228,0.17827721
39696,0.002237685,0.9977623
53564,0.7185029,0.28149712
63077,0.8810138,0.11898621
53767,0.4378721,0.5621279
48221,0.9865376,0.013462359
62320,0.8947585,0.10524144
21524,0.23954271,0.76045734
40509,0.077915415,0.92208457
56183,0.92911845,0.07088152
23752,0.09384605,0.906154
40266,0.0026991998,0.9973008
27041,0.006566395,0.9934336
12330,0.02657298,0.97342706
60563,0.27401525,0.72598475
60454,0.27771777,0.7222823
59286,0.25718728,0.74281275
55443,0.89561427,0.10438577
57675,0.9997937,0.00020631799
48752,0.9349629,0.06503709
9922,0.40940773,0.59059227
8130,0.9168018,0.08319816
2036,0.17732716,0.82267284
58157,0.99451596,0.005483977
30346,0.08523267,0.9147674
29694,0.1723421,0.8276579
63148,0.9861944,0.0138056325
35743,0.10653899,0.893461
37181,0.3708344,0.6291656
54112,0.60807997,0.39192006
39139,0.002347134,0.9976528
34278,0.27289572,0.7271043
51018,0.93704003,0.062960036
60311,0.28944632,0.71055365
56206,0.93701833,0.062981695
23726,0.009298914,0.9907011
16395,0.0022330245,0.997767
38924,0.003144692,0.99685526
61965,0.37680236,0.6231977
8233,0.5817634,0.4182366
19544,0.0064573013,0.9935427
59663,0.75329494,0.24670507
31541,0.09414103,0.90585893
33328,0.42546296,0.5745371
7357,0.27238026,0.7276197
58456,0.9531448,0.04685522
25486,0.57322025,0.42677975
3625,0.80322117,0.19677883
18511,0.08495307,0.915047
3548,0.44788954,0.55211043
55008,0.52183884,0.47816116
42081,0.014091635,0.9859083
15380,0.25061077,0.7493893
64287,0.78294754,0.21705242
62459,0.88799036,0.1120096
33488,0.21699171,0.7830083
47349,0.90277696,0.09722303
33720,0.4778616,0.52213836
46282,0.8101056,0.18989433
47567,0.5352024,0.46479765
10987,0.00087777263,0.9991222
25393,0.0045063067,0.99549365
49211,0.9549649,0.045035142
51248,0.95810074,0.04189921
24181,0.004850533,0.99514943
10637,0.23881531,0.76118463
27276,0.008135333,0.9918646
53444,0.512321,0.48767895
39980,0.012290312,0.98770976
45872,0.8675884,0.13241158
2843,0.014681903,0.98531806
20822,0.12484439,0.8751556
53543,0.8744028,0.12559721
39539,0.0010175471,0.9989825
33926,0.3891242,0.6108758
11870,0.68584543,0.31415454
39451,0.014332402,0.9856676
60360,0.2713827,0.7286173
59244,0.49406728,0.5059327
13853,0.42753202,0.572468
60596,0.4290564,0.5709436
7506,0.4114689,0.5885311
20029,0.00040634855,0.9995937
55690,0.723514,0.276486
6061,0.79881203,0.20118794
26391,0.00013594815,0.999864
2330,0.48669127,0.5133087
984,0.220524,0.77947605
15471,0.023092326,0.9769076
57077,0.9004483,0.09955165
53421,0.25960314,0.7403969
36039,0.019766154,0.98023385
31633,0.17492671,0.8250733
6558,0.2834526,0.71654737
60571,0.39659098,0.60340905
18212,0.08270831,0.9172917
29624,0.08816152,0.91183853
40935,0.0035233046,0.9964767
36753,0.003701871,0.99629813
41990,0.015449781,0.9845502
26213,0.07885038,0.92114955
49199,0.7708477,0.22915235
3495,0.26487756,0.7351224
4906,0.84440804,0.15559189
14327,0.0020249072,0.99797505
10535,0.77568316,0.22431684
61569,0.7546086,0.2453914
19804,0.0003799331,0.9996201
156,0.55410194,0.44589803
28198,0.0025096056,0.9974904
40351,0.008343365,0.99165666
57742,0.99128234,0.008717699
10629,0.67318046,0.32681954
18644,0.0006976636,0.99930227
10036,0.28671265,0.7132874
42479,0.0059291297,0.9940708
888,0.5328763,0.46712366
63370,0.35773784,0.64226216
11233,0.45268795,0.547312
62582,0.7091478,0.29085222
8366,0.82133687,0.17866318
36122,0.072053075,0.927947
26610,0.62970704,0.37029302
6176,0.8025341,0.19746591
61038,0.9757509,0.024249056
39917,0.016074713,0.98392534
4844,0.14911312,0.8508869
24803,0.11606693,0.88393307
20401,0.72790736,0.2720926
62997,0.64461285,0.35538715
65172,0.8127546,0.18724547
29540,0.040776502,0.9592235
33099,0.6655736,0.3344264
21731,0.0014373413,0.99856263
367,0.2230008,0.77699924
56068,0.9970481,0.0029519207
32006,0.06212341,0.9378766
34729,0.81842464,0.18157533
30210,0.5221615,0.4778385
63626,0.9438845,0.05611558
59602,0.97551286,0.024487069
55913,0.9949221,0.005077882
19733,0.010489002,0.98951095
25623,0.14812295,0.85187703
31440,0.2933405,0.7066595
44359,0.8841895,0.11581054
59867,0.4988056,0.5011944
28311,0.06307349,0.9369265
18787,0.0006147953,0.99938524
23287,0.027342597,0.97265744
51199,0.8968465,0.10315352
35683,0.02908117,0.9709189
26643,0.014955238,0.9850448
28194,0.0019558382,0.99804413
60296,0.26651323,0.7334868
20699,0.14885704,0.85114294
47271,0.71963674,0.28036326
64145,0.6285596,0.3714404
39786,0.020442644,0.9795574
52105,0.7397333,0.2602667
64021,0.94411755,0.055882495
58179,0.98887616,0.011123822
61450,0.80214405,0.197856
17644,0.0018354495,0.9981646
31665,0.037934814,0.96206516
60317,0.64502645,0.35497352
47505,0.7366249,0.26337504
28655,0.015520521,0.9844795
55361,0.85745347,0.14254647
45315,0.90817577,0.09182426
31835,0.12976225,0.87023777
58798,0.7510843,0.24891563
16943,0.0043648165,0.9956352
44193,0.7435612,0.25643873
48950,0.7660467,0.23395327
56458,0.90639514,0.093604915
6443,0.7415632,0.2584368
47306,0.7923801,0.20761992
4875,0.71403104,0.28596896
19004,0.000763544,0.99923646
64734,0.8127,0.18730004
50752,0.9352874,0.064712554
13101,0.00069160736,0.99930835
19317,0.0018399137,0.99816006
11256,0.8062655,0.19373453
9256,0.7704092,0.22959076
28935,0.0076194108,0.99238056
36419,0.009257607,0.9907424
13487,0.86845785,0.1315421
15535,0.004545393,0.99545455
31816,0.19089568,0.8091044
55449,0.6680779,0.33192208
44907,0.9403343,0.059665665
23205,0.010485939,0.989514
48525,0.8572861,0.14271393
50686,0.50308937,0.4969106
59369,0.49499846,0.50500154
61870,0.9702069,0.029793017
27582,0.0036169908,0.99638295
14862,0.545916,0.45408392
34355,0.26418784,0.7358122
56366,0.8054299,0.19457008
61122,0.97984695,0.020153053
48257,0.9504093,0.049590662
59857,0.89332676,0.10667328
48679,0.61968327,0.38031676
61561,0.9841239,0.01587607
38091,0.060095247,0.9399048
24121,0.0013699908,0.99863005
55992,0.9180555,0.0819445
29163,0.004308156,0.99569184
6828,0.001560757,0.99843925
2250,0.949248,0.050752047
60261,0.72251976,0.27748027
17398,0.004109219,0.99589074
55376,0.40254533,0.59745467
32650,0.22552414,0.7744758
60429,0.43253934,0.5674606
47342,0.6967829,0.3032171
49779,0.9024549,0.09754505
39718,0.0027350334,0.997265
10769,0.19276531,0.8072347
27044,0.008107508,0.99189246
42408,0.0020352316,0.99796474
56494,0.8649922,0.13500775
38776,0.007601199,0.9923988
51228,0.9904951,0.009504894
15750,0.0011055807,0.9988944
53147,0.9311836,0.06881648
9623,0.7928438,0.20715615
6918,0.77188104,0.22811897
64315,0.84021235,0.15978761
22056,0.331582,0.668418
44956,0.96128684,0.038713213
9141,0.07602857,0.9239714
41924,0.06356041,0.9364396
48119,0.87213683,0.12786311
1286,0.69748354,0.30251646
26590,0.28347367,0.7165264
43364,0.49402308,0.5059769
48464,0.9686456,0.031354394
48222,0.9063444,0.093655616
37587,0.003925722,0.9960743
39210,0.0013694442,0.99863064
52542,0.19673482,0.80326515
52538,0.93514127,0.06485871
6944,0.107918635,0.8920814
19570,0.016202834,0.98379713
24106,0.00299221,0.9970078
37616,0.0033187792,0.99668115
43122,0.4285952,0.5714048
34481,0.293214,0.70678604
32712,0.24872096,0.7512791
26984,0.61359876,0.38640124
22722,0.020305606,0.9796944
38658,0.012470142,0.9875299
1067,0.30741623,0.6925838
40160,0.004596983,0.99540305
56590,0.86162794,0.13837202
18660,0.0009856214,0.9990144
25273,0.039929945,0.96007
45569,0.4860898,0.51391023
29,0.15864699,0.841353
2162,0.885898,0.114102006
50944,0.7855899,0.21441013
37760,0.28426868,0.7157313
30811,0.20259178,0.79740816
13942,0.34935796,0.65064204
63512,0.55895716,0.4410428
54025,0.83921707,0.16078295
29977,0.011326097,0.98867387
10049,0.73625445,0.26374555
9879,0.79767734,0.20232269
47750,0.82072806,0.179272
30460,0.0010393151,0.99896073
22400,0.19049594,0.80950403
35762,0.36532336,0.63467664
2552,0.95633084,0.04366919
61800,0.80650604,0.19349399
12439,0.0022482162,0.9977518
30648,0.37062857,0.6293714
16647,0.00094940065,0.99905056
9473,0.013939223,0.98606074
3199,0.54723614,0.4527639
1182,0.71010524,0.28989482
48782,0.97782886,0.022171125
55833,0.65892553,0.34107444
22906,0.0015556554,0.9984444
51143,0.95045096,0.04954906
29304,0.15814741,0.8418526
54261,0.814093,0.18590695
19052,0.004815993,0.995184
56426,0.8363589,0.16364114
39363,0.08621838,0.9137816
49434,0.5233247,0.4766752
33900,0.20613818,0.79386187
35082,0.56824523,0.43175474
17032,0.0013659403,0.99863404
58201,0.960947,0.03905299
54749,0.88200116,0.11799882
32165,0.24910752,0.75089246
58884,0.76894563,0.23105435
49087,0.91411024,0.085889764
7288,0.47314873,0.52685124
28694,0.029595878,0.97040415
35489,0.51874954,0.48125046
42984,0.017025325,0.9829747
29207,0.044127215,0.95587283
42395,0.003833188,0.99616677
14768,0.7808815,0.21911848
46362,0.89089525,0.109104775
34785,0.7117934,0.28820652
970,0.49515778,0.5048422
18185,0.09859673,0.9014033
63343,0.3898591,0.6101409
51094,0.88272315,0.11727686
19598,0.017243698,0.98275626
33659,0.52150214,0.4784979
39552,0.0013060339,0.998694
22807,0.019550039,0.9804499
15081,0.030896718,0.9691032
13415,0.03235859,0.9676414
42148,0.03918693,0.96081305
48010,0.26102543,0.7389746
24864,0.07399624,0.92600375
22607,0.07276074,0.92723924
26865,0.0065311105,0.9934689
62294,0.40717828,0.5928218
41338,0.020872112,0.97912794
20284,0.0007894153,0.9992106
9768,0.29829916,0.7017008
17976,0.008288752,0.99171126
64504,0.786515,0.21348502
58017,0.9651319,0.034868114
40777,0.024456523,0.9755435
61784,0.80516714,0.19483289
62931,0.9734032,0.026596736
39287,0.01620154,0.9837984
17214,0.0074260565,0.992574
4817,0.76202637,0.23797366
36737,0.0062222416,0.99377775
2932,0.603859,0.39614096
38401,0.06984582,0.93015414
33215,0.3662234,0.63377666
13480,0.17980003,0.82019997
45347,0.9324908,0.067509174
33361,0.20129628,0.79870373
37565,0.0015337886,0.99846625
41456,0.022795975,0.9772041
23098,0.005394437,0.9946056
51730,0.9403864,0.05961357
50765,0.90626246,0.09373757
44081,0.89042205,0.10957802
20347,0.0028707243,0.99712926
30431,0.0024692947,0.99753076
52927,0.73651534,0.26348463
211,0.6358319,0.36416814
25972,0.0052313674,0.9947686
13026,0.35619465,0.6438053
15454,0.6949553,0.30504474
59828,0.821411,0.17858899
25880,0.060582057,0.93941796
16139,0.002980656,0.99701935
21622,0.004253427,0.99574655
12999,0.2737612,0.7262387
21653,0.73979956,0.2602004
46391,0.9317324,0.06826756
9954,0.3238862,0.67611384
10626,0.7113423,0.28865778
956,0.27543688,0.7245631
3014,0.4171451,0.5828549
35921,0.11362621,0.8863738
55862,0.4905231,0.5094769
53152,0.7840346,0.21596539
28517,0.0186976,0.98130244
50657,0.85764277,0.14235729
14808,0.43181863,0.56818134
42453,0.050597917,0.94940203
35621,0.62034065,0.37965935
19751,0.0019861772,0.99801385
38207,0.0010350342,0.998965
13035,0.004603214,0.9953968
50880,0.5591044,0.44089562
33139,0.6150963,0.38490373
27261,0.013245887,0.9867541
34698,0.51240724,0.48759276
32232,0.1370098,0.8629902
64164,0.68922824,0.31077176
24731,0.546213,0.45378706
51879,0.8771156,0.122884415
38382,0.011577728,0.9884222
35966,0.029587435,0.97041255
20074,0.000120903234,0.9998791
61435,0.8377636,0.16223645
17769,0.0022004794,0.99779946
61428,0.76579756,0.23420237
18921,0.0011244253,0.99887556
2676,0.81288946,0.18711056
12924,0.410709,0.589291
64821,0.861099,0.138901
47622,0.92716295,0.07283708
6186,0.32370678,0.67629325
21004,0.18140984,0.8185901
22900,0.0028729802,0.997127
54543,0.48435777,0.5156422
44326,0.9009251,0.099074915
35512,0.71645445,0.28354555
27926,0.0057441513,0.99425584
5603,0.67227036,0.3277297
24132,0.009107009,0.990893
25017,0.00074067217,0.9992593
39108,0.01706999,0.98293006
2332,0.81206185,0.18793812
9651,0.19274692,0.8072531
8244,0.85032773,0.1496723
18073,0.0017769437,0.998223
34402,0.51967037,0.4803297
25203,0.0522719,0.94772816
7101,0.06268042,0.9373196
18405,0.0010505815,0.99894947
30077,0.0051325504,0.99486744
19714,0.00196294,0.99803704
26993,0.23256432,0.7674357
27548,0.50558555,0.4944144
2976,0.2789824,0.7210176
34325,0.47951406,0.52048594
46741,0.7018868,0.2981133
31428,0.75396264,0.24603738
20921,0.09216798,0.90783197
37159,0.06707231,0.9329277
37521,0.004277416,0.99572253
6818,0.131152,0.868848
36990,0.27677482,0.7232252
33042,0.6750106,0.32498935
37317,0.12324625,0.87675375
57311,0.9997918,0.00020816374
24929,0.35144353,0.6485564
29296,0.021958234,0.9780418
2166,0.7617048,0.23829515
52803,0.8934863,0.10651372
4271,0.46596986,0.53403014
17395,0.033174418,0.9668256
58991,0.62873566,0.37126434
44271,0.93954235,0.06045764
1296,0.4267127,0.5732873
62621,0.57900554,0.42099446
14515,0.6151413,0.38485876
25143,0.010382561,0.98961747
37808,0.007770846,0.99222916
52802,0.6936152,0.3063848
19823,0.0023338234,0.99766624
56063,0.9788321,0.021167891
12542,0.0073399283,0.9926601
24608,0.022400424,0.97759956
45439,0.72904485,0.27095515
48176,0.75447476,0.2455252
29981,0.14886552,0.8511345
10874,0.12431899,0.875681
8993,0.9454625,0.054537445
20035,0.00088907394,0.9991109
3809,0.59322846,0.40677154
1208,0.33245865,0.6675414
45641,0.9075101,0.09248992
19260,0.016283648,0.98371637
48347,0.87608695,0.12391305
28496,0.009271735,0.99072826
29491,0.0017307872,0.9982692
38374,0.06641238,0.9335877
38154,0.0025176553,0.99748236
49169,0.59123343,0.4087666
28173,0.014570894,0.9854291
54465,0.68316823,0.31683177
61185,0.622906,0.37709403
45473,0.8387671,0.16123286
17320,0.006875095,0.9931249
8625,0.9172882,0.082711756
20550,0.4730036,0.5269964
26621,0.53529465,0.46470538
9235,0.27934602,0.72065395
62016,0.7616256,0.23837446
23585,0.0006487871,0.9993512
11798,0.0014726438,0.9985273
35176,0.7623426,0.23765741
22911,0.0041993754,0.9958007
37233,0.5096818,0.49031818
29048,0.59909487,0.40090516
13180,0.23144807,0.76855195
47658,0.87763166,0.12236836
12564,0.645019,0.354981
27586,0.0057086134,0.9942914
59744,0.6635151,0.33648485
42826,0.77670616,0.22329383
7450,0.5074249,0.49257508
5086,0.73835814,0.2616419
18294,0.03218599,0.96781397
31905,0.31972897,0.680271
57449,0.99536514,0.00463481
9296,0.7821015,0.21789852
61084,0.9470847,0.052915264
42206,0.05596148,0.9440385
11388,0.013980818,0.98601913
47222,0.8683825,0.1316175
48068,0.54081887,0.4591811
43821,0.73632705,0.26367295
20356,0.4239537,0.5760463
13847,0.67726463,0.3227354
32732,0.25884438,0.7411557
26100,0.019469459,0.9805305
188,0.07687575,0.92312425
60931,0.72433746,0.27566254
34567,0.6484894,0.35151058
32025,0.053154152,0.9468458
27012,0.09462385,0.90537614
28548,0.0024940989,0.99750596
7896,0.5735026,0.42649737
57932,0.9877059,0.0122940745
54050,0.54672605,0.45327392
14615,0.14870921,0.8512908
1354,0.3465779,0.6534221
5255,0.8052261,0.19477393
11484,0.0020545784,0.99794537
19164,0.039341606,0.9606584
39597,0.0006071577,0.99939287
63943,0.96257365,0.03742629
36442,0.1655057,0.8344943
18230,0.00075057,0.9992494
47012,0.6931323,0.3068677
13895,0.21237233,0.7876277
3873,0.2858515,0.71414846
37492,0.060929958,0.9390701
48482,0.61958855,0.38041142
56978,0.9922605,0.00773954
10544,0.018711474,0.98128855
63658,0.88522136,0.11477865
63068,0.99720013,0.0027998805
64780,0.83451915,0.16548087
33760,0.2626738,0.73732626
35949,0.009371482,0.99062854
16752,0.0039354875,0.9960645
36822,0.020578742,0.97942126
51160,0.782126,0.21787398
13763,0.13302377,0.86697626
44076,0.8597365,0.14026347
28883,0.012646635,0.98735344
27888,0.5366952,0.46330482
56672,0.93619365,0.06380633
31261,0.054659534,0.94534045
25248,0.0086015565,0.99139845
43597,0.9586632,0.041336842
21244,0.3381993,0.66180074
34931,0.71441466,0.2855854
64731,0.7299044,0.27009562
27245,0.0072124302,0.99278754
20219,0.0011652153,0.9988348
50942,0.6727836,0.32721633
21675,0.94477487,0.055225093
46218,0.7576549,0.24234506
23017,0.009289299,0.9907107
23438,0.010452473,0.9895475
60621,0.3381357,0.66186434
58254,0.9832513,0.016748779
2148,0.7780764,0.22192363
54740,0.88638616,0.11361384
1657,0.59049463,0.40950537
15790,0.00089870795,0.9991013
50213,0.8156317,0.18436833
17254,0.028518267,0.97148174
16852,0.01451305,0.985487
14888,0.10140405,0.8985959
48328,0.95145494,0.048545025
63584,0.8746611,0.12533891
40259,0.00018808253,0.99981195
9898,0.48842812,0.5115719
27158,0.008188414,0.99181163
38329,0.16145585,0.8385442
25959,0.014898461,0.9851016
35579,0.52070767,0.4792923
19031,0.0015581615,0.9984419
53352,0.8222768,0.1777232
22354,0.002832887,0.99716717
58855,0.72309494,0.27690503
10441,0.3653107,0.63468933
15635,0.008437421,0.99156266
20656,0.083221205,0.91677874
17120,0.057181515,0.9428185
37298,0.05657948,0.94342047
21764,0.627066,0.372934
64473,0.82077414,0.17922585
1278,0.5806747,0.41932526
38564,0.1645388,0.8354612
18025,0.038263477,0.9617365
5884,0.115880914,0.88411903
49890,0.8317875,0.1682125
35398,0.73144823,0.2685518
53288,0.4847181,0.5152819
25917,0.005554448,0.99444556
64533,0.91120183,0.088798106
33397,0.33636978,0.6636302
15921,0.05184442,0.9481555
65241,0.8390549,0.16094513
1183,0.6799072,0.3200928
51931,0.91449064,0.0855094
21833,0.052405227,0.94759476
754,0.22374542,0.7762546
40882,0.014395217,0.9856047
19586,0.0055215065,0.99447846
19584,0.0028039091,0.9971961
44302,0.6116942,0.38830578
12885,0.053535335,0.94646466
34615,0.5316852,0.46831477
56110,0.9437342,0.05626577
44126,0.5831781,0.4168219
45895,0.92811185,0.071888134
33336,0.21065955,0.78934044
13586,0.26534593,0.73465407
8717,0.4709846,0.52901536
24375,0.0007774738,0.9992225
53841,0.55264354,0.44735643
35515,0.35834172,0.6416583
52049,0.74924356,0.2507564
63897,0.6825646,0.31743538
48627,0.46962845,0.53037155
51402,0.46292707,0.53707296
64392,0.78524506,0.21475495
38529,0.12756968,0.8724303
14826,0.0029989546,0.997001
29326,0.6541733,0.34582666
238,0.33701882,0.66298115
55740,0.94376457,0.056235384
59906,0.30176482,0.6982352
54448,0.5036387,0.49636135
41035,0.07216346,0.92783654
33827,0.2959284,0.7040716
1250,0.34860066,0.6513994
29829,0.007742022,0.9922579
56082,0.95824116,0.041758843
51762,0.90488064,0.095119335
33638,0.41444123,0.5855588
12881,0.008519915,0.9914801
51230,0.5315134,0.46848658
32332,0.20952417,0.7904758
50187,0.9612932,0.038706787
5741,0.77695334,0.22304669
47117,0.90223736,0.097762674
12958,0.06381182,0.9361882
37075,0.021015082,0.97898495
59642,0.4833066,0.5166935
4900,0.9332174,0.06678257
36815,0.034989275,0.96501076
21451,0.3619611,0.6380389
43204,0.1546164,0.8453836
22945,0.009458968,0.99054104
10312,0.12891595,0.87108403
57403,0.9131354,0.08686462
40734,0.12910114,0.87089884
6238,0.6726577,0.32734224
59598,0.93101746,0.068982504
58642,0.7837161,0.21628389
64280,0.6639072,0.33609277
16425,0.0014828686,0.9985171
23932,0.037352584,0.96264744
4795,0.7927013,0.20729868
33798,0.5286412,0.47135875
25263,0.0021023746,0.9978976
21095,0.09136847,0.9086315
4091,0.07136303,0.92863697
59459,0.04580186,0.9541982
47631,0.3020438,0.6979562
57267,0.67857784,0.3214222
20730,0.11016197,0.88983804
61940,0.7946817,0.20531821
30484,0.004477766,0.99552226
549,0.5135021,0.48649788
40175,0.00068529276,0.99931467
7552,0.23708162,0.76291835
44065,0.5989346,0.40106547
62604,0.9249677,0.07503225
56163,0.8794523,0.12054771
6216,0.044778373,0.9552216
20678,0.060802966,0.939197
48550,0.9643916,0.035608403
36493,0.0055310163,0.9944689
31716,0.16706969,0.8329303
38296,0.010160877,0.9898391
54610,0.5067423,0.49325773
6223,0.7237493,0.2762507
40630,0.017192429,0.98280764
52514,0.9485885,0.051411476
8281,0.19681779,0.8031822
30315,0.5381464,0.46185362
1116,0.32723784,0.67276216
53838,0.9066054,0.09339459
61430,0.7441219,0.2558781
51086,0.8939762,0.10602383
8581,0.36497375,0.6350263
34847,0.49718568,0.5028143
18233,0.0071053375,0.9928947
64705,0.828937,0.171063
33365,0.19722271,0.80277735
25651,0.8460195,0.15398048
29742,0.013254578,0.9867454
53062,0.10145735,0.89854264
39924,0.12555994,0.87444
58791,0.8934838,0.10651618
60293,0.47309962,0.52690035
1998,0.8048723,0.19512779
47248,0.8413356,0.15866442
10003,0.5635951,0.43640494
17432,0.00221701,0.997783
54441,0.8458752,0.15412478
44863,0.9587298,0.041270155
54896,0.7953211,0.20467888
7485,0.41968793,0.5803121
41495,0.19587643,0.8041235
10675,0.065269835,0.9347302
57530,0.85078305,0.14921692
15627,0.005579708,0.99442023
38742,0.013666853,0.9863332
50783,0.9110323,0.08896768
26780,0.33948478,0.6605152
49102,0.9505789,0.04942109
4177,0.003843369,0.99615663
20091,0.0008090533,0.999191
39675,0.004874123,0.99512595
3264,0.5454491,0.4545509
51551,0.9256586,0.07434138
17400,0.000982857,0.9990171
6911,0.628988,0.37101194
47752,0.8108267,0.18917333
29269,0.1605392,0.8394608
32709,0.08929316,0.9107068
19552,0.0019844887,0.9980155
14849,0.060814813,0.9391852
44800,0.86348224,0.13651778
60021,0.5637752,0.43622485
58774,0.63660026,0.36339968
63329,0.4911061,0.5088939
26179,0.014467789,0.9855322
22716,0.0050851875,0.99491477
60094,0.8864611,0.11353886
59110,0.60468954,0.3953104
63653,0.7741285,0.22587147
4144,0.6427795,0.35722053
44682,0.89094186,0.10905809
62299,0.9993907,0.0006092771
58561,0.8521938,0.14780621
34344,0.29915246,0.7008475
60288,0.36059618,0.63940376
21205,0.13868104,0.8613189
55647,0.75113916,0.24886079
24176,0.0024304222,0.9975695
60534,0.5210938,0.4789062
16570,0.000815535,0.9991844
64929,0.6798294,0.3201706
37978,0.00539754,0.9946024
49374,0.79955035,0.20044968
62151,0.9270988,0.072901204
49028,0.9225535,0.07744652
34096,0.27136195,0.7286381
35668,0.02863876,0.9713613
44981,0.9395413,0.060458712
44421,0.7191498,0.2808502
34883,0.77605844,0.22394162
9491,0.41717038,0.5828296
61971,0.49122822,0.5087717
28735,0.020165505,0.9798345
59758,0.17770426,0.8222957
28379,0.02263634,0.9773637
45866,0.83088243,0.1691176
33224,0.40059382,0.5994062
10056,0.6234826,0.37651744
28503,0.0040929434,0.99590707
54359,0.7178074,0.28219262
13314,0.78731114,0.2126889
20903,0.18151762,0.8184824
34929,0.5252548,0.47474518
29382,0.06974717,0.93025285
19253,0.0015023584,0.9984976
51619,0.27017146,0.72982854
55408,0.5279936,0.47200638
64623,0.8583145,0.14168547
63921,0.15828182,0.8417182
38185,0.0022130439,0.9977869
55082,0.53728473,0.4627153
28502,0.083228335,0.91677165
30113,0.011426415,0.98857355
26256,0.075076364,0.92492366
62,0.03388704,0.966113
55988,0.9691609,0.03083907
60827,0.9021885,0.09781155
48789,0.54769725,0.45230278
640,0.3731487,0.6268513
12506,0.51225024,0.4877498
52936,0.76039064,0.23960944
25975,0.036124207,0.9638758
64265,0.8705103,0.12948968
5120,0.51164937,0.48835063
39442,0.036345843,0.9636541
10331,0.21330488,0.7866951
50652,0.5387253,0.4612747
54426,0.869894,0.130106
14320,0.0055056643,0.99449426
64940,0.61657006,0.3834299
43047,0.24275139,0.75724864
23459,0.0011366658,0.99886334
58135,0.97898877,0.021011274
35753,0.030378645,0.9696213
15462,0.0003591337,0.9996408
54396,0.8282298,0.17177016
2352,0.871089,0.12891094
45453,0.68134797,0.3186521
40906,0.00410672,0.99589324
34336,0.31871492,0.6812851
23195,0.011467094,0.9885329
62107,0.8771085,0.12289146
20900,0.03688128,0.96311873
63828,0.47184312,0.5281569
62843,0.8806727,0.11932728
25068,0.0020820692,0.99791795
43296,0.1830618,0.8169383
11104,0.0009253919,0.9990746
44102,0.5767436,0.42325634
28428,0.0020165502,0.99798346
38961,0.0012598131,0.99874026
56730,0.9816243,0.018375741
985,0.1732892,0.8267108
54552,0.57929534,0.4207047
25932,0.014422982,0.98557705
45410,0.8669258,0.13307418
46140,0.9063255,0.09367448
1395,0.80345905,0.19654097
28913,0.025925137,0.97407484
36281,0.017456293,0.98254365
41166,0.076067686,0.9239323
470,0.63022,0.36978
45534,0.91144085,0.08855915
25746,0.25270277,0.7472972
13111,0.5613624,0.43863758
14886,0.51675576,0.48324427
7380,0.011812937,0.988187
40694,0.018002847,0.9819972
19063,0.0011272749,0.9988727
18832,0.0038701077,0.9961299
24376,0.0023217385,0.99767834
18208,0.0026214335,0.9973786
12840,0.049841106,0.9501589
34575,0.51874954,0.48125046
12546,0.23529245,0.76470757
28895,0.15113713,0.8488629
12367,0.0027430297,0.99725705
63100,0.6984158,0.30158424
52862,0.52901554,0.4709845
36966,0.016402047,0.98359793
18338,0.0024261936,0.9975738
24688,0.027171023,0.972829
42425,0.06528316,0.9347169
44664,0.95181787,0.04818215
25079,0.16822049,0.83177954
12566,0.6349637,0.36503637
46818,0.7868702,0.21312986
6413,0.38785043,0.6121496
22234,0.006352506,0.9936475
10194,0.8572611,0.1427389
42738,0.08949609,0.91050386
29369,0.13713653,0.8628634
22495,0.0027528678,0.99724716
43940,0.9552263,0.044773765
5284,0.8176067,0.18239331
41802,0.8720944,0.12790565
50909,0.59200984,0.4079902
24201,0.029342854,0.9706571
33632,0.43130124,0.56869876
22222,0.0045650695,0.99543494
60416,0.50264657,0.4973534
7522,0.7381,0.26189998
10602,0.77479887,0.22520107
53210,0.061432153,0.9385679
15848,0.0014725316,0.9985274
46561,0.76716244,0.23283754
64264,0.88679695,0.113203034
39282,0.018402291,0.98159766
56168,0.7182826,0.28171745
51481,0.69956774,0.30043226
61581,0.8111162,0.18888374
62530,0.8943709,0.10562913
58132,0.9855369,0.014463069
15209,0.66201395,0.33798608
1214,0.7916312,0.20836881
29029,0.053534042,0.9464659
10227,0.84854037,0.1514596
30491,0.0019393122,0.99806064
5899,0.6702135,0.32978645
26779,0.2015769,0.79842305
25433,0.0034979042,0.99650204
49272,0.73887557,0.2611244
16258,0.0011872597,0.9988128
17165,0.019354532,0.9806455
36286,0.009505169,0.99049485
13920,0.5091693,0.4908307
49153,0.76239836,0.23760168
50750,0.48825896,0.51174104
29315,0.15443869,0.84556127
28637,0.078070164,0.92192984
8836,0.20192182,0.7980782
49293,0.938856,0.061143972
61199,0.9070552,0.09294477
46594,0.6164458,0.3835542
34622,0.8410305,0.15896955
17801,0.021273574,0.9787264
49107,0.87863916,0.121360846
2152,0.8311717,0.16882828
14298,0.6789549,0.3210451
62951,0.835568,0.164432
35823,0.030091375,0.96990865
4419,0.7688231,0.23117691
7852,0.029412923,0.970587
54853,0.5343867,0.46561328
38768,0.0036016088,0.9963983
27568,0.017681722,0.9823183
56298,0.9422298,0.057770196
38047,0.015390828,0.9846091
26089,0.012764872,0.9872351
13498,0.41018167,0.5898183
49408,0.78664553,0.21335445
10339,0.26928902,0.73071104
11987,0.04691143,0.9530886
20597,0.49388796,0.506112
42679,0.78453535,0.21546464
22419,0.0015713337,0.99842864
35102,0.7398858,0.26011416
31717,0.05346492,0.9465351
60944,0.81604546,0.1839545
18400,0.0016278158,0.99837226
1523,0.95407164,0.04592833
55111,0.8435895,0.15641059
60888,0.6408567,0.35914335
54703,0.42354083,0.5764592
2521,0.31683978,0.68316025
27098,0.0012432851,0.99875677
8516,0.59554464,0.40445536
59764,0.5347525,0.46524754
59183,0.4546787,0.54532135
345,0.043760147,0.9562398
22473,0.025698999,0.97430104
40130,0.0003790724,0.9996209
44054,0.91970146,0.080298536
21448,0.8473078,0.15269218
13237,0.7944707,0.20552924
1402,0.6447777,0.35522234
26678,0.009195744,0.9908043
53670,0.88499975,0.115000255
28507,0.013010506,0.98698944
40458,0.022960275,0.9770397
64748,0.76897097,0.23102902
59060,0.63262254,0.3673774
7150,0.6069328,0.39306712
51144,0.872373,0.12762697
46365,0.73688143,0.26311857
22295,0.022136342,0.9778636
4117,0.6228211,0.3771789
64703,0.8658082,0.13419178
51147,0.78711605,0.21288396
61849,0.99781585,0.0021840837
46809,0.8980135,0.10198649
6497,0.8271611,0.1728389
30541,0.61116666,0.3888333
17046,0.013358467,0.9866415
31373,0.07105359,0.9289464
61312,0.95708925,0.042910732
17855,0.006421011,0.99357903
13927,0.021076124,0.97892386
53926,0.58163077,0.4183692
45720,0.41672257,0.58327746
42804,0.46712783,0.5328722
32542,0.115767956,0.8842321
12168,0.041933186,0.9580668
31502,0.13968502,0.86031497
32086,0.26143426,0.73856574
18930,0.006456384,0.9935436
52254,0.70897394,0.29102612
34128,0.22547814,0.7745219
55886,0.58372694,0.41627303
32659,0.078991555,0.9210084
24902,0.22083917,0.7791608
42331,0.3424593,0.6575407
46450,0.97854733,0.021452585
634,0.11511691,0.8848831
57119,0.87774295,0.12225707
7401,0.65702105,0.34297895
9043,0.5973379,0.4026621
56526,0.79188955,0.20811047
27013,0.030044764,0.9699552
50620,0.93506736,0.06493267
34951,0.8381415,0.16185844
8165,0.82745427,0.17254575
16014,0.016805079,0.9831949
22283,0.04037032,0.9596297
12683,0.067476355,0.93252367
64894,0.6795643,0.32043567
38411,0.094477706,0.9055223
40581,0.043495912,0.9565041
15027,0.02421436,0.9757857
41199,0.04687441,0.9531256
48265,0.5657061,0.43429387
12487,0.007463158,0.99253684
46555,0.73553306,0.26446697
32313,0.64037806,0.35962194
52766,0.7515606,0.24843939
35035,0.35846385,0.6415361
50092,0.8974925,0.1025074
36198,0.010510742,0.98948926
29708,0.40384036,0.59615964
44216,0.82752824,0.1724718
58589,0.758805,0.241195
54758,0.9338073,0.06619269
53544,0.8300839,0.1699161
60494,0.2339893,0.7660107
34171,0.25615394,0.74384606
50522,0.82685065,0.17314938
7679,0.40640715,0.5935929
47604,0.5781369,0.42186314
12617,0.2810681,0.7189319
50492,0.54237914,0.45762083
61310,0.25884625,0.7411538
44940,0.9265761,0.073424004
3150,0.22658344,0.7734166
5610,0.84106684,0.1589332
26525,0.13572384,0.8642761
45916,0.79609597,0.20390406
46650,0.69105995,0.3089401
10012,0.3992888,0.60071117
55679,0.9158903,0.084109716
11310,0.20501144,0.7949886
33589,0.26920396,0.73079604
18844,0.0012197493,0.9987803
9948,0.0691029,0.9308971
1317,0.4711039,0.5288961
8018,0.10152719,0.89847285
14484,0.077241056,0.922759
11379,0.057517726,0.9424823
36923,0.04198755,0.95801246
4766,0.11063441,0.88936555
16431,0.001110698,0.99888927
51377,0.48188743,0.5181126
43002,0.025851524,0.9741485
61177,0.6317683,0.36823174
57102,0.87003076,0.12996918
2197,0.80698085,0.19301917
19045,0.0031168554,0.9968831
3004,0.9663214,0.03367864
24213,0.045201905,0.9547981
10760,0.029987078,0.97001296
63987,0.94838685,0.051613133
50122,0.10409498,0.895905
36008,0.052579675,0.9474203
24694,0.17383586,0.8261641
2456,0.8375834,0.1624166
9005,0.39127222,0.60872775
56211,0.99827397,0.0017260853
35192,0.82362765,0.17637236
44739,0.90695184,0.0930481
65191,0.8376542,0.16234584
43194,0.08211412,0.9178859
41352,0.039057598,0.9609424
36179,0.003614335,0.9963857
59524,0.3797159,0.6202841
7263,0.5070972,0.49290276
44998,0.854853,0.14514706
35559,0.42469862,0.5753014
35000,0.680913,0.31908703
5066,0.75719327,0.24280669
47124,0.43112534,0.56887466
38655,0.0061589587,0.99384105
62691,0.86853266,0.13146733
30434,0.0030744462,0.99692553
9693,0.062412716,0.93758726
58775,0.68979734,0.3102027
36515,0.00475738,0.9952426
297,0.16355823,0.8364418
1353,0.20207658,0.79792345
26915,0.006002139,0.9939978
1477,0.89958835,0.100411706
35991,0.0062091993,0.9937908
5887,0.50946224,0.49053776
19841,0.00054032594,0.9994597
24875,0.11184137,0.8881587
29096,0.004203899,0.9957961
59712,0.6818183,0.31818172
16939,0.00049440505,0.99950564
52643,0.7269307,0.27306932
22062,0.16000518,0.8399948
2616,0.7390979,0.2609021
11175,0.047993146,0.9520068
1172,0.2580511,0.7419489
23823,0.007958406,0.9920415
22206,0.27510405,0.724896
22594,0.6947081,0.30529192
15418,0.6045087,0.3954913
63239,0.6613406,0.33865938
14729,0.002659654,0.9973404
51436,0.9001361,0.09986389
29016,0.019893164,0.98010683
63304,0.52228427,0.47771573
5355,0.24683285,0.7531671
17755,0.026623935,0.97337604
11180,0.5225803,0.47741967
58688,0.9914259,0.008574165
34989,0.37508166,0.62491834
43753,0.51232636,0.48767364
38419,0.024852322,0.9751476
50220,0.6208797,0.37912023
15571,0.034776267,0.9652237
61184,0.8747538,0.12524618
403,0.08854193,0.9114581
61479,0.8615595,0.13844049
6505,0.33766255,0.6623374
61908,0.622906,0.37709403
40718,0.022909755,0.97709024
22070,0.24864544,0.7513546
57471,0.95038193,0.04961803
34713,0.8108288,0.18917118
27960,0.079460025,0.9205399
8876,0.63272256,0.36727747
38695,0.0005663564,0.9994336
63621,0.9422721,0.057727825
7764,0.53618044,0.46381962
3269,0.6377322,0.36226782
28581,0.04229244,0.9577075
27015,0.023253998,0.97674596
47942,0.59167856,0.40832147
17875,0.12967233,0.87032765
63306,0.07312618,0.92687374
42639,0.09965281,0.90034723
39793,0.00274812,0.9972519
56496,0.9368524,0.063147664
12413,0.1965984,0.80340165
8907,0.5195273,0.48047265
25192,0.012063591,0.98793644
7410,0.45101312,0.54898685
4500,0.86501086,0.13498913
55646,0.71027815,0.28972182
22143,0.080872856,0.91912717
19167,0.019119198,0.98088074
33652,0.29522666,0.7047733
33575,0.3484947,0.65150535
37184,0.077569164,0.9224308
52081,0.27278975,0.7272102
37232,0.057060853,0.9429391
27137,0.0012080388,0.998792
4140,0.10057438,0.8994256
29856,0.007482249,0.9925177
33506,0.17458922,0.82541084
15638,0.020874713,0.9791253
3149,0.8258875,0.17411248
41686,0.17587632,0.8241237
12207,0.56046236,0.4395377
36505,0.0013393798,0.99866056
11029,0.22485033,0.7751497
21394,0.009461219,0.9905387
60324,0.57549465,0.42450535
64758,0.8595167,0.14048328
11638,0.8139252,0.18607473
24284,0.0062436084,0.9937564
21516,0.19495557,0.8050444
55871,0.13087103,0.869129
47267,0.7044979,0.29550213
21804,0.6789241,0.32107595
51317,0.8597658,0.14023414
22201,0.12528376,0.8747162
27872,0.0074237436,0.99257624
51572,0.7534388,0.24656118
38991,0.023200102,0.9767999
61994,0.9262678,0.07373225
33528,0.2612662,0.73873377
30007,0.06504267,0.9349573
28693,0.014696092,0.9853039
53305,0.86232483,0.13767523
12535,0.05066597,0.949334
15118,0.13108121,0.8689188
23263,0.27121797,0.72878206
4903,0.8768552,0.12314483
53736,0.6783646,0.32163543
44675,0.9225822,0.07741784
29010,0.13870683,0.8612932
18863,0.00256825,0.9974317
53688,0.50144464,0.49855533
8617,0.7091772,0.2908228
13455,0.0016796651,0.9983203
26954,0.6304994,0.36950064
45151,0.90688133,0.09311863
4209,0.047972973,0.952027
5789,0.6487814,0.35121858
17907,0.0026956375,0.9973043
42106,0.016028259,0.9839717
40872,0.007153483,0.99284655
36743,0.02299496,0.977005
55549,0.80386347,0.19613649
42401,0.0022663139,0.9977337
19248,0.008751265,0.9912487
15065,0.20229733,0.79770267
49208,0.7207632,0.27923685
22335,0.0011053891,0.99889463
36880,0.013479311,0.98652065
47282,0.88729507,0.1127049
14430,0.34618357,0.6538164
26824,0.052268393,0.9477317
33031,0.2866528,0.7133472
33640,0.19130805,0.8086919
46971,0.7992462,0.2007538
50243,0.2432908,0.7567092
26731,0.6148303,0.3851697
52387,0.67827976,0.3217202
13027,0.017878998,0.98212105
13403,0.19516332,0.80483663
45719,0.85052806,0.14947191
2504,0.39839652,0.6016035
48988,0.8527888,0.14721118
51424,0.84498066,0.1550193
25994,0.033239674,0.9667603
9008,0.14362696,0.856373
17346,0.003998411,0.99600154
23167,0.0010029916,0.99899703
14366,0.065292515,0.93470746
7603,0.29870382,0.7012962
64966,0.8587615,0.1412385
16872,0.009411753,0.9905882
34774,0.3471589,0.6528411
60388,0.5237663,0.47623378
20429,0.67838365,0.32161632
61709,0.8987032,0.10129685
4233,0.72032845,0.27967158
57300,0.9067359,0.09326414
26265,0.09772074,0.9022793
32222,0.29247034,0.7075297
48560,0.93641263,0.06358737
35711,0.24483132,0.7551687
34285,0.14690408,0.8530959
31176,0.0038806573,0.9961194
36864,0.0078277495,0.99217224
48173,0.49292618,0.5070738
7315,0.15568224,0.8443178
15856,0.0074234554,0.99257654
62177,0.9014623,0.09853769
17503,0.0029150874,0.9970849
31742,0.05464516,0.9453548
6010,0.5789003,0.42109975
63529,0.018320125,0.9816799
44704,0.95521396,0.044786014
35423,0.57553864,0.42446136
52272,0.7969945,0.20300551
54611,0.52935845,0.4706415
48654,0.8457643,0.15423575
6489,0.8001043,0.19989565
54416,0.770544,0.229456
18247,0.004378685,0.99562126
37643,0.014743638,0.9852564
25204,0.008664899,0.9913351
35165,0.3894706,0.6105294
10941,0.46157363,0.5384264
37091,0.00942966,0.9905703
64933,0.814686,0.18531406
49958,0.5164083,0.48359165
2296,0.8578265,0.14217356
32925,0.3459108,0.6540892
52311,0.634752,0.36524805
42175,0.01179675,0.9882032
62100,0.6107483,0.38925168
10508,0.45644772,0.5435523
6892,0.04656086,0.9534391
23716,0.001653732,0.9983463
7883,0.47197548,0.52802455
38509,0.007157277,0.9928428
26746,0.009118922,0.9908811
24965,0.0313409,0.9686591
56320,0.7478276,0.25217235
24278,0.0012837449,0.99871624
34127,0.38192222,0.6180778
40119,0.00032813507,0.99967194
62164,0.7988711,0.20112894
2165,0.78522813,0.21477185
59653,0.5526281,0.44737187
5213,0.85267675,0.1473233
57773,0.97253,0.027470002
16214,0.0016357502,0.99836427
14267,0.2971785,0.7028215
11380,0.24783911,0.75216085
45497,0.7259495,0.27405053
36316,0.028269479,0.9717306
33259,0.4813295,0.5186705
29054,0.5101957,0.48980427
21211,0.5301914,0.4698086
18514,0.0028791993,0.9971208
29047,0.0067270407,0.9932729
31441,0.33793616,0.66206384
6035,0.35919318,0.64080685
13660,0.8471352,0.15286477
51430,0.5853776,0.4146224
13229,0.016488394,0.9835117
31228,0.38241738,0.61758256
32816,0.4200911,0.57990885
15765,0.0026281045,0.9973719
46004,0.8335307,0.16646926
34763,0.6551722,0.34482774
1788,0.12469919,0.8753008
14566,0.47557375,0.5244263
7137,0.037226778,0.96277314
8492,0.5838841,0.41611585
16203,0.0020825744,0.9979175
13987,0.004504906,0.9954951
61303,0.86189014,0.13810979
5843,0.8229893,0.1770107
5164,0.94040436,0.059595607
55474,0.32747534,0.6725247
52070,0.8828688,0.11713123
54291,0.6999462,0.30005378
42685,0.83061296,0.16938698
2880,0.44751483,0.55248517
59655,0.68852746,0.3114726
57296,0.3968129,0.60318714
51824,0.91847575,0.081524275
49006,0.83343464,0.1665654
4031,0.5698116,0.43018836
50587,0.90910923,0.09089083
29487,0.006505185,0.9934948
52535,0.83524954,0.16475047
29504,0.016396625,0.98360336
42824,0.5757499,0.42425016
44934,0.95846564,0.041534383
61492,0.9991609,0.0008390984
13285,0.13953893,0.86046106
33450,0.10477455,0.89522547
54524,0.3308517,0.6691483
35722,0.16721882,0.83278114
31652,0.18785082,0.8121492
56635,0.92579824,0.07420175
22487,0.092970915,0.9070291
24883,0.2351793,0.7648207
25859,0.034488782,0.96551126
51146,0.8395648,0.16043526
56906,0.99954504,0.0004549584
45608,0.8872675,0.11273252
40188,0.30906865,0.6909313
14505,0.81289434,0.18710566
8242,0.7589521,0.24104792
43400,0.90178394,0.09821606
535,0.32040173,0.6795983
5203,0.5339821,0.46601793
43247,0.009020365,0.9909797
53827,0.66685367,0.3331464
62865,0.6222432,0.3777568
10978,0.0009168426,0.99908316
64274,0.63641083,0.36358917
42255,0.027938286,0.97206175
36930,0.011007014,0.988993
1768,0.36575744,0.6342426
26860,0.01582935,0.9841706
30006,0.06258359,0.93741643
15074,0.18725617,0.81274384
52878,0.47575745,0.5242426
53677,0.17942452,0.82057554
40364,0.016385732,0.9836143
62249,0.99859387,0.001406063
1197,0.40248933,0.59751064
3549,0.75187397,0.24812607
25587,0.024813887,0.97518605
26968,0.27369282,0.72630715
43829,0.74430716,0.2556929
40845,0.14462973,0.8553703
10208,0.5640635,0.43593645
30511,0.002963829,0.9970362
29930,0.11414453,0.88585544
13872,0.042698447,0.9573016
46532,0.70890254,0.29109746
54117,0.87598616,0.124013826
32319,0.12939227,0.8706078
1202,0.095756486,0.90424347
41027,0.009803548,0.99019647
1319,0.4786116,0.5213884
195,0.1862501,0.81374985
25888,0.32342806,0.6765719
42829,0.8671575,0.13284245
19674,0.002511901,0.99748814
59499,0.63441813,0.3655819
45753,0.5543533,0.44564667
11774,0.4110566,0.58894336
43218,0.80668044,0.19331953
22197,0.0027195339,0.9972805
47943,0.7017797,0.29822028
22818,0.0146218315,0.98537815
57479,0.9987023,0.0012977269
1934,0.7279034,0.27209663
39613,0.0010294595,0.9989705
41470,0.0876007,0.9123993
17623,0.013623147,0.9863768
18174,0.03679717,0.9632029
23934,0.007564974,0.99243504
13691,0.17443757,0.8255625
4503,0.29110086,0.7088991
2221,0.8011489,0.19885114
444,0.048502646,0.9514973
34441,0.3994205,0.60057956
58644,0.8763517,0.123648256
49355,0.61284626,0.38715369
11395,0.016575243,0.9834247
30812,0.32208285,0.6779172
56477,0.942827,0.05717302
5649,0.5263655,0.47363454
53177,0.616974,0.38302603
14682,0.62883806,0.37116194
57450,0.9926731,0.007326887
2141,0.7838125,0.21618748
21461,0.092362836,0.9076372
50112,0.85091627,0.14908378
43355,0.71336263,0.28663734
10520,0.7270172,0.2729828
31865,0.05494306,0.9450569
19166,0.05849379,0.94150627
17684,0.0067546316,0.9932454
26302,0.018519131,0.98148084
24712,0.008736729,0.9912633
27469,0.7951161,0.20488384
1688,0.5532799,0.44672012
17174,0.09713714,0.90286285
60780,0.4397616,0.56023836
8608,0.6609868,0.3390132
22611,0.07684831,0.9231517
7641,0.031355236,0.96864474
30342,0.13291475,0.8670853
39353,0.21737958,0.78262043
5855,0.73340625,0.2665938
35552,0.40105847,0.5989415
43572,0.92922014,0.070779905
44525,0.9217497,0.07825033
60897,0.6107946,0.38920537
64599,0.8537871,0.14621289
61462,0.72939396,0.2706061
52787,0.56475097,0.435249
6735,0.92905784,0.07094219
65062,0.8536706,0.14632943
8735,0.42411783,0.57588214
61155,0.7316479,0.26835212
29259,0.7326004,0.26739958
61307,0.6252638,0.37473622
47079,0.94858676,0.05141327
9699,0.5344875,0.4655125
44616,0.96236867,0.037631333
43030,0.0059504877,0.99404955
61935,0.8013568,0.19864321
10826,0.21321104,0.786789
61703,0.8917479,0.10825214
37025,0.15359496,0.8464051
13183,0.024747934,0.97525203
50458,0.9155627,0.08443731
39836,0.0011184014,0.99888164
8913,0.037714887,0.9622851
17854,0.0010362342,0.9989637
7990,0.01762534,0.9823746
26484,0.10453665,0.8954633
30534,0.5534595,0.44654047
9163,0.13372871,0.86627126
35584,0.5060055,0.4939945
6952,0.21395586,0.7860441
42750,0.8041876,0.19581234
6797,0.56706166,0.43293837
22902,0.0027527537,0.99724716
54760,0.51177114,0.48822886
26795,0.22885098,0.771149
64696,0.7516786,0.24832146
61663,0.96243364,0.03756641
7468,0.027909148,0.9720908
62637,0.9406033,0.0593967
42339,0.036858454,0.9631415
9915,0.1880709,0.8119291
21712,0.1401365,0.85986346
65216,0.8232887,0.17671134
42832,0.100918986,0.89908105
63511,0.75672764,0.24327235
49426,0.7337951,0.26620483
60754,0.8436545,0.1563455
60018,0.1139817,0.88601834
6541,0.31563288,0.6843671
58544,0.84543157,0.15456843
62149,0.8857173,0.114282735
36485,0.07949294,0.920507
56295,0.8190752,0.18092477
47058,0.66883457,0.33116546
22291,0.22368522,0.77631474
474,0.36707917,0.6329208
6526,0.684023,0.315977
38916,0.0009571188,0.9990428
23543,0.002152158,0.9978478
39320,0.12022513,0.8797749
3483,0.9236166,0.07638348
5431,0.70830864,0.29169136
42075,0.020955913,0.979044
22160,0.076817736,0.92318225
61124,0.77635837,0.22364168
20234,0.0017837766,0.9982162
44670,0.9276414,0.07235868
65152,0.70433235,0.29566762
9345,0.8248822,0.1751178
61509,0.7919275,0.20807244
46396,0.78263885,0.21736111
25593,0.3774169,0.6225831
34109,0.5661896,0.4338104
38437,0.0063708145,0.99362916
24258,0.0020987669,0.9979012
45433,0.41234347,0.58765656
29670,0.31416473,0.6858353
12249,0.9341764,0.06582361
14284,0.00044644982,0.9995535
15597,0.0020205171,0.99797946
17177,0.001620448,0.9983796
53869,0.897815,0.10218495
42092,0.4609613,0.5390387
26375,0.12365762,0.8763424
62433,0.9980938,0.0019062563
46670,0.6207652,0.37923482
25968,0.029037062,0.97096294
51412,0.9347378,0.0652622
19771,0.001598917,0.9984011
60123,0.58106726,0.41893277
38249,0.027582748,0.97241724
29574,0.1355798,0.8644202
12952,0.35179466,0.64820534
63404,0.6705994,0.32940057
12322,0.04503752,0.9549625
58818,0.76811236,0.23188762
13299,0.02755175,0.9724482
42752,0.05197839,0.9480216
37450,0.24757592,0.75242406
58724,0.9508911,0.04910887
54618,0.31875327,0.68124676
53969,0.5332371,0.46676293
22210,0.6218602,0.37813976
26805,0.2719296,0.7280704
65061,0.85416245,0.14583752
29285,0.1368492,0.86315084
2796,0.40296352,0.5970364
21919,0.0024100442,0.99758995
33679,0.2884602,0.71153986
62989,0.6022251,0.39777485
20759,0.65695673,0.34304333
25665,0.68511003,0.31488994
65182,0.74434596,0.255654
19075,0.0018403148,0.9981597
49951,0.59899044,0.40100962
53187,0.9223906,0.07760947
5160,0.22515842,0.77484155
43722,0.67358875,0.32641125
59591,0.465076,0.534924
45660,0.97412884,0.025871137
52597,0.78237754,0.21762243
35362,0.5045509,0.4954492
992,0.66849583,0.33150414
253,0.2484089,0.7515911
17733,0.10093716,0.8990629
28041,0.0077404333,0.99225956
35106,0.9330095,0.06699054
47258,0.78411704,0.21588296
43088,0.054093085,0.94590694
34809,0.7326762,0.26732376
16045,0.0049046515,0.9950954
47542,0.79787636,0.20212366
14188,0.4708922,0.5291078
11531,0.58753884,0.41246116
63179,0.767923,0.23207696
5349,0.59628737,0.40371257
44456,0.92619056,0.0738094
50921,0.91114837,0.08885155
59036,0.65156126,0.34843877
27093,0.5235057,0.47649434
13913,0.1243034,0.8756966
616,0.10552509,0.89447486
749,0.5981241,0.40187588
53206,0.9236834,0.07631661
13128,0.14347251,0.85652745
31362,0.10276394,0.89723605
62474,0.6785121,0.32148793
53249,0.8800429,0.11995701
54475,0.713299,0.286701
44241,0.94872046,0.051279575
31414,0.51957023,0.4804298
628,0.10792258,0.8920774
60728,0.59041137,0.40958866
22527,0.0023198316,0.9976802
39891,0.00030428387,0.9996958
61094,0.92535096,0.074649036
62063,0.8187447,0.18125528
20424,0.4231383,0.57686174
40419,0.019307557,0.98069245
40592,0.04649862,0.9535014
40032,0.054949097,0.9450509
8450,0.026002115,0.97399783
16121,0.00066393364,0.99933606
24742,0.5056362,0.4943638
47731,0.74750113,0.2524989
16987,0.038818695,0.9611813
1110,0.72882974,0.27117023
48139,0.9174751,0.08252493
44872,0.8191459,0.18085411
51139,0.8040172,0.19598283
54799,0.40788692,0.5921131
31460,0.19281757,0.80718243
62667,0.9530458,0.04695417
54567,0.8990041,0.100995965
63134,0.5930079,0.40699205
34345,0.39274782,0.6072522
44282,0.73961735,0.2603827
36622,0.038798746,0.96120125
59894,0.95513374,0.044866335
30149,0.003986469,0.9960135
36513,0.000978957,0.99902105
5172,0.31696635,0.68303365
25429,0.0019401282,0.9980598
26489,0.49666408,0.5033359
16034,0.0005361918,0.99946386
28877,0.027415533,0.9725844
23782,0.047212936,0.9527871
53674,0.9485841,0.05141587
24710,0.0021051152,0.99789494
20320,0.0028264325,0.99717355
9850,0.1808078,0.8191922
33977,0.39125657,0.60874337
11015,0.13185382,0.8681461
9972,0.5195455,0.48045447
17218,0.010027923,0.9899721
18759,0.00055540557,0.99944454
17284,0.0038175972,0.9961824
16971,0.002375514,0.99762446
46993,0.89219034,0.1078097
1363,0.96276325,0.037236728
47292,0.9261065,0.07389345
64512,0.8963951,0.10360488
10746,0.72789323,0.27210674
7063,0.45467296,0.54532707
46825,0.78974336,0.2102567
25036,0.017161008,0.9828389
54013,0.8710437,0.12895632
16114,0.003019897,0.99698013
16629,0.0014089852,0.998591
58678,0.89049727,0.10950277
56654,0.90057206,0.09942796
54867,0.685467,0.31453303
56465,0.93243545,0.067564495
51689,0.89955974,0.10044027
44446,0.92695624,0.073043734
11220,0.033678256,0.9663217
12076,0.65585995,0.34414005
49058,0.7715162,0.22848381
30792,0.066963844,0.93303615
58021,0.98273706,0.017262967
33481,0.5377998,0.46220022
23698,0.09127542,0.90872455
27465,0.2016271,0.7983729
4887,0.85764205,0.14235792
2730,0.6851089,0.3148911
32255,0.23172277,0.7682772
20380,0.41914368,0.5808564
59002,0.6047763,0.3952237
11733,0.44880044,0.55119956
11422,0.39318004,0.60682
41289,0.015325626,0.98467433
39987,0.14748198,0.8525181
14223,0.07651862,0.92348146
12877,0.040666107,0.95933384
28232,0.307057,0.692943
4488,0.85007375,0.14992617
35920,0.08858881,0.9114112
63662,0.8630309,0.13696907
13211,0.06238888,0.9376111
1534,0.85518384,0.14481615
47517,0.8729873,0.12701279
22492,0.0009884145,0.9990115
6348,0.32738152,0.67261845
57292,0.9504348,0.04956515
60214,0.6073697,0.39263025
54146,0.95517886,0.044821132
27947,0.058287118,0.9417129
6591,0.7393736,0.26062635
48166,0.86268264,0.13731736
65090,0.6929863,0.30701372
12779,0.775234,0.22476602
61877,0.7723618,0.22763819
38832,0.020224387,0.97977567
62754,0.7094354,0.29056466
57769,0.99012345,0.009876516
6107,0.74207723,0.2579228
65163,0.72764224,0.2723578
19349,0.0008920565,0.9991079
11234,0.14637515,0.8536248
59302,0.09587469,0.90412533
8573,0.504019,0.49598098
36619,0.13560581,0.8643941
21940,0.66363007,0.33636996
64031,0.91368365,0.08631637
64009,0.86044526,0.13955471
10440,0.89219964,0.107800424
40111,0.0014887388,0.99851125
3441,0.72251636,0.27748364
42524,0.18555506,0.81444496
28184,0.0011061961,0.9988938
25641,0.11857614,0.8814239
46525,0.93609965,0.0639004
58176,0.98347986,0.016520135
8663,0.28383923,0.7161608
64148,0.9165908,0.083409175
33908,0.42968932,0.5703107
4264,0.73127365,0.26872638
50080,0.62217927,0.37782073
46037,0.9514378,0.048562218
40367,0.0007527153,0.9992473
16246,0.001091572,0.9989084
44389,0.8860791,0.11392097
47976,0.6249748,0.3750252
52932,0.7923405,0.20765951
2704,0.94218016,0.057819847
58482,0.99954504,0.00045491676
49124,0.9832833,0.016716754
57947,0.9816202,0.018379873
46903,0.79998153,0.20001851
10206,0.87058383,0.12941618
8622,0.21966249,0.7803375
47355,0.8724216,0.12757832
15474,0.47737896,0.52262104
63855,0.7132533,0.28674668
3555,0.6062172,0.39378285
14194,0.04727982,0.9527202
60439,0.46860757,0.5313924
44449,0.9072956,0.09270444
7767,0.5238495,0.47615057
49038,0.8970091,0.102990896
36892,0.068018466,0.9319815
40788,0.044031635,0.9559684
19916,0.00030108393,0.999699
20982,0.117305405,0.8826946
5484,0.8316888,0.16831118
60823,0.3210992,0.6789008
23479,0.02128932,0.9787107
44316,0.830777,0.16922301
38624,0.021946555,0.97805345
2484,0.78439176,0.21560821
32780,0.08746832,0.9125317
15862,0.0061235647,0.9938764
57345,0.98303807,0.01696195
54665,0.8828557,0.11714432
16707,0.0009207618,0.9990792
13058,0.75251186,0.24748817
28429,0.08807906,0.9119209
4601,0.6643234,0.3356766
47372,0.7060319,0.29396808
32394,0.2627228,0.7372772
34404,0.7674303,0.23256972
14395,0.11097978,0.8890202
35980,0.14045277,0.8595472
37889,0.08529487,0.91470516
47416,0.57447886,0.4255211
46307,0.9293303,0.07066969
8579,0.9794885,0.020511476
27048,0.11726845,0.8827315
24635,0.33084646,0.6691536
26940,0.2191705,0.78082955
54137,0.870605,0.12939507
58266,0.9962213,0.0037787026
61032,0.8047063,0.19529371
17671,0.0005834024,0.9994166
818,0.36481857,0.6351815
20738,0.42543557,0.57456446
1486,0.9166436,0.08335645
55526,0.88004315,0.11995692
31287,0.12503608,0.87496394
52028,0.5794474,0.42055264
2601,0.68715984,0.3128402
48270,0.89924127,0.10075875
54628,0.8691678,0.13083223
40786,0.0070065255,0.9929934
13469,0.30862662,0.69137335
29501,0.034722973,0.9652771
59953,0.84373945,0.15626056
55049,0.24575989,0.7542401
36222,0.01807183,0.9819281
62744,0.92968726,0.07031278
46118,0.939029,0.060971033
28055,0.012561885,0.98743814
51378,0.8528018,0.14719822
63677,0.42299595,0.577004
6358,0.73058444,0.26941556
7574,0.6302385,0.36976147
61107,0.8306383,0.16936167
58530,0.9840703,0.015929744
54490,0.91652924,0.083470814
37163,0.22968845,0.77031153
14297,0.3319219,0.6680781
45815,0.9256856,0.0743144
18337,0.023540134,0.9764599
5833,0.66629994,0.3337001
29619,0.19269119,0.80730885
64357,0.77958804,0.22041199
11934,0.5869989,0.41300112
48886,0.70792365,0.29207635
55126,0.8897815,0.11021851
51729,0.62147075,0.37852925
43895,0.8380238,0.16197617
60864,0.8271305,0.17286944
55426,0.3704606,0.6295394
3962,0.0012986504,0.99870133
7559,0.06912434,0.9308756
10349,0.76544434,0.23455562
61119,0.78666526,0.21333478
40510,0.0015653947,0.9984346
38897,0.0070221913,0.9929778
63135,0.87499356,0.12500645
49685,0.9608696,0.039130397
30758,0.07769913,0.9223009
5410,0.89144355,0.10855638
44469,0.9531692,0.046830803
9415,0.515255,0.48474503
57299,0.5768716,0.42312846
40535,0.1923177,0.80768234
44044,0.8479971,0.15200293
43232,0.008045214,0.99195474
18152,0.02038122,0.9796188
17361,0.0049262587,0.99507374
17956,0.0052197147,0.9947803
32764,0.25264367,0.7473563
11064,0.5904327,0.4095673
28767,0.21738727,0.7826127
30742,0.0029764816,0.9970235
36495,0.00056419167,0.99943584
31068,0.023987558,0.9760124
44602,0.9359793,0.064020656
15745,0.002541251,0.99745876
18502,0.003919777,0.9960802
4218,0.625247,0.37475303
53477,0.70543516,0.29456484
32532,0.29073322,0.7092668
30301,0.007164098,0.99283594
26659,0.01844928,0.9815507
47690,0.48766962,0.51233035
14740,0.5278114,0.47218862
30335,0.07818634,0.9218136
58298,0.9757632,0.024236841
4004,0.006300772,0.9936992
36066,0.066643804,0.9333562
581,0.29210183,0.70789814
30221,0.65413404,0.34586594
12451,0.3698935,0.6301065
20291,0.00041793325,0.9995821
51334,0.54467195,0.45532802
26271,0.047875505,0.9521245
7142,0.028978817,0.9710212
89,0.012024464,0.98797554
53963,0.91181713,0.08818285
42461,0.038132112,0.9618679
58909,0.53524846,0.4647515
4368,0.023286443,0.97671354
21427,0.49275264,0.5072473
52398,0.59794873,0.4020513
22059,0.15544383,0.84455615
48581,0.034195825,0.96580416
9094,0.42497388,0.57502615
54942,0.48889938,0.51110065
16686,0.010347364,0.9896526
56973,0.9740719,0.025928127
62060,0.8726497,0.12735026
19098,0.0015819075,0.9984181
44071,0.68053585,0.31946418
36539,0.009378347,0.9906217
16817,0.0028116007,0.9971884
6707,0.9095158,0.09048422
34187,0.21156237,0.7884376
62047,0.9946243,0.005375665
33995,0.22241677,0.7775832
9883,0.59291196,0.40708804
8229,0.4101173,0.5898827
59558,0.67436206,0.32563797
8279,0.88819414,0.11180584
28903,0.017557167,0.98244286
261,0.24357964,0.7564204
36090,0.0030142544,0.99698573
47674,0.7027988,0.29720116
56744,0.9703945,0.029605577
33201,0.2683591,0.7316409
7132,0.16061033,0.8393897
11913,0.839328,0.160672
39421,0.008164426,0.9918356
11140,0.0029477668,0.9970522
12049,0.079442635,0.9205573
57808,0.95532006,0.0446799
51293,0.8115359,0.18846406
32137,0.17096892,0.82903105
64120,0.92795837,0.07204159
38337,0.07137115,0.92862886
16782,0.0021938423,0.99780613
46190,0.6826206,0.3173794
55262,0.81602985,0.18397015
62697,0.96902746,0.030972604
24303,0.0011024614,0.99889755
11710,0.47792882,0.5220712
63803,0.48847073,0.5115293
2718,0.7768731,0.22312692
56750,0.9804247,0.019575236
28159,0.008809277,0.9911908
41314,0.027460093,0.9725399
59556,0.72233397,0.27766603
53700,0.10741969,0.8925803
23225,0.18302909,0.8169709
19265,0.0007244632,0.9992755
32187,0.100499354,0.8995006
30719,0.14564927,0.8543507
25567,0.34226754,0.6577325
16985,0.004430142,0.9955699
35303,0.65059286,0.34940708
54233,0.36311066,0.63688934
23719,0.00086268585,0.9991373
10582,0.72272617,0.27727383
34578,0.77224547,0.22775456
47428,0.90536845,0.094631575
58343,0.9786145,0.021385556
774,0.17622414,0.8237758
36926,0.006865764,0.99313426
5193,0.5780785,0.42192152
1786,0.3569436,0.6430564
54251,0.62382877,0.37617126
27756,0.005523423,0.9944766
49555,0.29621288,0.7037871
2514,0.7871737,0.21282633
27921,0.024314517,0.9756855
6251,0.85190594,0.14809403
26159,0.017578654,0.98242134
45082,0.8165861,0.18341397
5725,0.57877004,0.42122996
25609,0.10444872,0.89555126
60532,0.59217703,0.40782297
63623,0.5328187,0.4671813
5888,0.087866664,0.9121334
32706,0.251898,0.74810195
48786,0.85466033,0.14533971
34830,0.6712906,0.32870948
62842,0.75864714,0.24135289
26269,0.061350357,0.93864965
38282,0.034344725,0.9656553
64191,0.8364487,0.16355129
24664,0.0033255022,0.99667454
63217,0.6804481,0.31955186
11502,0.0031690039,0.996831
32621,0.5661219,0.43387818
60348,0.4659289,0.5340711
3252,0.39398637,0.60601366
21810,0.076125436,0.92387456
46213,0.76304436,0.23695569
18430,0.029507525,0.9704925
23415,0.10473757,0.8952624
1797,0.0998972,0.9001028
12549,0.0016425295,0.9983575
27930,0.018410007,0.98159
8332,0.5572948,0.4427052
54822,0.8119373,0.18806271
4351,0.0021473856,0.9978527
29613,0.031499524,0.9685005
32680,0.07358658,0.9264135
30239,0.08077207,0.9192279
1339,0.6189646,0.38103542
50732,0.07895233,0.92104775
55834,0.7848956,0.21510439
14171,0.29671085,0.70328915
60110,0.9518292,0.048170734
35242,0.35614935,0.6438507
34470,0.85467607,0.14532395
37602,0.043330338,0.9566697
13084,0.03570737,0.9642926
60577,0.6798113,0.32018864
61970,0.7614761,0.23852395
19208,0.03801575,0.9619842
2144,0.61031795,0.389682
37864,0.021793203,0.97820675
62232,0.8205078,0.17949218
12181,0.034232933,0.965767
25829,0.034816273,0.96518373
22071,0.70144665,0.29855338
64710,0.92416877,0.07583124
26523,0.17143096,0.82856905
20308,0.00082087173,0.99917907
43159,0.123916656,0.8760833
46744,0.6365375,0.36346254
52942,0.51105696,0.48894304
14951,0.022654325,0.9773457
55866,0.66278464,0.3372154
29077,0.45884502,0.541155
64479,0.64753264,0.35246733
38885,0.017691718,0.98230827
996,0.59653425,0.40346575
1660,0.9364122,0.063587815
36555,0.007897452,0.99210256
53387,0.36220184,0.63779813
25235,0.007721902,0.9922781
932,0.22783692,0.77216303
59903,0.76765954,0.23234047
56244,0.8172811,0.18271887
2802,0.14859155,0.8514084
62189,0.8549179,0.14508219
6778,0.01043774,0.9895622
37877,0.20763804,0.792362
63253,0.034524012,0.96547604
30814,0.09731047,0.9026895
39673,0.0001303121,0.9998697
27284,0.004980171,0.9950198
26221,0.031826973,0.96817297
36132,0.015138497,0.9848615
55524,0.9812323,0.018767713
40959,0.008765666,0.99123436
34256,0.31578878,0.6842112
7716,0.76482624,0.23517379
21507,0.64110863,0.35889137
25117,0.023738276,0.97626173
26634,0.0021073553,0.9978927
1592,0.31623495,0.68376505
58450,0.96913624,0.030863786
18252,0.051731203,0.94826883
32189,0.12379133,0.87620866
35374,0.22223064,0.7777693
19170,0.024072925,0.975927
21758,0.73998857,0.2600115
22344,0.005466039,0.994534
19238,0.02408045,0.97591954
34309,0.3509454,0.6490546
7595,0.5153547,0.48464528
18059,0.0015411613,0.99845886
11751,0.17055482,0.8294452
53655,0.8741974,0.1258026
8867,0.05113249,0.94886744
55501,0.6161519,0.383848
45537,0.9123932,0.087606825
3476,0.19411835,0.8058816
51482,0.42224824,0.57775176
64998,0.8077967,0.19220322
28491,0.00526236,0.9947377
34644,0.79925233,0.20074764
40880,0.06009427,0.93990576
35573,0.51208335,0.4879167
29972,0.43888208,0.5611179
64928,0.8075664,0.19243357
49479,0.31217793,0.6878221
23315,0.03932059,0.96067935
28714,0.020925263,0.9790748
63482,0.6245793,0.3754207
30326,0.570217,0.429783
1112,0.6070879,0.39291215
23359,0.0022711945,0.99772877
9775,0.5513151,0.44868487
55828,0.24871822,0.7512818
8261,0.24825333,0.75174665
26596,0.27924874,0.7207512
32582,0.09368529,0.90631473
22061,0.16832365,0.83167636
2437,0.87510383,0.12489615
31735,0.2758239,0.72417605
19639,0.00044202883,0.9995579
51292,0.9138109,0.08618906
17415,0.0014587666,0.99854124
12283,0.5403571,0.4596429
15626,0.0031374788,0.99686253
11424,0.44691765,0.55308235
3532,0.08700811,0.9129919
23236,0.0007222807,0.9992778
33648,0.49052048,0.5094795
46677,0.82808733,0.17191269
121,0.06183135,0.9381687
27804,0.00074743584,0.9992525
32120,0.086394265,0.9136057
1721,0.090903,0.909097
15953,0.018570483,0.9814295
1274,0.7910532,0.2089468
57272,0.8797982,0.12020179
57427,0.96928215,0.03071778
48671,0.16019428,0.8398057
25074,0.104766026,0.8952339
918,0.28727385,0.7127262
48143,0.8847481,0.11525197
29862,0.023939028,0.976061
23769,0.0059645423,0.9940355
13692,0.83926475,0.16073526
30271,0.006571841,0.9934282
61846,0.9058835,0.094116524
42636,0.047230583,0.95276946
59910,0.8599288,0.14007117
64759,0.8673444,0.13265559
16557,0.00057218486,0.99942774
15697,0.0043467055,0.9956533
26321,0.0026241478,0.99737585
33538,0.67336965,0.32663035
31677,0.012444853,0.9875551
21098,0.08136258,0.9186374
40264,0.00057881925,0.99942124
7428,0.51483035,0.4851696
33914,0.20680012,0.79319984
46959,0.38872954,0.6112705
9019,0.19628726,0.8037127
24188,0.0030890312,0.996911
13313,0.6498109,0.35018903
14236,0.002113691,0.99788636
7260,0.055477023,0.944523
49994,0.97353303,0.026467018
58634,0.8982457,0.10175431
64920,0.91458136,0.08541864
11636,0.049122714,0.9508773
9174,0.26096433,0.7390357
21955,0.005637376,0.9943626
120,0.04324235,0.95675766
47461,0.7123522,0.28764778
34917,0.8768603,0.12313963
45227,0.9229858,0.07701421
42919,0.7901639,0.20983611
47912,0.95044786,0.04955211
30862,0.13237219,0.86762786
35051,0.61284405,0.387156
36452,0.07652939,0.9234707
1636,0.28268266,0.71731734
57255,0.86136323,0.13863675
4231,0.7604412,0.23955879
44792,0.96018267,0.03981729
46098,0.74728894,0.25271112
22779,0.0035337212,0.9964663
44747,0.94808877,0.05191121
31727,0.15513729,0.8448627
2647,0.56347144,0.4365285
899,0.7324262,0.2675738
52880,0.45406905,0.545931
42911,0.15370359,0.8462964
12998,0.011523358,0.98847663
34072,0.24390672,0.75609326
28169,0.05948208,0.9405179
63341,0.43068698,0.569313
31910,0.1961985,0.80380154
23756,0.03047592,0.969524
13488,0.0062009664,0.99379903
59067,0.070036136,0.9299639
50656,0.83009976,0.16990021
50934,0.64160407,0.35839593
40962,0.007832251,0.9921678
48369,0.7634551,0.23654488
52045,0.7623013,0.23769869
38701,0.15094562,0.8490544
53333,0.8407791,0.15922092
1659,0.7822849,0.21771508
58740,0.8776582,0.122341834
64198,0.50862294,0.4913771
7942,0.6201628,0.3798372
38525,0.054288607,0.94571143
24257,0.0024904795,0.9975095
54127,0.79695755,0.20304246
57583,0.99983084,0.00016916913
46787,0.8876597,0.1123403
15703,0.0073628067,0.99263716
7630,0.6968361,0.3031639
45273,0.7791245,0.2208755
40827,0.04860921,0.9513908
11609,0.77474064,0.22525936
60005,0.50659144,0.4934086
43862,0.4314303,0.5685697
38024,0.0024385706,0.99756145
28737,0.005790252,0.99420977
50689,0.6485365,0.35146356
7529,0.89183444,0.108165525
7664,0.010155157,0.9898448
30353,0.0029330433,0.9970669
60941,0.9450328,0.054967232
21365,0.021395078,0.9786049
35516,0.70005274,0.29994723
10166,0.45669186,0.54330814
50608,0.99695945,0.0030405456
45528,0.32316002,0.67683995
2499,0.22328155,0.77671844
23176,0.036328472,0.9636715
29057,0.012190349,0.98780966
56997,0.98625606,0.013743904
55218,0.5147763,0.48522368
61087,0.6835477,0.31645232
9905,0.7372008,0.26279923
10088,0.1598139,0.8401861
37022,0.14366476,0.8563353
2668,0.17563115,0.8243689
30247,0.002387464,0.9976126
14203,0.004660863,0.99533916
35843,0.20262843,0.79737157
2829,0.7323921,0.26760793
41122,0.13753337,0.8624666
15508,0.004685908,0.9953141
47760,0.20091209,0.79908794
1247,0.22062756,0.77937245
43183,0.8416137,0.15838628
53850,0.66226333,0.33773667
62282,0.86774147,0.1322585
33376,0.28426614,0.7157339
11806,0.5496104,0.45038962
24210,0.002229866,0.9977702
39383,0.36189172,0.6381083
48842,0.87513095,0.12486905
55976,0.95598,0.044019986
43872,0.8751615,0.12483845
35116,0.79302603,0.20697394
50715,0.6601207,0.3398793
16216,0.0037752483,0.99622476
17465,0.01656842,0.9834315
38857,0.00042187824,0.9995782
29777,0.20018058,0.79981947
31916,0.032487947,0.967512
38714,0.004902483,0.99509746
43629,0.97564244,0.024357576
9170,0.027853021,0.972147
48311,0.8377292,0.16227081
59879,0.75589836,0.24410161
62707,0.7608727,0.23912732
26068,0.01633616,0.9836639
37999,0.021661779,0.9783382
41225,0.077737495,0.9222625
3200,0.3125569,0.6874431
18687,0.0025856858,0.99741423
11107,0.67885995,0.32114005
7283,0.21699935,0.7830006
14024,0.0009154141,0.9990846
59616,0.99142027,0.008579793
41169,0.088733,0.911267
11702,0.045571674,0.9544283
30144,0.016825404,0.9831746
5582,0.6922708,0.30772915
14863,0.054910336,0.94508964
51191,0.89019674,0.10980327
35254,0.75934345,0.24065663
46426,0.878267,0.121733055
23888,0.016223118,0.9837768
28802,0.093245104,0.9067549
37584,0.0051888614,0.9948112
51885,0.759601,0.24039896
24061,0.0037563401,0.9962437
27345,0.0023003926,0.99769956
16540,0.0027454565,0.99725455
30578,0.013447842,0.9865522
15230,0.3451721,0.65482783
19786,0.0016494815,0.9983505
1933,0.9217434,0.07825664
6235,0.69248295,0.30751708
35020,0.614558,0.38544208
63747,0.46488473,0.53511524
59959,0.25635946,0.74364054
7790,0.5591075,0.44089255
23177,0.0019441608,0.9980558
37768,0.094359934,0.90564007
43793,0.9598442,0.040155828
33862,0.33464175,0.66535825
17719,0.0011754183,0.99882454
42270,0.024202147,0.97579783
52358,0.271903,0.728097
30322,0.592586,0.407414
44755,0.909575,0.09042502
34018,0.24547027,0.7545297
55556,0.8793315,0.12066854
3991,0.8027177,0.19728233
59695,0.31575617,0.68424386
15797,0.0051847375,0.9948153
17353,0.05307954,0.9469204
14704,0.062021434,0.93797857
39948,0.0046298676,0.9953701
24285,0.0033851438,0.9966149
57735,0.98923105,0.010768951
15096,0.15220182,0.8477982
39820,0.0012318394,0.99876815
32155,0.19095516,0.80904484
22239,0.025599249,0.9744007
41082,0.00807915,0.9919208
16733,0.04658712,0.9534129
32871,0.4497251,0.55027485
18873,0.00097518275,0.99902487
7660,0.0914008,0.90859926
4054,0.5186193,0.48138067
17584,0.0012868016,0.99871325
29895,0.062077213,0.9379228
36997,0.10846779,0.8915322
48298,0.9575444,0.042455554
28779,0.1252843,0.87471575
4575,0.5991579,0.400842
39303,0.220652,0.779348
13046,0.29120493,0.7087951
38859,0.0005698498,0.9994301
28979,0.019891275,0.9801087
11865,0.16897905,0.83102095
17729,0.024394987,0.975605
37647,0.01217141,0.9878286
54535,0.53548676,0.46451324
53129,0.52000487,0.4799952
51320,0.97660464,0.023395402
11831,0.035937324,0.96406263
47913,0.8520126,0.14798743
51034,0.60930395,0.39069605
27944,0.03368573,0.96631426
7825,0.61636454,0.38363546
14378,0.9101015,0.08989856
36688,0.023446813,0.97655326
22501,0.004566176,0.99543375
63713,0.35580662,0.6441934
3305,0.035058133,0.96494186
20562,0.7318108,0.26818925
2225,0.46637785,0.53362215
35361,0.51967037,0.4803297
38213,0.0006992479,0.9993007
30174,0.20206927,0.7979307
32353,0.46198946,0.53801054
43510,0.8461408,0.1538592
49828,0.9186193,0.08138071
6669,0.5493022,0.45069778
2516,0.66716206,0.33283797
61563,0.99057794,0.0094221
52656,0.79354256,0.20645747
25419,0.002282499,0.9977175
50366,0.7466336,0.2533664
40637,0.07344514,0.92655486
216,0.63989913,0.36010084
54126,0.82416403,0.17583591
54504,0.9108349,0.08916508
40042,0.0019065285,0.9980934
26466,0.10008468,0.8999153
11079,0.76591074,0.23408931
51771,0.67707145,0.32292855
55157,0.932644,0.06735593
32345,0.33420363,0.66579634
16551,0.0018423692,0.9981577
2852,0.85068876,0.14931118
27759,0.004804189,0.9951958
32750,0.2711868,0.72881323
58255,0.9850085,0.014991566
35660,0.14429672,0.8557033
41098,0.11174055,0.8882594
58608,0.5217553,0.47824475
10379,0.52837384,0.47162613
22207,0.5748348,0.42516515
53169,0.5733459,0.4266541
61647,0.70771277,0.2922872
18640,0.0006955665,0.9993044
11892,0.13421401,0.86578596
30118,0.0147759635,0.985224
27661,0.0020057708,0.9979943
15747,0.00084002235,0.99915993
27021,0.7376776,0.2623224
176,0.8465629,0.15343705
19518,0.0058747292,0.99412525
64214,0.96313673,0.036863305
61799,0.79145724,0.2085428
31973,0.5818068,0.41819322
61425,0.5455107,0.4544893
21839,0.24607258,0.7539274
39148,6.0869206e-05,0.9999391
30288,0.18320222,0.8167978
26921,0.003218428,0.9967816
35488,0.44862866,0.55137134
42633,0.015594175,0.9844058
9829,0.6072295,0.3927705
61380,0.9734032,0.026596736
16123,0.0028537472,0.9971463
30509,0.011225969,0.98877406
25241,0.0095600225,0.99044
24868,0.104845196,0.89515483
58592,0.59079176,0.40920824
50164,0.48617116,0.5138289
3022,0.8839192,0.11608081
32696,0.06994172,0.9300583
49713,0.71397835,0.28602162
45093,0.53311515,0.46688485
14677,0.42165387,0.57834613
1809,0.55746144,0.44253862
32661,0.028335808,0.9716642
33009,0.27374247,0.72625756
61633,0.94479406,0.055205993
60669,0.749617,0.25038308
51587,0.67249566,0.3275043
52042,0.92716986,0.072830126
30311,0.023046741,0.9769532
56882,0.9949273,0.0050727567
58222,0.9671969,0.032803096
58705,0.7015085,0.29849148
64053,0.7343409,0.26565912
63012,0.9014623,0.09853769
41913,0.007001477,0.9929985
9554,0.548098,0.45190197
60435,0.29103035,0.70896965
23856,0.022845954,0.9771541
55118,0.79784715,0.2021528
15435,0.7312413,0.2687587
27096,0.0046119294,0.9953881
20297,0.00025070345,0.99974924
35977,0.078910805,0.9210892
51618,0.9632325,0.03676743
44806,0.81081855,0.18918145
15779,0.0062263245,0.9937737
64608,0.87690085,0.12309916
17804,0.0028334188,0.9971666
32793,0.8798803,0.12011965
33347,0.58044523,0.41955483
15072,0.034770057,0.96523
35232,0.36275986,0.6372402
53091,0.7040961,0.29590392
56803,0.8742677,0.12573232
55975,0.976588,0.023411963
31928,0.21765317,0.7823469
18182,0.03220187,0.9677981
2009,0.4354999,0.5645001
51564,0.64035517,0.35964483
3642,0.052602045,0.94739795
60136,0.87053394,0.12946598
14683,0.17682293,0.82317704
37005,0.47974506,0.52025497
64398,0.84743994,0.15256003
51454,0.6567392,0.34326088
22370,0.008776039,0.99122393
45309,0.9533012,0.04669885
63752,0.69955415,0.30044582
25501,0.00305775,0.9969422
15433,0.22897689,0.7710231
39575,0.0017159455,0.99828404
3119,0.025294995,0.97470504
54294,0.832568,0.167432
20476,0.19056934,0.8094307
32549,0.17070127,0.82929873
65046,0.7903117,0.20968826
47083,0.8964589,0.10354108
27178,0.021625562,0.9783745
51141,0.77632433,0.22367574
4969,0.75536895,0.24463107
25868,0.02622685,0.9737732
335,0.052837387,0.94716257
31488,0.085085906,0.91491413
38785,0.03977207,0.96022797
9812,0.81905675,0.1809433
17810,0.0015956023,0.99840444
6568,0.5562837,0.44371626
13207,0.61344653,0.3865534
58595,0.8032217,0.19677834
57807,0.9951776,0.004822348
7444,0.6441545,0.3558455
56342,0.7446113,0.25538865
27087,0.003173022,0.99682695
25303,0.041713968,0.95828605
51124,0.6221705,0.37782952
10076,0.30548924,0.69451076
27943,0.1092188,0.8907812
47055,0.9273155,0.07268455
1474,0.9319635,0.06803655
34293,0.17386933,0.8261307
30830,0.005194186,0.9948059
10230,0.040307663,0.9596923
51352,0.88702875,0.1129712
46864,0.5475902,0.45240974
11758,0.6797059,0.3202941
6848,0.029649321,0.9703507
39759,0.0017289756,0.998271
54790,0.8736659,0.12633407
25995,0.28528416,0.7147158
14890,0.025997486,0.9740025
1359,0.83583385,0.16416621
23784,0.016380852,0.98361915
51853,0.826283,0.17371705
31108,0.0014170671,0.99858296
17981,0.045514535,0.9544855
38458,0.00019688012,0.9998031
57007,0.9670785,0.032921486
30614,0.101132244,0.8988678
49986,0.9649814,0.03501861
37131,0.07624447,0.9237555
49416,0.92873496,0.071265034
5279,0.7993376,0.20066237
17408,0.012210957,0.9877891
24101,0.005645708,0.99435425
10319,0.44758236,0.55241764
52274,0.9498166,0.050183445
36254,0.72670037,0.27329966
13197,0.0011653396,0.99883467
55371,0.8731974,0.12680264
63520,0.58762455,0.41237545
31517,0.19953755,0.8004625
51583,0.90491945,0.09508052
47560,0.9129749,0.08702512
8392,0.06781245,0.9321876
22292,0.0020009857,0.997999
15458,0.0006981373,0.9993019
21085,0.114121206,0.8858788
42721,0.10430379,0.8956962
24770,0.59858054,0.4014195
31015,0.1589633,0.84103674
37465,0.0053906157,0.99460936
35814,0.08897041,0.9110296
37454,0.014380018,0.98562
995,0.38023692,0.6197631
4424,0.67459166,0.32540834
64472,0.80108696,0.19891307
44857,0.8862709,0.1137291
31642,0.48157632,0.5184237
26743,0.113724485,0.8862755
5707,0.66285145,0.33714855
57264,0.9537053,0.046294704
58469,0.99874204,0.0012579953
16397,0.019528627,0.9804714
3601,0.48864427,0.5113557
3513,0.31432712,0.6856729
35389,0.7313947,0.26860526
21302,0.010802671,0.9891973
40614,0.26170334,0.7382967
45969,0.44607738,0.55392265
3496,0.5294401,0.4705599
4354,0.63905644,0.36094356
31954,0.20389752,0.79610246
59416,0.6557622,0.34423783
27238,0.17203335,0.8279667
49160,0.61034685,0.38965312
53786,0.12754194,0.8724581
29195,0.0070782006,0.99292177
58506,0.9562891,0.04371095
36836,0.010426689,0.9895733
13008,0.6061568,0.39384317
15837,0.012518027,0.98748195
34997,0.46304533,0.53695464
24771,0.5203909,0.47960904
26749,0.05152891,0.94847107
44451,0.9334403,0.06655968
51484,0.9208995,0.07910049
40658,0.0074414457,0.9925586
8672,0.5049208,0.49507922
43915,0.96555537,0.03444457
23013,0.0059527564,0.9940473
31309,0.31656116,0.6834389
3770,0.039072152,0.96092784
26017,0.024751885,0.9752481
9240,0.8251037,0.17489636
51052,0.58178663,0.41821334
36458,0.044970706,0.9550293
1618,0.41578698,0.584213
17462,0.0052213394,0.99477863
31937,0.067022234,0.93297774
8478,0.20080462,0.79919535
18588,0.00049730804,0.99950266
49182,0.7548603,0.24513972
39693,0.10178615,0.89821386
4098,0.2641491,0.73585093
32105,0.1093967,0.89060336
49924,0.14565602,0.854344
20690,0.073349215,0.92665076
7973,0.15042807,0.84957194
4417,0.97117,0.028829955
22177,0.014550251,0.9854497
25379,0.0030083377,0.99699163
42561,0.7616581,0.23834188
24497,0.015043427,0.98495656
29168,0.009480535,0.9905194
62449,0.8854755,0.114524476
15087,0.37678343,0.62321657
33835,0.3015968,0.6984032
13825,0.12870347,0.8712966
55640,0.3748187,0.6251813
34526,0.71476275,0.28523722
35774,0.17653418,0.8234659
41568,0.061427176,0.9385728
1255,0.5647196,0.43528038
7306,0.26914686,0.73085314
30207,0.011372535,0.9886275
5877,0.6344623,0.3655377
4687,0.76648575,0.23351422
3833,0.097708516,0.90229154
44395,0.7712036,0.22879641
46134,0.84823513,0.15176485
18809,0.0002758492,0.9997241
53175,0.70614076,0.29385924
11372,0.2816459,0.7183541
54698,0.21142088,0.7885791
23101,0.104941264,0.89505875
38113,0.0048642354,0.9951357
63186,0.83567595,0.16432402
14316,0.07714596,0.92285407
4111,0.27736875,0.7226312
8957,0.06351625,0.9364838
1230,0.514449,0.485551
44386,0.9495407,0.050459344
52909,0.8025118,0.19748817
32961,0.26754504,0.73245496
7587,0.38880175,0.61119825
47660,0.69423324,0.30576676
9587,0.7915575,0.20844246
753,0.5698054,0.43019462
48942,0.48371255,0.5162875
52425,0.82948184,0.17051814
49487,0.8834666,0.1165334
22461,0.0033170779,0.99668294
46290,0.7631448,0.23685524
14518,0.8591887,0.14081128
48603,0.41470078,0.58529925
3189,0.08379528,0.9162047
28301,0.10554865,0.8944513
61476,0.9904857,0.00951425
2622,0.3797185,0.6202815
9924,0.7439575,0.2560425
9789,0.0024851027,0.99751496
5856,0.72447354,0.27552646
48216,0.96173584,0.03826422
2200,0.17912689,0.8208731
3788,0.25521544,0.7447846
39050,0.09772553,0.9022744
10964,0.3561522,0.6438478
5605,0.9381344,0.061865635
1193,0.31044635,0.6895537
16293,0.0039460254,0.99605393
4722,0.718269,0.28173104
20379,0.58486265,0.41513738
16172,0.0064978786,0.9935021
7987,0.35058656,0.6494134
35701,0.07788144,0.9221185
56768,0.9996086,0.00039142225
60232,0.5570552,0.44294485
64864,0.88634074,0.11365927
62556,0.8158518,0.1841482
10191,0.34003308,0.65996695
46633,0.7574711,0.24252896
44738,0.9583791,0.041620933
64284,0.7486124,0.25138754
44999,0.83157843,0.16842163
29459,0.0027238515,0.9972761
21586,0.015425725,0.98457426
14758,0.6914822,0.30851784
19497,0.0031253835,0.9968746
40778,0.040955044,0.95904493
51521,0.42949685,0.5705031
54699,0.5999685,0.40003148
45748,0.6444958,0.35550424
55720,0.6549377,0.3450623
24587,0.17090647,0.8290935
41578,0.12833229,0.8716677
11313,0.00893988,0.9910601
5434,0.6174227,0.3825773
55133,0.6218811,0.37811887
16301,0.0016850019,0.998315
58099,0.98915315,0.010846924
47895,0.938071,0.061929
43253,0.02283219,0.9771678
37214,0.21839009,0.7816099
1673,0.81828773,0.18171231
63829,0.7734922,0.22650783
1299,0.47365844,0.5263416
20023,0.0005278083,0.9994722
13460,0.005665321,0.9943347
60340,0.5924851,0.40751493
61401,0.5060055,0.4939945
11542,0.16606897,0.833931
56721,0.9684902,0.031509813
31914,0.07010029,0.92989975
57623,0.9997615,0.0002384719
62113,0.34482002,0.65518
17389,0.0023579795,0.99764204
51792,0.7370951,0.26290488
48327,0.9715675,0.028432515
12635,0.010033978,0.98996603
181,0.13335997,0.8666401
61906,0.95720077,0.04279918
44881,0.8896125,0.11038756
36986,0.5531635,0.44683647
50355,0.89787287,0.1021271
24696,0.020867165,0.97913283
53992,0.80704117,0.19295882
41081,0.43179017,0.5682098
10203,0.11463501,0.88536495
21152,0.05473406,0.945266
59662,0.63173157,0.36826843
33735,0.356557,0.64344305
28009,0.009774881,0.99022514
53145,0.7028429,0.2971571
33253,0.5484787,0.45152125
3177,0.51981646,0.48018357
57936,0.96459633,0.035403676
35738,0.35436684,0.64563316
30726,0.1580242,0.84197575
59588,0.34256503,0.65743494
60381,0.41899443,0.5810055
59504,0.612787,0.387213
11408,0.0034334587,0.99656653
21107,0.4584042,0.54159576
31214,0.61764026,0.38235974
61169,0.6912834,0.3087166
16562,0.019019729,0.98098034
35370,0.5585304,0.44146958
43440,0.96652627,0.033473764
9708,0.69444984,0.30555022
0,0.08959779,0.9104022
47611,0.27700925,0.7229907
11215,0.71808606,0.2819139
46343,0.5776057,0.4223943
12555,0.33873266,0.6612674
25222,0.5628638,0.43713617
9772,0.2584315,0.7415685
4824,0.81151146,0.1884885
57402,0.9078197,0.092180364
3778,0.7572356,0.24276444
19839,0.0003406152,0.9996594
15154,0.008556911,0.9914431
13059,0.053527534,0.94647247
19681,0.0026688396,0.99733114
35532,0.7398858,0.26011416
18691,0.00071745116,0.99928254
26349,0.0027425103,0.99725753
33129,0.27997246,0.72002757
32455,0.06615413,0.93384594
48214,0.56815016,0.4318498
12698,0.5973965,0.40260354
55286,0.95048964,0.049510382
32326,0.44096464,0.5590353
18610,0.001218819,0.99878114
24144,0.006805958,0.993194
19296,0.023827353,0.9761727
6889,0.18518178,0.8148182
3995,0.2060451,0.79395485
36226,0.005453851,0.9945462
42050,0.012670414,0.9873296
32233,0.4039029,0.5960971
45963,0.8726274,0.1273726
38082,0.0057051876,0.9942948
40219,0.16417067,0.8358293
38425,0.029251017,0.97074896
25310,0.0017047192,0.99829525
6442,0.84603226,0.15396775
52423,0.5055745,0.49442548
37691,0.00024856327,0.9997514
37599,0.037825342,0.96217465
23703,0.423624,0.576376
47218,0.7022836,0.29771638
41150,0.13068831,0.86931163
65177,0.7277147,0.27228522
55173,0.65691185,0.34308815
30568,0.08610736,0.9138927
28682,0.017880196,0.98211974
34943,0.79001486,0.20998514
5527,0.47325626,0.52674377
45697,0.9212565,0.078743465
53360,0.30363715,0.6963628
37606,0.035447765,0.9645523
518,0.2291936,0.7708064
60175,0.90948236,0.09051764
59904,0.86454797,0.13545199
25507,0.0013580989,0.9986419
44266,0.5779178,0.4220822
35044,0.12357832,0.8764217
28857,0.023154773,0.97684526
50223,0.40345517,0.59654486
37528,0.000959639,0.9990403
3843,0.2378449,0.76215506
45698,0.861796,0.13820393
56467,0.9563432,0.043656785
10929,0.0998533,0.9001467
60132,0.58945066,0.41054934
4936,0.36310568,0.63689435
58597,0.7050956,0.29490444
28473,0.010627403,0.98937255
5354,0.6360183,0.36398175
14296,0.09000321,0.9099968
51641,0.8016227,0.19837731
29265,0.10311219,0.89688784
23126,0.075350836,0.9246492
48572,0.717083,0.282917
29552,0.016182749,0.9838172
16367,0.016783847,0.9832162
38216,0.0011676592,0.9988324
13120,0.34086972,0.6591303
34735,0.6513917,0.34860834
29572,0.32010397,0.679896
38414,0.053759683,0.94624037
15361,0.12495489,0.8750451
3378,0.4205122,0.57948786
36674,0.027745092,0.97225493
26816,0.44971025,0.55028975
51979,0.6691929,0.3308071
45854,0.4335894,0.5664106
2398,0.41915372,0.58084625
47140,0.98675805,0.0132419495
20321,0.04302575,0.9569743
59820,0.9340025,0.06599748
59878,0.75517994,0.24482009
35138,0.25884625,0.7411538
12248,0.37244308,0.6275569
47899,0.7406852,0.2593148
17178,0.0025118769,0.99748814
51273,0.9029922,0.09700783
54557,0.53859466,0.4614053
45034,0.8959486,0.104051456
15391,0.33244467,0.6675553
25137,0.019766739,0.98023325
45993,0.75288457,0.2471154
37795,0.011581455,0.9884185
62234,0.87124866,0.12875131
36958,0.032156758,0.96784323
19017,0.0035088914,0.99649113
46177,0.93732363,0.06267634
359,0.3948847,0.6051153
36274,0.7730343,0.22696565
31405,0.104260966,0.8957391
60755,0.75137424,0.2486258
59679,0.4479249,0.5520751
59896,0.91585827,0.08414176
51529,0.91277474,0.08722527
9581,0.80501676,0.19498326
14946,0.58000124,0.4199988
63917,0.8750497,0.1249503
61175,0.70987666,0.29012334
17827,0.0070369556,0.992963
18533,0.0009551949,0.99904484
53270,0.9384363,0.061563674
30169,0.13065451,0.8693454
14994,0.5339695,0.4660305
27241,0.2648974,0.7351026
8675,0.103689164,0.8963108
34252,0.2027966,0.7972034
831,0.2959603,0.7040397
32392,0.16595227,0.83404773
38304,0.03637192,0.9636281
57154,0.9938601,0.0061399112
29306,0.031860664,0.96813935
11405,0.623134,0.376866
15080,0.1156934,0.88430655
25009,0.008279342,0.9917207
28489,0.009553722,0.9904463
46445,0.9133765,0.086623505
46983,0.68988806,0.31011194
40261,0.00013380387,0.9998661
9146,0.40290904,0.5970909
1985,0.585866,0.4141341
61927,0.9503093,0.049690723
58952,0.7055209,0.29447904
38210,0.00020318698,0.9997968
64451,0.8131606,0.1868394
4831,0.036027215,0.9639728
42129,0.044042777,0.95595723
57560,0.99985564,0.00014429151
48633,0.9536705,0.046329428
21636,0.21867993,0.7813201
21298,0.0302959,0.96970415
49022,0.7437939,0.25620613
58114,0.8342914,0.1657086
7102,0.09444014,0.9055599
42920,0.042229794,0.95777017
25661,0.13360192,0.86639804
12975,0.39560562,0.6043944
1300,0.5249571,0.4750429
32235,0.09881895,0.9011811
28550,0.07096172,0.9290383
2720,0.8556047,0.14439529
19938,0.0009003335,0.99909973
40449,0.017387016,0.98261297
51385,0.94933015,0.0506698
46018,0.9472277,0.05277227
54452,0.07364489,0.9263551
4207,0.23697893,0.7630211
18131,0.090508506,0.9094915
54210,0.9041167,0.095883325
61294,0.85796815,0.14203177
21323,0.43206233,0.5679376
59386,0.50768626,0.4923137
29498,0.025535723,0.97446424
18509,0.0032998037,0.9967002
42584,0.068308495,0.93169147
59120,0.604697,0.39530298
17779,0.0025463062,0.99745375
42381,0.4121979,0.5878021
57729,0.7335954,0.26640463
41010,0.4626581,0.53734183
35879,0.035822038,0.964178
34025,0.26661104,0.73338896
57143,0.9704578,0.029542271
57122,0.9212984,0.07870156
17325,0.008886961,0.991113
18305,0.0019365464,0.9980635
45633,0.85505277,0.1449472
5229,0.8336421,0.16635787
36075,0.007690325,0.9923097
13051,0.021808805,0.97819126
39378,0.012195581,0.9878044
27774,0.006849513,0.99315053
6466,0.92244744,0.07755251
37365,0.0037149151,0.9962851
60127,0.5608919,0.4391081
45657,0.46167466,0.53832537
16700,0.0033874083,0.9966126
12069,0.40473515,0.59526485
37321,0.046416145,0.9535839
40105,0.002064679,0.9979353
63753,0.56119454,0.43880543
63779,0.6605303,0.3394697
57024,0.9688777,0.03112233
20552,0.52705115,0.4729489
49619,0.68487555,0.31512448
15908,0.068981506,0.93101853
29758,0.007848199,0.99215186
46289,0.8933526,0.10664738
42137,0.031214235,0.9687857
24884,0.10737476,0.8926252
31537,0.32311374,0.67688626
54074,0.36110535,0.6388946
27638,0.002729531,0.9972704
12297,0.7111496,0.2888504
11427,0.4565754,0.5434246
22908,0.00046559924,0.99953437
18136,0.004864682,0.99513537
64107,0.9243852,0.075614855
7638,0.5265845,0.47341546
64110,0.8124271,0.18757287
43980,0.599774,0.40022597
63627,0.938086,0.06191402
61535,0.6871007,0.31289926
33502,0.2546818,0.7453182
18187,0.011179555,0.9888205
34192,0.25085104,0.74914896
9398,0.5449331,0.4550669
59813,0.77158916,0.22841083
16517,0.0031632562,0.99683666
53571,0.8942208,0.10577916
39366,0.024333758,0.9756663
30208,0.058945738,0.9410542
46229,0.7751866,0.22481343
38980,0.00019474998,0.9998053
20631,0.41686073,0.5831393
55206,0.67721826,0.3227817
36472,0.0030640983,0.99693584
17583,0.03511382,0.96488625
42188,0.05981735,0.9401827
31635,0.40117756,0.5988225
18987,0.0014685617,0.99853146
37922,0.016040131,0.98395985
5393,0.41235527,0.58764476
57562,0.99985623,0.00014375783
51004,0.8899467,0.11005334
12021,0.25759888,0.7424011
47573,0.35486048,0.6451395
48112,0.9339008,0.06609925
44983,0.9570775,0.042922497
8209,0.29805067,0.7019493
48902,0.7313062,0.2686938
20246,0.0016886501,0.9983114
10937,0.35099685,0.6490031
5586,0.89995325,0.10004673
17736,0.0011381259,0.9988619
11607,0.07969023,0.9203098
11994,0.005188736,0.9948113
27851,0.028332489,0.9716675
38813,0.022345372,0.97765464
57860,0.9780573,0.021942662
63362,0.6742211,0.3257789
32276,0.25083455,0.7491655
39145,0.000363649,0.9996363
21587,0.07295998,0.92704004
10344,0.18838373,0.8116163
5719,0.5564999,0.44350016
56563,0.931138,0.06886206
48809,0.70608723,0.29391277
29127,0.110031,0.88996905
39864,0.0051834583,0.9948165
38229,0.055802748,0.94419724
36010,0.18782559,0.8121744
60760,0.93964803,0.06035197
51981,0.6697106,0.33028942
58242,0.9677398,0.032260116
47401,0.6830649,0.31693506
12575,0.009935021,0.99006504
46958,0.6319677,0.36803234
30714,0.059135973,0.940864
18831,0.0021535307,0.9978465
961,0.1542172,0.84578276
5198,0.7179318,0.28206816
31212,0.10578989,0.8942101
61497,0.79283756,0.20716248
62887,0.8108288,0.18917118
59508,0.059023693,0.9409763
64425,0.83543193,0.16456808
7309,0.7342632,0.26573682
40041,0.001299467,0.9987005
38013,0.00089350005,0.99910647
19145,0.28055868,0.7194413
5918,0.0331132,0.96688676
29787,0.06546544,0.9345345
30603,0.012781516,0.9872185
24824,0.042006213,0.95799375
33563,0.31642386,0.68357617
6261,0.49540502,0.504595
15601,0.017063439,0.9829366
24595,0.016318386,0.9836817
52815,0.50433165,0.49566838
51422,0.8856918,0.11430812
24159,0.0074206707,0.9925794
52511,0.6336651,0.36633492
49768,0.7193873,0.28061277
44312,0.8283125,0.17168754
25413,0.005591367,0.99440855
64225,0.8757652,0.124234766
9849,0.6171676,0.3828324
60308,0.27301174,0.72698826
13065,0.1961968,0.80380327
14799,0.0007007082,0.9992993
28064,0.0021912404,0.99780875
30877,0.05384129,0.9461587
32509,0.26789963,0.73210037
29070,0.016744476,0.9832555
21198,0.08788037,0.9121196
54165,0.7560375,0.24396245
7516,0.8109467,0.18905328
62209,0.95641154,0.043588452
48223,0.52008307,0.4799169
39337,0.15439606,0.845604
41359,0.0071768276,0.9928231
49597,0.82655245,0.17344755
58390,0.96323264,0.036767393
29962,0.040403545,0.95959646
10120,0.5400511,0.45994896
2959,0.25984055,0.7401595
223,0.3361287,0.6638712
34343,0.29411843,0.70588154
57738,0.990351,0.009648909
43458,0.7726175,0.2273825
16099,0.005710852,0.99428916
63078,0.70679283,0.2932072
32842,0.23830454,0.76169544
33878,0.28790137,0.7120986
29581,0.0142657785,0.9857342
33500,0.28172812,0.71827185
60291,0.23785497,0.76214504
60389,0.54647917,0.4535208
44419,0.84680724,0.15319279
19737,0.0009292429,0.99907076
29875,0.002333288,0.9976667
47367,0.20857874,0.7914213
49158,0.8655277,0.13447228
4925,0.87045014,0.12954985
7961,0.4061162,0.5938838
14427,0.16031885,0.83968115
13686,0.26457232,0.7354277
27970,0.053859245,0.94614077
43399,0.862218,0.13778195
48875,0.8619506,0.1380495
47466,0.5205576,0.47944242
47362,0.9294183,0.07058173
30782,0.010012866,0.9899871
41073,0.005312296,0.9946877
6751,0.012280249,0.9877198
38743,0.02397106,0.976029
19355,0.0007496758,0.99925035
10928,0.5298949,0.47010508
27687,0.0004701492,0.99952984
32496,0.19405182,0.80594814
50064,0.754032,0.24596791
16282,0.0025475782,0.99745244
27637,0.22655948,0.77344054
56776,0.99905604,0.000943969
20609,0.10823278,0.8917672
63294,0.3302212,0.66977876
20879,0.026867285,0.97313267
34814,0.74110675,0.25889328
4830,0.13752247,0.8624775
41902,0.28624085,0.7137591
50577,0.90687466,0.09312531
43077,0.024154447,0.9758455
30819,0.48267868,0.51732135
45906,0.75463,0.24536996
6155,0.8395864,0.16041358
15238,0.082622714,0.9173773
22164,0.22166559,0.7783344
35725,0.8244463,0.17555365
29393,0.6290138,0.3709862
44182,0.87854594,0.12145401
15523,0.0003989658,0.99960107
57004,0.9774575,0.022542479
35850,0.02382743,0.97617257
63954,0.92753017,0.072469845
42563,0.6716883,0.32831168
45960,0.79444647,0.20555358
20343,0.010555548,0.98944443
47521,0.92570794,0.07429201
41283,0.13893804,0.861062
9189,0.17045078,0.8295492
51973,0.78245306,0.21754692
1730,0.63524604,0.36475396
12315,0.576581,0.423419
48163,0.7512177,0.24878223
11285,0.32087412,0.6791259
46197,0.7280896,0.2719105
14544,0.7128957,0.28710434
3025,0.47964847,0.5203515
17385,0.06145674,0.9385433
9570,0.18673678,0.8132632
14362,0.82454175,0.17545831
8758,0.66201854,0.33798143
25170,0.015192075,0.98480797
34843,0.51800704,0.48199293
27006,0.44999975,0.55000025
22998,0.014787042,0.985213
22614,0.29766572,0.7023343
15812,0.0030311719,0.9969688
58551,0.93201846,0.06798157
47993,0.42358562,0.5764144
64468,0.7928322,0.20716779
17317,0.011396921,0.9886031
23010,0.006620891,0.9933791
52450,0.76696354,0.23303646
36747,0.006849494,0.99315053
21159,0.07958243,0.92041755
51957,0.62840116,0.37159884
43444,0.9457287,0.054271273
35870,0.2211047,0.77889526
29967,0.049065333,0.95093465
64410,0.8738026,0.12619738
42062,0.20910749,0.79089254
14928,0.1589226,0.8410774
55641,0.55540776,0.44459224
10678,0.08091377,0.9190863
10309,0.36963046,0.6303695
29535,0.17527284,0.8247271
60027,0.25804096,0.74195904
12780,0.2500123,0.7499877
37262,0.30688757,0.69311243
26011,0.0067371298,0.99326295
58171,0.992645,0.0073549068
42830,0.0012619195,0.9987381
3619,0.46021518,0.5397848
3906,0.27557132,0.7244287
48642,0.9191489,0.08085107
23121,0.055322066,0.94467795
59043,0.25830394,0.741696
40651,0.029073356,0.97092664
1785,0.9012012,0.09879875
44362,0.90254444,0.09745553
6163,0.1711576,0.8288424
35510,0.48212317,0.51787686
2640,0.28662807,0.713372
37756,0.1128225,0.88717747
60032,0.09219604,0.90780395
54340,0.9005472,0.099452786
4535,0.12337641,0.87662363
18748,0.0012075545,0.9987924
2134,0.60605705,0.3939429
24049,0.11381999,0.88618
59639,0.52066576,0.4793342
21539,0.005152174,0.9948479
29190,0.007791168,0.99220884
54995,0.6804173,0.31958276
6115,0.70464575,0.29535425
56775,0.9737583,0.0262417
53527,0.7732709,0.22672912
35671,0.011077477,0.9889225
22205,0.9951929,0.0048071174
8873,0.9271655,0.07283453
63168,0.7752958,0.22470425
32263,0.33037943,0.6696206
10594,0.62587523,0.3741248
9735,0.051914565,0.9480855
48562,0.854398,0.145602
32597,0.4749118,0.5250882
1903,0.29941618,0.7005838
31551,0.7138745,0.28612545
40829,0.10700164,0.8929984
7058,0.024204819,0.9757952
23522,0.007399003,0.992601
42737,0.25206608,0.74793386
42001,0.3301526,0.66984737
62928,0.9984383,0.00156173
25685,0.7515476,0.24845244
2366,0.77693605,0.22306398
18586,0.0013873271,0.99861264
8495,0.51497805,0.48502195
26889,0.0054417546,0.9945582
50115,0.9732621,0.026737971
22705,0.004906146,0.9950938
25410,0.008071889,0.9919281
46358,0.7800285,0.2199715
16274,0.0052490924,0.9947509
8685,0.7687802,0.23121986
63243,0.7965285,0.20347156
41566,0.04242962,0.95757043
30760,0.04991079,0.95008916
64366,0.7816698,0.21833022
53934,0.3281907,0.6718093
62104,0.88609225,0.11390775
57834,0.99072415,0.009275801
45658,0.80841976,0.19158019
30787,0.0057118293,0.99428815
13044,0.016467432,0.98353255
37820,0.0013724182,0.99862754
48860,0.89749485,0.10250517
55717,0.741156,0.25884405
53581,0.9336317,0.06636829
13475,0.22636278,0.77363724
57181,0.82378834,0.17621161
11092,0.5253269,0.4746731
8331,0.520787,0.47921303
49243,0.60088664,0.39911342
30821,0.14034778,0.85965216
48770,0.907319,0.09268102
37452,0.10939321,0.89060676
8976,0.525101,0.474899
10600,0.124767646,0.8752323
38000,0.016636215,0.98336375
35812,0.06771489,0.9322851
56578,0.92091244,0.07908753
5437,0.73533916,0.26466084
63161,0.99859387,0.001406063
7703,0.67452216,0.32547784
6233,0.59313035,0.40686965
23238,0.01363449,0.98636556
35183,0.6513917,0.34860834
36827,0.0076051466,0.9923949
2909,0.46774957,0.53225046
44194,0.89422464,0.105775304
12713,0.7866053,0.21339475
34064,0.3464293,0.6535708
2262,0.87110573,0.12889427
735,0.23353031,0.76646966
45499,0.41165876,0.58834124
53980,0.9565268,0.04347315
45738,0.42936778,0.57063216
16842,0.017808167,0.98219186
21452,0.42191046,0.5780895
14662,0.00220611,0.9977939
65217,0.7846009,0.21539906
40000,0.013753725,0.9862462
37460,0.008772297,0.9912277
3416,0.14695714,0.8530428
60304,0.26904422,0.7309558
20167,0.0005128549,0.99948716
37717,0.0025876667,0.9974124
48710,0.7527142,0.24728577
7278,0.8785195,0.1214806
1356,0.3701126,0.62988734
46605,0.7613627,0.2386373
47850,0.86361307,0.13638693
48394,0.9118735,0.08812653
61809,0.92612535,0.07387473
3604,0.6653199,0.3346801
7832,0.023521563,0.97647846
5756,0.68556726,0.31443277
62731,0.5726009,0.4273991
12601,0.6944126,0.30558747
583,0.2681832,0.73181677
40974,0.049136154,0.95086384
54884,0.6190477,0.38095233
28470,0.0044375677,0.99556243
18708,0.0060315924,0.99396837
25705,0.49414405,0.5058559
31725,0.83944404,0.16055591
12019,0.17924148,0.8207586
57169,0.76925874,0.23074125
25371,0.0035845374,0.9964155
27309,0.1335294,0.86647063
9942,0.27951115,0.7204888
40071,0.025638597,0.9743614
53045,0.7464443,0.2535557
28003,0.020722682,0.9792773
7368,0.14975186,0.85024816
64108,0.86988336,0.13011661
46254,0.87578976,0.12421024
13308,0.6046085,0.3953915
15480,0.0024227928,0.99757725
27540,0.49599493,0.5040051
40396,0.0061641964,0.99383575
27614,0.046983737,0.9530162
22798,0.0010613296,0.9989386
23989,0.021709902,0.97829014
18190,0.013393531,0.9866065
30102,0.25683075,0.7431693
12151,0.6835121,0.3164879
21884,0.43135008,0.5686499
11348,0.22191426,0.77808577
28924,0.01183944,0.9881606
38674,0.084134854,0.9158652
23701,0.06399463,0.93600535
22541,0.010322305,0.98967767
15951,0.2540014,0.7459986
16446,0.004610172,0.9953898
31184,0.02541077,0.9745892
57236,0.8787952,0.12120477
21293,0.012086834,0.9879132
28565,0.012811876,0.9871881
38239,0.036168125,0.9638319
7042,0.9237379,0.07626209
13040,0.0077272966,0.99227273
57718,0.76731175,0.23268823
15907,0.14078756,0.85921246
51167,0.8780924,0.12190758
42857,0.02611312,0.9738869
52088,0.71161,0.28839
60437,0.30903786,0.69096214
37726,0.0123350555,0.987665
59688,0.072678715,0.9273213
30933,0.02059348,0.97940654
37312,0.072222255,0.9277777
22491,0.046402644,0.95359737
31416,0.058509,0.94149107
33750,0.3976158,0.6023842
53038,0.51655877,0.48344123
47333,0.9592384,0.040761624
9758,0.01856897,0.981431
46663,0.66083604,0.339164
22376,0.009323966,0.99067605
13796,0.0055112075,0.9944887
23368,0.0019401569,0.9980598
7838,0.6253676,0.3746324
61812,0.7788054,0.22119458
20485,0.48560974,0.51439023
32037,0.34920174,0.6507982
48791,0.8009586,0.19904141
56192,0.7136984,0.28630158
53336,0.90121126,0.09878872
47766,0.8087188,0.19128124
25633,0.16714218,0.8328578
4732,0.91863555,0.08136444
13545,0.09251302,0.907487
31219,0.18745288,0.8125471
28589,0.63002765,0.3699723
649,0.4152365,0.5847635
16575,0.00026047957,0.99973947
41249,0.039497446,0.96050256
36651,0.09917669,0.9008233
41454,0.010480538,0.9895195
51420,0.493362,0.506638
12312,0.429822,0.570178
44015,0.8309963,0.1690037
15686,0.0014632988,0.9985367
5549,0.31488657,0.6851135
39664,0.00026282202,0.9997372
14971,0.008236566,0.9917635
64564,0.8934966,0.10650336
48914,0.4468345,0.55316544
12155,0.03615713,0.96384287
12938,0.07368289,0.9263171
56727,0.9801428,0.019857215
34305,0.24059404,0.759406
1621,0.74283385,0.25716615
49689,0.9020251,0.097974844
40840,0.01723335,0.9827666
14191,0.08064726,0.9193527
25437,0.0011839968,0.998816
55704,0.6830443,0.3169557
24984,0.021230252,0.9787698
64048,0.56600785,0.4339921
61482,0.82149065,0.17850935
12335,0.03071716,0.96928287
21772,0.027885783,0.9721142
6523,0.80710834,0.19289163
60663,0.40062368,0.59937626
32638,0.13956386,0.86043614
12064,0.23140843,0.7685915
43187,0.33566362,0.6643364
15389,0.49743238,0.50256765
48391,0.943207,0.056793004
26835,0.019377325,0.98062265
56700,0.8933309,0.106669195
41131,0.021914685,0.9780853
34384,0.24183287,0.7581671
8059,0.09434585,0.90565413
37771,0.00532547,0.99467456
54951,0.48542345,0.51457655
35273,0.5815358,0.41846418
17718,0.0017465691,0.9982534
29668,0.12051661,0.87948346
12206,0.034896974,0.96510303
30076,0.0069940616,0.9930059
51490,0.9620887,0.037911307
13121,0.63972664,0.36027336
41389,0.002307234,0.9976928
55243,0.73537964,0.2646203
6722,0.07811401,0.921886
54701,0.6455297,0.35447028
38117,0.14386278,0.8561372
809,0.2426509,0.75734913
8502,0.40169302,0.59830695
60449,0.25504133,0.74495864
47689,0.47721404,0.52278596
21786,0.048862655,0.9511373
36785,0.08031771,0.9196823
8969,0.3641618,0.63583815
59791,0.501991,0.49800903
61554,0.6280678,0.3719322
46418,0.69948494,0.30051512
25463,0.0034064387,0.99659353
17042,0.018843822,0.98115623
37529,0.018836796,0.9811632
49035,0.8214315,0.17856845
11346,0.42189112,0.5781089
37432,0.47285253,0.5271475
8723,0.04127831,0.9587217
51622,0.905234,0.09476598
33769,0.1641015,0.83589846
25381,0.0034803702,0.9965197
20009,0.026614025,0.97338593
56766,0.9977527,0.0022472623
37950,0.0012012084,0.9987987
36463,0.06954951,0.93045044
3868,0.7113282,0.28867185
6924,0.02663389,0.9733661
12120,0.19654758,0.80345243
58969,0.67877716,0.32122284
21551,0.05830009,0.94169986
64140,0.9214345,0.07856546
45485,0.98864895,0.01135105
50595,0.9259309,0.07406913
3704,0.90215665,0.09784332
63728,0.6958448,0.30415514
25465,0.0023028343,0.9976972
19851,0.00090376276,0.9990963
16406,0.0005505271,0.99944943
27111,0.0032383525,0.9967616
30075,0.025768496,0.97423154
52556,0.94133437,0.058665648
8143,0.31861785,0.6813821
62242,0.9861944,0.0138056325
60161,0.72298795,0.27701208
42848,0.019770747,0.98022926
11582,0.10626322,0.8937368
10295,0.4068314,0.5931686
30762,0.0044653225,0.99553466
57047,0.91813666,0.08186338
40500,0.0045915446,0.9954085
22891,0.0057164193,0.9942836
19850,0.002867633,0.9971323
30935,0.0036027418,0.9963973
40001,0.008003864,0.9919961
36962,0.038132947,0.96186703
2687,0.87424135,0.12575863
12380,0.019059403,0.98094064
39749,0.00027726855,0.99972266
37430,0.21691437,0.7830856
22686,0.0058798613,0.99412006
43652,0.97946197,0.020537972
56961,0.9888687,0.0111312205
28421,0.013660786,0.9863392
41514,0.24754643,0.75245357
49067,0.7988745,0.20112549
55729,0.35885322,0.6411468
27078,0.012130097,0.9878699
44775,0.8927396,0.10726042
13374,0.74069154,0.25930843
53900,0.8944836,0.10551636
21403,0.014281694,0.98571837
1383,0.5159272,0.48407283
20848,0.48102626,0.51897377
5663,0.55048275,0.44951725
20653,0.08938941,0.9106106
4705,0.6303631,0.3696369
54075,0.1541852,0.84581476
31702,0.39276916,0.6072308
57244,0.92138207,0.078617886
9632,0.7861219,0.21387812
37251,0.4016921,0.5983079
64799,0.8354404,0.1645596
56498,0.96347815,0.03652191
36687,0.03212533,0.9678746
42224,0.06567673,0.9343233
28293,0.013819271,0.9861807
26955,0.53647375,0.4635263
46220,0.76708496,0.23291503
36272,0.0094640935,0.9905359
34078,0.28077605,0.7192239
16937,0.025079394,0.97492063
16326,0.11301439,0.8869856
62687,0.9070552,0.09294477
37272,0.10268448,0.8973155
4172,0.6930977,0.3069023
39966,0.009912346,0.9900877
55403,0.27219564,0.7278044
46486,0.7488526,0.25114742
39928,0.009458538,0.9905414
11970,0.8474563,0.15254372
9411,0.12468238,0.8753176
15942,0.0039400095,0.99605995
9595,0.14348471,0.8565153
21154,0.16890462,0.8310954
49242,0.7410711,0.25892887
33820,0.3236309,0.6763691
57036,0.9714126,0.028587403
30596,0.005163024,0.99483705
39033,0.0010827329,0.99891734
7453,0.03468204,0.9653179
24994,0.003056196,0.9969438
43011,0.0290569,0.97094315
18580,0.0011258841,0.9988741
53205,0.51613545,0.48386458
50935,0.8477868,0.15221316
32471,0.23549658,0.76450336
44967,0.9619679,0.038032126
62300,0.6904445,0.3095555
2450,0.7055031,0.29449695
56256,0.8429796,0.15702043
56180,0.99428093,0.005719108
50981,0.9354177,0.06458235
23637,0.087327994,0.912672
28029,0.0062392782,0.99376076
655,0.057082716,0.9429173
23814,0.0031708255,0.9968292
64773,0.8584813,0.14151868
57606,0.99980766,0.00019238281
24517,0.0009651783,0.9990349
53624,0.61528754,0.3847124
12653,0.28246313,0.71753687
14984,0.13947687,0.8605231
52876,0.6794957,0.32050428
23282,0.019271923,0.98072815
9016,0.014247223,0.98575276
58507,0.9573882,0.042611714
42115,0.09127573,0.90872425
6732,0.59293985,0.40706012
6096,0.84878284,0.15121718
54663,0.606188,0.39381197
23412,0.024842242,0.97515774
50563,0.6966011,0.30339897
50145,0.6836276,0.3163724
37757,0.427075,0.57292503
26953,0.482526,0.517474
2052,0.47228783,0.52771217
21711,0.85666895,0.14333099
40423,0.023167685,0.97683233
30382,0.021606458,0.9783935
45673,0.8922213,0.10777875
34282,0.22300015,0.77699983
7781,0.7120722,0.28792784
16298,0.311096,0.688904
25069,0.0012133503,0.9987866
62781,0.77852374,0.22147624
8103,0.55588174,0.44411823
29305,0.6724443,0.3275557
32614,0.35769895,0.6423011
27682,0.00030014038,0.99969983
16565,0.0037084825,0.9962915
20906,0.050347924,0.9496521
1583,0.58400387,0.4159961
47874,0.6271287,0.3728713
42994,0.03038768,0.96961236
43946,0.78969955,0.21030048
22064,0.09269577,0.9073042
36589,0.07639318,0.9236068
44259,0.82844114,0.1715588
3746,0.527064,0.47293597
57112,0.77871925,0.22128075
55956,0.8254859,0.17451413
6286,0.90164304,0.098356955
33935,0.31840682,0.6815932
39179,0.00038490823,0.9996151
26362,0.0025688051,0.9974312
12129,0.04960784,0.9503922
35557,0.25871265,0.74128735
52961,0.9177348,0.08226525
43029,0.017179834,0.98282015
30456,0.0041570864,0.9958429
32791,0.10955018,0.8904498
39844,0.0007300246,0.99927
53846,0.529897,0.470103
20627,0.48823693,0.5117631
42412,0.38860258,0.61139745
3818,0.1275973,0.87240267
39448,0.014288837,0.98571116
1457,0.7226345,0.27736548
18435,0.0011109018,0.99888915
46357,0.8505047,0.1494953
24461,0.0019146759,0.9980854
36795,0.0042540864,0.99574596
43957,0.6077721,0.3922279
14485,0.6917077,0.30829236
44562,0.9757329,0.024267053
15809,0.016627403,0.9833726
5469,0.20868935,0.7913106
12171,0.008053267,0.99194676
63622,0.86565256,0.13434745
59840,0.8771977,0.1228023
601,0.101347595,0.8986524
26783,0.11096668,0.8890333
32231,0.077935636,0.92206436
11457,0.019552667,0.9804473
10930,0.21011265,0.7898873
44274,0.864707,0.135293
13063,0.008860369,0.9911396
27129,0.0076694987,0.99233043
56663,0.9226952,0.07730478
50739,0.75797814,0.24202181
49541,0.89868915,0.1013109
15662,0.11433405,0.88566595
43147,0.08334345,0.9166565
877,0.39827254,0.6017275
29274,0.09702635,0.90297365
1268,0.3995957,0.60040426
44529,0.9054307,0.09456927
7828,0.404949,0.595051
35540,0.88758993,0.11241005
19528,0.026684372,0.9733156
14067,0.32440442,0.6755956
34486,0.47838706,0.5216129
54515,0.8808461,0.119153924
47407,0.93694896,0.063051075
43277,0.91565865,0.08434132
21010,0.2568586,0.7431414
26506,0.017440785,0.9825592
49349,0.43717575,0.56282425
29486,0.009439094,0.99056095
10548,0.16062239,0.8393776
64307,0.7929029,0.20709711
6654,0.6592325,0.34076747
43892,0.78746384,0.2125362
64699,0.76843536,0.2315646
15108,0.1210226,0.8789774
51169,0.8983859,0.10161417
19486,0.0029238404,0.99707615
795,0.7082397,0.29176033
55527,0.6736363,0.32636365
1491,0.016596429,0.9834035
34197,0.21588077,0.78411925
5569,0.51647675,0.48352322
6231,0.8799473,0.1200527
49450,0.59509957,0.4049004
20516,0.66354775,0.33645225
44327,0.96519375,0.03480624
32587,0.180013,0.819987
27157,0.008338041,0.9916619
35520,0.71556354,0.28443646
23854,0.034404047,0.96559596
47376,0.9336231,0.06637695
43309,0.3276861,0.6723139
46300,0.82714355,0.17285639
64209,0.9720072,0.027992738
23708,0.05909214,0.9409079
37362,0.011995206,0.98800474
60831,0.45587394,0.54412603
23712,0.60782886,0.39217117
54399,0.750784,0.24921598
34612,0.9001828,0.09981724
18232,0.0023323228,0.9976676
3919,0.0019239984,0.99807596
44764,0.8542323,0.14576773
60935,0.6211735,0.37882653
62661,0.9215688,0.078431174
58148,0.99127734,0.008722657
9368,0.45743155,0.5425685
38514,0.01031154,0.9896884
15110,0.43447167,0.5655283
3714,0.7545051,0.2454949
32770,0.45112884,0.54887116
62600,0.8749207,0.12507929
48195,0.87813973,0.12186031
23104,0.009772648,0.99022734
38497,0.037091065,0.96290886
42086,0.9035763,0.09642366
30134,0.24219827,0.7578018
41598,0.050815284,0.9491847
20014,0.033427726,0.9665722
36803,0.0028426812,0.99715734
57928,0.97777367,0.022226335
25884,0.010395866,0.9896041
26919,0.0032989178,0.99670106
22822,0.0032670938,0.99673295
38553,0.07440251,0.92559755
2147,0.5146789,0.4853211
55904,0.79191005,0.20809
61358,0.8771085,0.12289146
56000,0.9994543,0.0005456697
53716,0.8962383,0.10376171
57979,0.9830567,0.016943203
48818,0.4393507,0.56064934
3486,0.5157239,0.48427615
41811,0.831458,0.16854203
47462,0.8906889,0.10931105
23954,0.033527292,0.9664727
62854,0.59013665,0.40986338
53997,0.92806786,0.07193206
42237,0.77770805,0.22229195
56281,0.9713193,0.028680686
60263,0.36957583,0.63042414
43412,0.9311408,0.06885924
14873,0.13007136,0.86992866
53304,0.4933402,0.50665987
15805,0.0015972919,0.9984028
37413,0.07587289,0.92412716
18089,0.0529491,0.9470509
58650,0.80607134,0.19392866
61946,0.96357083,0.036429092
31794,0.0872494,0.9127506
52497,0.65534866,0.3446513
59583,0.63218194,0.3678181
12284,0.006456717,0.99354327
44740,0.94286895,0.057131063
8815,0.36262062,0.6373794
15250,0.1620037,0.8379963
45401,0.93048066,0.06951928
53918,0.8265511,0.17344894
5576,0.7579356,0.24206439
29555,0.014900743,0.98509926
36314,0.024003863,0.9759962
61969,0.9981371,0.0018628716
29284,0.04409273,0.9559072
13986,0.4346559,0.5653441
28382,0.5811526,0.41884735
21048,0.12796794,0.87203205
5295,0.75447327,0.24552673
46092,0.6571912,0.3428088
50999,0.67829406,0.3217059
60179,0.29647422,0.7035258
26742,0.0030872887,0.9969127
17651,0.0076275733,0.9923724
1327,0.5464188,0.45358118
40903,0.0066687064,0.99333125
368,0.088551275,0.9114488
25369,0.0006086401,0.9993913
1895,0.76870155,0.23129846
19979,0.016596891,0.98340315
43662,0.944122,0.055878032
38381,0.04419597,0.955804
31661,0.2728563,0.72714376
51777,0.92056346,0.07943654
24427,0.005611271,0.99438876
3076,0.6565019,0.34349805
47927,0.76455885,0.2354412
1221,0.44489142,0.55510855
21620,0.0014245578,0.99857545
45157,0.8677797,0.13222037
51434,0.40797198,0.592028
21591,0.71061856,0.2893815
48650,0.89654833,0.103451736
58902,0.60000235,0.39999765
2477,0.63520074,0.36479932
16955,0.03649158,0.9635084
5561,0.7295045,0.27049553
54130,0.8857033,0.11429663
21292,0.10075464,0.8992453
60610,0.35862622,0.64137375
18169,0.13642454,0.86357546
33219,0.35897487,0.64102507
20158,0.00018852061,0.9998115
20217,0.07444399,0.92555594
63093,0.481106,0.518894
63245,0.6071953,0.39280468
45635,0.8673199,0.13268007
40859,0.07524698,0.92475307
50505,0.9642701,0.035729863
64095,0.7268218,0.27317822
1035,0.35858747,0.6414125
5027,0.4723861,0.52761394
12771,0.41579092,0.5842091
30815,0.028444782,0.97155523
19767,0.00065715436,0.99934286
44837,0.87262636,0.12737358
51650,0.9106565,0.089343525
53365,0.29574868,0.70425135
28874,0.3330333,0.6669667
5999,0.7604742,0.23952575
7104,0.15871568,0.8412843
2059,0.14668171,0.85331833
54322,0.8835275,0.11647247
12639,0.56031096,0.439689
30378,0.07980978,0.9201903
52232,0.92202467,0.077975325
52369,0.52895015,0.47104982
61811,0.89076555,0.10923451
46896,0.9505924,0.049407665
13405,0.1401429,0.85985714
48243,0.91464657,0.08535336
34949,0.6192312,0.3807688
571,0.24688199,0.75311804
33417,0.13348672,0.8665133
36467,0.004606679,0.9953934
6071,0.6762165,0.32378355
15740,0.0007899145,0.99921
110,0.06726475,0.93273526
31500,0.057794157,0.9422058
13458,0.23271671,0.7672833
30598,0.015114989,0.984885
55352,0.9062318,0.09376818
29401,0.0017487977,0.99825114
62507,0.99906284,0.0009371373
38459,0.036090713,0.9639093
39977,0.009939826,0.9900602
4734,0.9152072,0.084792815
41869,0.8753647,0.12463532
59359,0.31042722,0.68957275
38551,0.15471214,0.84528786
3754,0.54921424,0.4507858
13409,0.4977752,0.5022248
11648,0.20240703,0.79759294
299,0.2264064,0.7735936
55064,0.70064217,0.2993578
15468,0.0017654954,0.9982345
11900,0.014448451,0.9855516
33602,0.51221055,0.48778945
37508,0.0635019,0.9364981
47855,0.89902365,0.10097634
4898,0.90361637,0.0963836
24806,0.23874374,0.7612562
5664,0.61292386,0.38707617
15293,0.38356385,0.6164361
62929,0.9067592,0.0932408
26667,0.010440406,0.98955965
61409,0.9270988,0.072901204
64384,0.88669413,0.11330585
45270,0.66156656,0.3384334
28776,0.18061683,0.81938314
267,0.19307832,0.8069217
29091,0.011142668,0.9888573
18124,0.0032049883,0.996795
16175,0.10696681,0.89303315
34822,0.79271036,0.2072896
1643,0.5346707,0.4653293
8175,0.1802686,0.81973135
30387,0.0014688426,0.9985311
15273,0.03605361,0.96394646
47432,0.6447214,0.3552786
28037,0.08048294,0.91951704
17438,0.0017288217,0.9982711
39689,0.0008353402,0.9991647
1802,0.30418354,0.6958165
43759,0.6781022,0.3218978
30220,0.53397465,0.46602532
27764,0.004827914,0.9951721
59473,0.66970104,0.33029902
56293,0.9897508,0.010249196
52164,0.8927205,0.10727948
22867,0.0032333788,0.99676657
5934,0.15582976,0.8441702
17821,0.0019083768,0.99809164
55628,0.35436535,0.64563465
60404,0.5482784,0.45172164
62972,0.8572165,0.14278352
21652,0.7630812,0.23691876
40439,0.026464634,0.9735354
58757,0.8598307,0.14016934
13085,0.1121208,0.8878792
9722,0.089484,0.910516
54762,0.85778815,0.14221185
26722,0.0043928595,0.9956071
54865,0.8102169,0.18978308
346,0.95371246,0.046287544
26140,0.032314472,0.96768546
62118,0.913826,0.08617402
8877,0.49063843,0.5093616
11039,0.75019383,0.24980617
43792,0.79948354,0.20051648
58511,0.9365431,0.06345688
27089,0.0028632663,0.9971367
63532,0.047761284,0.95223874
46749,0.767679,0.23232096
55467,0.31114015,0.6888599
28063,0.01665651,0.9833435
62666,0.9986008,0.0013991945
40561,0.000354167,0.9996458
39972,0.010721862,0.9892782
11544,0.30565333,0.69434667
21846,0.04363352,0.9563665
23326,0.00061034126,0.99938965
21556,0.007678566,0.99232143
29085,0.10632726,0.89367276
33872,0.21077035,0.78922963
28996,0.08679239,0.9132076
12751,0.019312674,0.9806873
62250,0.8384134,0.16158655
7130,0.24722335,0.7527766
61089,0.67864233,0.3213577
8140,0.0017258872,0.9982741
6345,0.5675138,0.4324862
12364,0.21875566,0.78124434
39172,0.0018704872,0.99812955
14669,0.27094516,0.72905487
60302,0.4042052,0.5957948
8320,0.6941522,0.3058478
10641,0.9237803,0.07621969
20909,0.041819524,0.95818055
20780,0.1102967,0.8897033
14663,0.027938554,0.9720614
26880,0.004188479,0.9958116
63907,0.37301064,0.62698936
30303,0.37654895,0.62345105
44099,0.7538592,0.24614073
31009,0.013640697,0.9863593
30897,0.026772743,0.97322726
44247,0.6987218,0.30127814
31976,0.06277974,0.9372203
7980,0.25543356,0.74456644
17380,0.0024426943,0.9975573
13190,0.4193619,0.5806381
8098,0.4011856,0.5988144
35188,0.6255588,0.37444118
25432,0.006313533,0.9936865
5134,0.12788323,0.8721168
39135,0.0017887845,0.99821126
378,0.26531768,0.7346823
18211,0.002538853,0.9974611
65082,0.8672356,0.13276435
41804,0.8115372,0.18846275
2547,0.3189813,0.6810187
47898,0.4272695,0.57273054
1839,0.83336335,0.16663663
17572,0.010177167,0.98982286
16793,0.010557659,0.98944235
29968,0.5441716,0.4558285
14998,0.008550084,0.9914499
63686,0.6128514,0.38714862
43219,0.081975155,0.91802484
43744,0.92012715,0.079872884
38137,0.044776008,0.955224
14498,0.7994634,0.20053662
33865,0.26324803,0.736752
60605,0.37400872,0.6259913
28972,0.010414112,0.98958594
6659,0.11647983,0.8835202
51421,0.94269943,0.05730062
46979,0.86831933,0.13168071
61449,0.37020844,0.62979156
11820,0.07907135,0.9209286
14226,0.5055858,0.49441415
35790,0.4320835,0.56791645
59346,0.5805989,0.41940108
15300,0.12027656,0.8797234
398,0.5520185,0.4479815
26402,0.011827373,0.9881726
62616,0.6848359,0.3151641
37940,0.014170462,0.98582953
2495,0.7658362,0.23416387
24183,0.026915975,0.97308403
6681,0.88690984,0.11309019
59465,0.20221199,0.79778796
47590,0.8998467,0.100153305
40456,0.032152563,0.96784747
43380,0.49850723,0.5014928
18457,0.008052087,0.99194795
63102,0.9231412,0.07685877
23905,0.04106209,0.95893794
58131,0.986043,0.013957011
11692,0.17634892,0.8236511
38691,0.015923537,0.98407644
12108,0.64011115,0.35988885
53051,0.8068349,0.19316511
14816,0.3782675,0.62173253
38200,0.0014672141,0.9985328
57740,0.9906283,0.009371663
56636,0.9416933,0.05830663
23378,0.03955242,0.9604476
44422,0.8802827,0.11971735
49237,0.85883474,0.14116524
29882,0.0066649807,0.993335
36273,0.008272635,0.99172735
5481,0.109393165,0.8906068
63104,0.6259491,0.37405095
17445,0.0032784818,0.99672157
20598,0.3790282,0.62097174
32214,0.07064084,0.9293592
48397,0.8487977,0.15120235
5844,0.22030818,0.7796919
29530,0.097951315,0.9020487
22726,0.035695847,0.96430415
47300,0.9114767,0.088523366
46701,0.5977791,0.40222093
27049,0.014647239,0.9853528
5293,0.50400615,0.49599385
50831,0.90923387,0.090766095
13827,0.69947964,0.3005204
51634,0.7456758,0.25432423
21673,0.27657768,0.7234223
10320,0.22594397,0.7740561
12696,0.13924728,0.86075264
55757,0.8392948,0.16070518
8440,0.6808827,0.3191173
63270,0.33366567,0.66633433
20173,0.0012671768,0.99873286
12965,0.3686117,0.6313883
46832,0.6613238,0.3386762
53636,0.52182317,0.47817683
23789,0.0052790595,0.99472094
58974,0.32529998,0.6747
50225,0.856967,0.14303304
37451,0.053395834,0.94660413
14196,0.12032507,0.8796749
9831,0.35188892,0.6481111
44459,0.94526374,0.054736238
28212,0.08622867,0.91377133
38779,0.051444244,0.94855577
23390,0.007191973,0.992808
20145,0.00016355747,0.99983644
22065,0.41585603,0.584144
34566,0.6414586,0.3585414
43060,0.506901,0.493099
51036,0.93503106,0.064968884
49757,0.8247196,0.17528042
58073,0.9766728,0.023327107
10244,0.25459933,0.74540067
53768,0.82904613,0.17095387
11998,0.0006613869,0.99933857
29377,0.09440192,0.9055981
13287,0.07510801,0.924892
19416,0.0032072621,0.99679273
15253,0.76942164,0.23057835
57545,0.99986804,0.00013191462
54979,0.7946487,0.20535134
56830,0.99607396,0.003926082
12392,0.16478156,0.8352184
56937,0.944942,0.05505803
9904,0.26252404,0.737476
1981,0.19679941,0.8032006
19794,0.0020766607,0.9979233
6270,0.44992384,0.5500761
22297,0.2647986,0.73520136
3492,0.7747449,0.22525503
48057,0.77577144,0.22422856
23008,0.022690209,0.9773098
25286,0.0038564529,0.99614346
18775,0.00041160986,0.99958843
13510,0.19697626,0.8030237
22974,0.025304707,0.9746953
1252,0.34303787,0.6569621
35847,0.16733004,0.83267
34407,0.9890878,0.01091223
12309,0.009103463,0.9908965
27448,0.011311525,0.9886884
46245,0.79075575,0.2092443
51662,0.87670135,0.12329865
7128,0.2549755,0.7450245
8808,0.09207927,0.9079207
43741,0.8887062,0.11129375
29489,0.010270938,0.98972905
12551,0.30219972,0.6978003
47138,0.6753169,0.32468316
39758,0.0019886957,0.99801123
13840,0.008015595,0.9919844
32470,0.117564365,0.8824356
41374,0.0022332252,0.99776673
58055,0.7819297,0.2180703
26084,0.037096266,0.9629037
46404,0.68646544,0.3135346
8087,0.365438,0.63456196
5462,0.74480635,0.25519368
19859,0.0009803501,0.9990196
53830,0.8978661,0.10213397
54269,0.9138355,0.08616442
25715,0.27058434,0.72941566
13735,0.8861151,0.113884896
46274,0.8572973,0.14270268
43923,0.6201999,0.37980014
33897,0.3797174,0.6202826
56848,0.9996201,0.00037994978
57571,0.9998398,0.00016018402
22836,0.0009689448,0.99903107
1453,0.97277063,0.027229313
4253,0.34541783,0.65458214
29049,0.013262875,0.9867372
19975,0.0037170085,0.996283
36470,0.0030582414,0.99694175
11201,0.19490649,0.8050936
29947,0.103280984,0.896719
42880,0.21678603,0.783214
472,0.34103516,0.6589649
32261,0.14976378,0.8502362
35884,0.27097964,0.72902036
16849,0.021719849,0.97828007
43436,0.9282279,0.071772076
51861,0.8352808,0.1647192
61993,0.6623113,0.33768868
47231,0.55191636,0.44808358
13511,0.3190844,0.6809156
50896,0.760891,0.23910896
8949,0.5428427,0.45715734
39752,0.00019492203,0.99980515
59724,0.828843,0.17115697
50052,0.85368264,0.14631744
8541,0.1310997,0.86890024
23118,0.007791934,0.99220806
53891,0.8835333,0.11646674
31398,0.30896097,0.691039
25007,0.0022051719,0.99779487
15290,0.29819885,0.7018011
26381,0.22676647,0.77323353
64653,0.87408274,0.12591726
14350,0.048523504,0.9514765
37734,0.029105213,0.9708948
26443,0.001252577,0.99874735
59861,0.5712052,0.4287948
59050,0.2716263,0.7283737
11615,0.2935292,0.7064708
20701,0.09820929,0.90179074
43462,0.9466373,0.0533628
17918,0.010984995,0.98901504
12678,0.42258975,0.5774102
44821,0.65968597,0.34031403
33755,0.2580216,0.7419784
63843,0.7335719,0.2664281
6822,0.6621084,0.3378916
39986,0.011727367,0.9882726
925,0.71585065,0.28414935
42021,0.06318134,0.93681866
22241,0.004072682,0.9959273
22171,0.1441048,0.85589516
2078,0.94846624,0.051533774
32236,0.17940085,0.8205992
42741,0.2647769,0.7352232
30121,0.34562752,0.6543725
38062,0.0009558016,0.9990441
64299,0.79950166,0.20049839
25454,0.004983774,0.9950163
58765,0.9511505,0.048849538
60246,0.18947986,0.8105202
217,0.62631756,0.3736824
23159,0.009775352,0.99022466
58232,0.9788425,0.02115749
26912,0.012564689,0.98743534
48595,0.7081311,0.29186893
20169,0.017728603,0.98227143
7023,0.38742778,0.6125722
59661,0.8419447,0.15805537
56884,0.9913292,0.008670758
58383,0.9785663,0.021433702
17523,0.013090329,0.9869097
48160,0.8792666,0.12073341
50272,0.9659018,0.034098227
51883,0.62737197,0.37262803
55278,0.1818546,0.81814533
58830,0.61553365,0.38446638
36483,0.001592052,0.998408
26851,0.008264509,0.9917355
10724,0.7474581,0.2525419
4152,0.20461923,0.7953808
64470,0.8080078,0.19199227
35466,0.473825,0.526175
15060,0.50698733,0.49301267
49653,0.8759708,0.124029234
57509,0.99282444,0.007175591
20775,0.08983931,0.9101607
49012,0.96948147,0.030518586
60251,0.28369713,0.7163029
12216,0.03347074,0.96652925
4409,0.57358193,0.42641813
12450,0.24345246,0.7565475
35535,0.30590433,0.6940956
46438,0.7921773,0.20782268
31651,0.43429974,0.56570023
7282,0.3096491,0.6903509
45437,0.71473956,0.2852605
59998,0.22276106,0.77723897
58356,0.9719496,0.02805039
60923,0.80690426,0.19309571
21263,0.36734125,0.6326587
62041,0.584545,0.41545498
22639,0.04149256,0.9585075
9537,0.26726747,0.73273253
57989,0.9800642,0.019935712
41360,0.0069518588,0.99304813
35172,0.7549979,0.24500206
35641,0.5311834,0.4688166
47559,0.35065705,0.64934295
6003,0.5774352,0.4225648
39941,0.030339431,0.9696605
53086,0.9803412,0.019658864
57146,0.18933816,0.81066185
24414,0.0033806134,0.99661934
23321,0.0022611595,0.99773884
27405,0.1004739,0.8995261
47309,0.72959113,0.2704089
3528,0.048037905,0.95196205
6099,0.5957803,0.40421966
10514,0.6716671,0.32833293
44985,0.8987278,0.101272255
45921,0.9379724,0.062027548
55935,0.9027816,0.097218424
48666,0.6777363,0.32226375
3719,0.7801867,0.21981335
5440,0.08833425,0.9116658
41995,0.24257302,0.757427
50917,0.9670592,0.03294077
13600,0.57089376,0.42910627
63203,0.84944135,0.15055865
29876,0.0051325206,0.99486744
46081,0.73530656,0.2646935
38935,0.0001959925,0.9998041
43686,0.9195083,0.08049176
12504,0.4721736,0.5278264
14474,0.80449873,0.19550125
30893,0.13762371,0.8623763
17009,0.0010761824,0.99892384
30716,0.07770545,0.9222945
59088,0.04356381,0.95643616
63119,0.47246623,0.52753377
4197,0.5921822,0.40781775
31846,0.11471016,0.88528985
27077,0.0047532036,0.9952468
18772,0.0004113886,0.99958867
53578,0.7786522,0.22134781
54469,0.81950986,0.18049009
64810,0.8439206,0.15607937
40193,0.08945916,0.9105409
16857,0.0052042035,0.99479586
5540,0.28367266,0.71632737
48191,0.9361037,0.063896276
25909,0.017457087,0.982543
19676,0.0006237404,0.99937624
51795,0.63185555,0.36814448
14463,0.5954442,0.40455583
27511,0.5652555,0.43474448
2007,0.7182756,0.28172436
51431,0.50504535,0.4949547
7070,0.46334046,0.53665954
30980,0.18265206,0.81734794
17796,0.0023942604,0.9976057
39706,0.0023921179,0.9976078
18574,0.0005162125,0.9994837
36996,0.17533267,0.8246674
42912,0.14071995,0.85928005
43590,0.3937974,0.60620266
23342,0.00216426,0.9978357
14087,0.3094489,0.69055116
40625,0.09034251,0.90965754
46512,0.950744,0.049256008
54771,0.84850466,0.15149535
60085,0.26991165,0.7300883
37586,0.0012913843,0.9987086
50203,0.6411544,0.3588456
55028,0.6441307,0.35586932
17904,0.030547746,0.9694522
38861,0.032128736,0.96787125
31401,0.12939706,0.8706029
31679,0.3027346,0.6972654
3816,0.024558028,0.975442
3905,0.01603445,0.9839655
30091,0.69668955,0.30331048
16826,0.00771857,0.9922814
6294,0.5872954,0.41270456
40365,0.016856574,0.9831434
50135,0.9505421,0.04945796
3969,0.8463742,0.15362579
62601,0.9412561,0.058743905
46984,0.8106253,0.18937464
14400,0.3221333,0.6778667
986,0.48217657,0.5178234
64584,0.8573668,0.14263323
17881,0.00064149493,0.9993585
36621,0.05037432,0.94962573
5000,0.66393137,0.33606866
62138,0.5875239,0.41247618
9426,0.36547557,0.6345244
62543,0.96454054,0.035459444
60177,0.28807458,0.7119254
14686,0.86818683,0.13181315
36325,0.015878769,0.9841212
21600,0.008474058,0.99152595
16621,0.010438041,0.989562
27561,0.044797562,0.95520246
29340,0.33998135,0.6600186
50126,0.14301503,0.85698503
32316,0.1455018,0.8544982
30544,0.41689813,0.5831018
16774,0.007060683,0.99293935
17544,0.0039823437,0.99601763
13486,0.19209836,0.8079017
17756,0.10271163,0.8972884
43390,0.7624335,0.23756643
45535,0.5630847,0.43691528
64916,0.5377466,0.4622534
46661,0.35805482,0.6419451
56052,0.9482641,0.0517359
18393,0.0026802525,0.99731976
42272,0.09548549,0.90451455
23091,0.044837527,0.9551624
37741,0.20354941,0.7964506
40508,0.008055549,0.99194443
40588,0.03644918,0.9635508
24703,0.0075126076,0.99248743
58694,0.9321872,0.06781279
81,0.026944764,0.97305524
31169,0.0075945766,0.9924055
25993,0.015554682,0.9844453
49935,0.6503933,0.34960663
29634,0.29136646,0.7086336
18565,0.0041857287,0.99581426
22576,0.0006991619,0.99930084
58790,0.83110034,0.16889964
10367,0.15415278,0.84584725
39697,0.014822052,0.98517793
1535,0.7769427,0.22305733
30653,0.68172145,0.31827855
41909,0.07679385,0.9232061
57857,0.9890035,0.010996555
32020,0.23621522,0.7637848
47915,0.53576475,0.46423528
5621,0.91914195,0.08085805
56016,0.98633575,0.013664249
40760,0.096509114,0.90349084
4456,0.005384371,0.9946156
21101,0.25702274,0.7429772
57915,0.99041885,0.00958114
45716,0.814587,0.185413
10566,0.7599466,0.24005342
2519,0.63912827,0.3608718
19504,0.0048009893,0.995199
41753,0.067718625,0.9322814
21417,0.5159958,0.48400417
51595,0.81269723,0.18730277
24646,0.026076742,0.9739233
38884,0.016270712,0.9837293
44227,0.55749136,0.44250864
56990,0.9805894,0.019410644
308,0.16292222,0.8370778
14034,0.035819747,0.96418023
10174,0.45811805,0.541882
3772,0.49922267,0.5007773
8010,0.9013184,0.098681666
25988,0.015039394,0.9849606
40485,0.004614796,0.9953852
13739,0.43777725,0.5622228
1174,0.41565707,0.58434296
43875,0.878221,0.12177899
27146,0.008924693,0.9910753
50517,0.9304009,0.06959911
34491,0.64765656,0.3523435
39537,0.0008942739,0.99910575
30851,0.36325988,0.63674015
21831,0.0028368968,0.9971631
11238,0.48916402,0.51083595
44443,0.92291564,0.077084355
214,0.40646532,0.59353465
23223,0.18806605,0.811934
38067,0.015616371,0.9843836
60167,0.35973433,0.6402657
63308,0.54970413,0.45029587
10656,0.2006657,0.7993343
7147,0.04223176,0.9577682
14283,0.070547715,0.9294523
3533,0.78927195,0.21072803
30675,0.19824971,0.80175036
40014,0.0028716172,0.9971284
42180,0.031350426,0.96864957
49592,0.8916887,0.10831131
20212,0.026010172,0.9739898
48936,0.7301652,0.26983482
15241,0.07798481,0.92201513
16259,0.00435283,0.99564713
42066,0.030380245,0.96961975
59170,0.4402815,0.55971843
20777,0.12649964,0.87350035
46461,0.67294055,0.3270594
64951,0.8228047,0.17719531
35997,0.27690098,0.723099
30195,0.4598369,0.54016304
54221,0.21274443,0.7872556
34732,0.81685054,0.18314952
37531,0.0033571878,0.9966428
7208,0.4310478,0.56895214
15763,0.001407213,0.9985928
51747,0.8226888,0.17731124
52767,0.9183241,0.0816759
23768,0.0074114283,0.9925885
2892,0.8854902,0.11450979
19370,0.0042230086,0.995777
42369,0.66584975,0.33415022
4964,0.117502205,0.88249785
59898,0.73991644,0.26008356
31170,0.0077928626,0.9922071
18854,0.0012617123,0.99873835
2541,0.69590425,0.30409575
12340,0.47993758,0.52006245
14195,0.019305684,0.9806943
18899,0.0022564633,0.9977436
17145,0.06377029,0.9362297
2119,0.81544244,0.18455759
64611,0.8229867,0.17701335
6850,0.1841771,0.81582296
24566,0.012672842,0.98732716
12030,0.019645382,0.9803546
31279,0.10677128,0.8932287
21,0.096214734,0.9037853
41860,0.80624115,0.19375886
63199,0.68279016,0.31720978
26491,0.11649854,0.88350147
36556,0.0046226988,0.9953773
55108,0.32201958,0.67798036
25400,0.0037266307,0.9962734
40168,0.014616096,0.9853839
9137,0.7554077,0.24459231
11869,0.58305866,0.41694137
18618,0.00081742404,0.9991825
17937,0.030839063,0.9691609
42617,0.31737113,0.6826288
33990,0.32504594,0.674954
52086,0.7611996,0.23880045
42972,0.036302444,0.9636976
65054,0.83617765,0.1638223
34920,0.70535386,0.29464608
20317,0.00774525,0.99225473
35085,0.5316852,0.46831477
43891,0.94522965,0.05477032
19603,0.0101897605,0.9898102
33713,0.2064383,0.7935617
64540,0.7832505,0.21674947
13879,0.021070242,0.9789298
59971,0.7485945,0.2514055
38783,0.008284519,0.9917155
37425,0.18765102,0.81234896
10554,0.90655154,0.0934484
22805,0.006777723,0.99322224
607,0.24760607,0.75239396
26187,0.26908606,0.7309139
21631,0.16506255,0.83493745
19551,0.0040370384,0.99596304
6894,0.51758915,0.4824108
22749,0.0005937373,0.9994062
38051,0.06374126,0.9362588
15155,0.122750066,0.87724996
46292,0.33501297,0.664987
24444,0.00052758656,0.99947244
19779,0.001740016,0.99825996
42302,0.105172366,0.8948276
33074,0.84708756,0.15291241
44776,0.5574763,0.4425237
19778,0.0034705505,0.9965295
4676,0.062615976,0.937384
21187,0.13566235,0.8643377
2651,0.5524217,0.4475783
63974,0.9577995,0.042200487
21649,0.32379583,0.6762042
32003,0.18384756,0.8161524
24477,0.001689471,0.99831057
20274,0.00011905491,0.9998809
55959,0.98292774,0.017072229
37983,0.0032940547,0.99670595
33089,0.13689427,0.8631057
26061,0.004790248,0.99520975
58228,0.9919689,0.008031087
54487,0.5854922,0.41450775
12028,0.026695438,0.9733045
47024,0.74819154,0.2518085
62679,0.65983266,0.34016737
64662,0.8833956,0.11660437
50824,0.9058687,0.09413128
17129,0.00070550916,0.9992945
48465,0.49916676,0.5008332
46540,0.7738401,0.22615993
47555,0.8520142,0.14798579
47609,0.55788976,0.44211027
26998,0.190731,0.809269
33732,0.44112384,0.55887616
24024,0.0021498657,0.9978502
33761,0.17922805,0.820772
46641,0.90997815,0.0900219
54364,0.7927191,0.20728084
16522,0.002322369,0.9976776
2278,0.07720032,0.92279965
26760,0.19319195,0.8068081
23617,0.03532537,0.96467465
22277,0.034198314,0.9658017
50192,0.50635123,0.49364883
57194,0.90331376,0.09668626
62964,0.8857173,0.114282735
30573,0.061800946,0.938199
57456,0.9360073,0.06399271
46645,0.6754689,0.32453108
32306,0.28650472,0.7134953
46737,0.8701578,0.12984222
46167,0.756403,0.24359697
61781,0.7484973,0.25150263
44987,0.91819566,0.08180431
9596,0.54194516,0.45805478
45802,0.91276777,0.087232225
33800,0.36515784,0.63484216
15930,0.0026251364,0.9973749
30000,0.11364244,0.8863575
34307,0.391535,0.60846496
46027,0.9732318,0.026768181
60693,0.7146128,0.28538716
51522,0.6896817,0.31031832
25597,0.0072662956,0.9927337
2174,0.83002216,0.16997781
18491,0.0012655997,0.9987344
45943,0.9100739,0.08992604
11874,0.36572552,0.6342745
5026,0.77264977,0.22735026
8797,0.56006855,0.43993142
54881,0.70108664,0.29891333
24270,0.0015883575,0.99841166
37554,0.009800307,0.9901996
3781,0.5813611,0.41863889
60832,0.30879238,0.69120765
11891,0.21286228,0.78713775
56843,0.99972874,0.00027127744
34824,0.7970666,0.20293339
32128,0.11256932,0.88743067
6401,0.4324215,0.5675785
49225,0.9135624,0.08643755
36825,0.008357438,0.9916426
32021,0.15812695,0.84187305
28413,0.0016835602,0.9983164
34433,0.8584958,0.14150421
64231,0.6087477,0.39125225
51381,0.762013,0.237987
62626,0.7723618,0.22763819
32665,0.16943367,0.83056635
36852,0.0054522655,0.99454767
59853,0.7243169,0.27568308
43959,0.4557797,0.5442203
55032,0.31926113,0.6807389
51272,0.8769684,0.12303158
31712,0.08899112,0.9110089
28765,0.0731786,0.9268214
37212,0.58580106,0.4141989
48683,0.8053465,0.19465354
64391,0.8170778,0.1829222
26474,0.6354418,0.36455825
50915,0.10056295,0.89943707
33579,0.25242016,0.7475798
36258,0.56049085,0.43950915
49947,0.77353245,0.22646762
51782,0.95827585,0.04172416
20010,0.011120194,0.9888798
7213,0.16272628,0.83727366
23729,0.0120694265,0.98793054
959,0.5011791,0.49882096
43493,0.9773327,0.02266726
48567,0.9562648,0.04373521
64443,0.7998207,0.20017923
36027,0.025721334,0.9742786
20983,0.07688178,0.92311823
60691,0.815678,0.184322
47692,0.8770249,0.12297516
47783,0.9768097,0.02319028
43482,0.9331644,0.06683553
53202,0.68415344,0.31584656
28713,0.12447502,0.875525
17257,0.027861668,0.97213835
5982,0.6556618,0.34433818
756,0.45350564,0.5464943
20268,0.0015357017,0.99846435
56381,0.9996177,0.00038231577
50529,0.44901356,0.5509864
48236,0.9847281,0.015271867
49138,0.8666227,0.1333773
46482,0.8776424,0.12235764
45923,0.97308403,0.02691602
60015,0.45723632,0.54276365
34169,0.50672734,0.49327266
1137,0.10998897,0.8900111
10091,0.76175493,0.23824514
7708,0.24339084,0.75660914
17715,0.001426465,0.99857354
5860,0.7527458,0.24725427
39483,0.013468707,0.9865313
6770,0.8193264,0.18067358
63563,0.18877947,0.8112206
40080,0.07242572,0.9275743
53541,0.92751724,0.07248275
64660,0.7047912,0.29520878
19516,0.0020097354,0.99799025
53600,0.8399852,0.1600148
18287,0.013782383,0.98621756
62902,0.8718944,0.12810552
24837,0.19717166,0.8028283
53362,0.78209466,0.21790537
4153,0.21308537,0.78691465
20913,0.03711073,0.9628893
60582,0.49909157,0.50090843
60753,0.7012138,0.29878625
6721,0.727217,0.272783
16831,0.0012087298,0.9987913
21896,0.0707541,0.92924595
41800,0.032831542,0.96716845
1994,0.9062962,0.093703754
13999,0.11538715,0.8846128
30777,0.022527348,0.97747266
19280,0.0011652973,0.99883467
49453,0.9001526,0.09984739
40948,0.075650826,0.9243491
7199,0.89896595,0.10103404
3960,0.015588878,0.9844111
14028,0.045353137,0.9546469
60030,0.086053155,0.9139468
52923,0.721339,0.278661
22537,0.0039034197,0.99609655
39642,0.0019172444,0.99808276
35544,0.5094878,0.49051213
2538,0.7784287,0.22157137
30900,0.035901222,0.96409875
3431,0.5924758,0.40752423
25735,0.1593943,0.84060574
40979,0.023011994,0.9769881
35591,0.5067409,0.49325907
11376,0.13284303,0.867157
2124,0.72386074,0.27613923
56562,0.80475205,0.19524798
32690,0.11795717,0.88204277
32289,0.17765222,0.8223478
41862,0.018810723,0.98118925
53984,0.8194069,0.18059309
18279,0.067169465,0.9328305
826,0.52193296,0.47806704
33953,0.30376497,0.69623506
3669,0.5741766,0.42582342
41543,0.09093236,0.90906763
49504,0.93564785,0.06435209
10039,0.6772096,0.32279032
50256,0.9184668,0.08153319
37229,0.06672937,0.93327063
42471,0.12087394,0.879126
60886,0.89430845,0.10569159
2953,0.84563005,0.1543699
27418,0.099567726,0.9004323
30282,0.14063978,0.8593602
6046,0.38738444,0.6126156
57938,0.9778755,0.022124488
49123,0.7134784,0.28652155
27533,0.10284676,0.89715326
50823,0.59419966,0.4058003
43063,0.105536655,0.8944633
20737,0.5302403,0.46975973
25782,0.3341296,0.66587037
45500,0.89248866,0.10751132
16456,0.0014005983,0.99859935
33301,0.4089774,0.5910227
88,0.15337163,0.84662837
59798,0.53348505,0.46651492
63491,0.70194894,0.29805103
47778,0.39021206,0.60978794
19021,0.006290868,0.9937091
17757,0.006351838,0.9936481
10739,0.16115737,0.8388426
37715,0.023363626,0.97663635
24858,0.065160364,0.93483967
15883,0.0029393507,0.9970606
11438,0.020572849,0.9794271
53632,0.96299446,0.037005514
32213,0.26401585,0.7359842
20537,0.28958273,0.7104173
16549,0.001232547,0.9987675
61915,0.818462,0.18153796
64747,0.84153706,0.15846299
21260,0.28756097,0.712439
49957,0.61596084,0.38403913
16523,0.01997254,0.9800275
4681,0.8546372,0.14536273
22690,0.0060536275,0.9939464
26764,0.42297593,0.57702404
15706,0.011539354,0.98846066
20876,0.060946506,0.9390535
64308,0.82309926,0.17690074
5583,0.98527783,0.014722222
40697,0.034389526,0.9656105
5978,0.46953598,0.530464
10004,0.38977683,0.6102232
21700,0.008946153,0.9910539
33519,0.15207227,0.84792775
30649,0.5656454,0.43435463
49003,0.67971563,0.32028434
23588,0.021183206,0.9788168
23472,0.0065368265,0.99346316
18074,0.0007876888,0.99921227
60895,0.9391583,0.060841653
4792,0.56178135,0.43821868
505,0.54460037,0.45539963
41234,0.10342757,0.8965725
46978,0.634698,0.36530206
58637,0.79487437,0.20512569
54352,0.25894153,0.7410584
17948,0.024274167,0.9757259
13563,0.30694875,0.6930513
34445,0.9562873,0.043712635
11487,0.3922917,0.60770833
11683,0.16743349,0.8325665
47523,0.84649813,0.15350182
42330,0.25515023,0.74484974
3953,0.033312816,0.9666872
24198,0.00856352,0.99143654
20140,0.00030536816,0.9996947
15505,0.022612303,0.9773877
26687,0.004687728,0.9953122
3875,0.5968238,0.40317616
25610,0.1932202,0.80677986
10024,0.29703635,0.7029636
55820,0.75142056,0.2485795
29205,0.00885887,0.9911411
38868,0.013052137,0.9869479
16154,0.0014292785,0.9985707
42251,0.01990593,0.980094
62472,0.79421246,0.20578752
64505,0.59720594,0.4027941
27063,0.011663049,0.988337
54679,0.87742203,0.12257802
61236,0.49122822,0.5087717
39650,0.0059297136,0.99407023
18240,0.0037277513,0.9962722
56986,0.97487986,0.025120107
30729,0.04602207,0.9539779
48278,0.8702889,0.12971109
30458,0.0020196328,0.9979804
46044,0.9019841,0.098015875
62813,0.78460836,0.21539162
10684,0.26747325,0.7325268
27483,0.35704255,0.64295745
40747,0.014535013,0.985465
62885,0.86408615,0.13591388
16844,0.0058000893,0.9941999
34103,0.27713537,0.7228647
29035,0.3514313,0.6485687
55460,0.84988886,0.1501111
33084,0.31108662,0.68891335
17308,0.00064634124,0.9993537
48863,0.849065,0.15093496
41482,0.048008554,0.95199144
5089,0.7679086,0.23209141
41940,0.14055641,0.8594436
27795,0.008186555,0.9918134
28350,0.032003462,0.9679966
43372,0.9346545,0.06534552
8150,0.052493613,0.9475064
15443,0.8117726,0.18822736
48804,0.7311655,0.2688345
38245,0.04634934,0.9536507
36453,0.027912188,0.97208774
23457,0.0041460646,0.9958539
34609,0.56824523,0.43175474
989,0.7545795,0.2454205
33549,0.5467624,0.45323756
41078,0.0765669,0.92343307
45944,0.86211,0.13789004
44994,0.9355867,0.06441332
57972,0.98383856,0.016161429
47571,0.7229363,0.27706373
4611,0.8664947,0.1335053
3330,0.211247,0.78875303
34928,0.7594633,0.2405367
46533,0.5496999,0.4503001
14516,0.04439433,0.95560575
35420,0.7594633,0.2405367
37738,0.031292535,0.9687075
14555,0.450568,0.549432
13700,0.5763332,0.42366678
52700,0.7061562,0.29384384
21195,0.19461684,0.80538315
6462,0.68292964,0.31707034
60157,0.67658764,0.3234124
30969,0.3529006,0.6470994
57246,0.91198653,0.08801348
28019,0.038348246,0.9616518
26545,0.63330764,0.36669236
18181,0.001999124,0.9980009
26587,0.3865933,0.6134067
17655,0.005535975,0.994464
30664,0.00956762,0.99043244
22839,0.0055764928,0.99442357
29270,0.06515292,0.93484706
29917,0.37941143,0.62058854
49477,0.9682948,0.031705152
63983,0.9170029,0.08299703
22803,0.0021123437,0.9978877
14352,0.0032316444,0.99676836
49861,0.4348953,0.5651047
33738,0.1496483,0.8503517
16545,0.0013691833,0.9986308
52414,0.55614007,0.44385988
39243,0.0011447574,0.99885523
58079,0.9082617,0.091738306
34982,0.570019,0.42998096
5228,0.66452295,0.33547702
25030,0.011854545,0.9881455
12483,0.8388108,0.16118923
58609,0.8130787,0.18692122
52367,0.84425366,0.15574633
36071,0.16015482,0.8398452
39434,0.020638587,0.9793615
61825,0.7853051,0.21469489
46363,0.9496298,0.050370146
4185,0.09270542,0.9072946
41584,0.13506055,0.8649394
22641,0.10874016,0.89125985
44687,0.96016234,0.03983768
31276,0.106677465,0.8933226
18150,0.0027126393,0.9972874
13975,0.5152312,0.4847688
63334,0.5927633,0.4072367
35052,0.8311088,0.16889116
40128,0.00016577222,0.9998342
6999,0.27101272,0.7289873
24949,0.16780016,0.8321999
42897,0.026442375,0.97355765
53618,0.90581715,0.09418283
41406,0.008533807,0.99146616
61976,0.7967617,0.20323831
6874,0.07833771,0.9216623
4427,0.63315094,0.36684906
40814,0.10630435,0.89369565
34439,0.33382586,0.6661742
58110,0.97437286,0.025627164
47950,0.5319353,0.46806473
6771,0.74317664,0.2568233
4955,0.35986584,0.6401341
24709,0.49665877,0.5033412
26421,0.14084159,0.8591584
40262,0.0004194619,0.99958056
39296,0.0011197499,0.9988802
29811,0.04799735,0.9520027
46106,0.9427903,0.0572097
22470,0.0006690753,0.999331
34023,0.1705832,0.8294168
2572,0.70372343,0.29627654
17642,0.00079267734,0.9992073
44899,0.91747975,0.08252029
39711,0.007100273,0.9928998
22474,0.0015212491,0.9984787
48318,0.735024,0.26497608
25414,0.013205003,0.986795
47183,0.54821837,0.45178166
28633,0.0017543331,0.9982457
47589,0.54594827,0.45405167
55521,0.87633646,0.12366359
1471,0.93906075,0.06093923
13387,0.13931265,0.8606873
45247,0.97788686,0.022113115
7741,0.2593042,0.7406958
26404,0.017267885,0.9827321
50459,0.8662448,0.13375522
9237,0.7712693,0.2287307
42236,0.005782491,0.9942175
49319,0.77142704,0.22857298
48829,0.89528036,0.104719624
2840,0.33238763,0.6676124
4838,0.81885695,0.18114305
10904,0.77570564,0.22429433
29945,0.32189912,0.6781008
28989,0.022479214,0.97752076
55518,0.91684496,0.083154984
38748,0.010390158,0.98960984
8558,0.49926966,0.50073034
28021,0.0048728897,0.9951271
10721,0.33329004,0.66670996
28290,0.0038259535,0.99617404
21410,0.6088823,0.3911177
47621,0.5166472,0.48335278
37671,0.0420323,0.9579677
25737,0.7284709,0.27152905
31391,0.26561794,0.73438203
61481,0.9871388,0.012861187
8418,0.54749924,0.45250073
64101,0.8945702,0.10542987
57853,0.9831129,0.016887104
45068,0.9699358,0.03006424
16136,0.0018263498,0.9981736
56559,0.7863688,0.21363123
12951,0.005534579,0.9944654
58547,0.03824683,0.96175313
34225,0.23807934,0.7619207
43289,0.22908871,0.7709113
36322,0.050080676,0.9499193
39361,0.65457773,0.34542227
34961,0.41746578,0.5825342
55509,0.8553945,0.14460555
3230,0.79164636,0.20835358
23704,0.6445031,0.35549688
57786,0.98632866,0.01367136
23767,0.021299256,0.9787007
46767,0.8506372,0.1493628
63403,0.44684303,0.553157
64771,0.8444856,0.15551443
48749,0.92244065,0.07755929
11013,0.21638744,0.7836126
46377,0.9028437,0.09715631
46268,0.9146788,0.085321225
8054,0.552764,0.44723597
39567,0.0031425178,0.9968575
9895,0.2804325,0.71956754
52071,0.70396096,0.29603904
34031,0.27202472,0.72797525
5321,0.50946325,0.49053672
50488,0.934109,0.06589095
55226,0.50895405,0.49104592
63761,0.7264078,0.27359214
59738,0.8285888,0.17141125
15828,0.0021729998,0.997827
19964,0.0059460504,0.994054
1107,0.44585666,0.5541433
5504,0.8232882,0.17671175
39755,0.0029836248,0.99701643
35537,0.7957821,0.20421791
9206,0.12467693,0.87532306
27128,0.0031607165,0.9968393
11047,0.16365604,0.836344
48514,0.7929877,0.20701233
37286,0.035665806,0.9643342
27057,0.030012185,0.9699878
51088,0.9311167,0.0688833
6589,0.95761734,0.042382695
3472,0.5417805,0.45821953
57291,0.7782031,0.22179689
417,0.2671277,0.7328723
9404,0.56119883,0.43880123
50290,0.6954046,0.3045954
47212,0.6310926,0.3689074
31556,0.21434854,0.78565145
14307,0.60825723,0.39174277
45965,0.9003224,0.09967765
61542,0.84056824,0.15943174
39533,0.108872466,0.8911276
47798,0.09334264,0.9066574
20361,0.83053887,0.16946116
45078,0.90918005,0.09081991
2096,0.8294693,0.17053074
62190,0.71825945,0.28174055
60797,0.5123991,0.48760098
56364,0.9088039,0.09119616
13089,0.7334565,0.26654348
37304,0.116836,0.883164
40704,0.03407003,0.9659299
58276,0.9403785,0.059621513
33497,0.2042239,0.79577607
36686,0.05055607,0.94944394
29119,0.07001014,0.9299899
24756,0.02001014,0.9799898
15338,0.028643595,0.97135645
21370,0.3814436,0.6185564
50727,0.8987871,0.10121296
53163,0.51690876,0.48309124
48,0.21389851,0.78610146
20944,0.14989993,0.85010004
23382,0.012183926,0.98781604
44953,0.9673267,0.03267329
43994,0.9202226,0.07977745
860,0.5638449,0.4361551
37899,0.087164216,0.9128357
50387,0.9122211,0.087778896
59118,0.03816896,0.961831
26198,0.0022507869,0.99774915
10531,0.33840388,0.6615962
52166,0.67229146,0.32770857
43263,0.026284073,0.9737159
34731,0.62765837,0.37234157
37426,0.44356254,0.55643743
7891,0.346791,0.65320903
52083,0.4706289,0.52937114
52463,0.7317249,0.26827508
63069,0.6255132,0.3744868
15681,0.038594704,0.9614053
15606,0.0024246606,0.99757534
319,0.04217281,0.95782715
25243,0.10090944,0.8990905
23408,0.01682153,0.98317844
54203,0.85698587,0.14301409
58013,0.96975917,0.030240823
48644,0.92177707,0.07822296
45293,0.7054365,0.29456344
12379,0.69876856,0.30123147
21976,0.46236652,0.5376335
26339,0.0018618187,0.9981382
31415,0.098673806,0.90132624
16405,0.021606268,0.97839373
26167,0.013833329,0.9861667
7528,0.7190619,0.2809381
11248,0.0019221416,0.99807787
55486,0.37030372,0.6296963
10809,0.3156544,0.68434554
64091,0.83505875,0.16494119
30888,0.170497,0.829503
43562,0.9153227,0.08467721
4261,0.026056718,0.97394335
29709,0.23225366,0.7677464
35947,0.024745932,0.97525406
49070,0.8849498,0.11505018
16622,0.00046640777,0.99953365
48390,0.6552142,0.3447858
59640,0.5631727,0.43682733
16679,0.022223921,0.9777761
43954,0.49429166,0.50570834
13870,0.485665,0.514335
38392,0.006410072,0.99359
55065,0.7942274,0.2057725
10975,0.9174203,0.08257968
3554,0.3533145,0.64668554
764,0.13842651,0.8615735
35924,0.013983008,0.98601705
21964,0.64128953,0.35871053
3449,0.046416692,0.95358336
52888,0.7631974,0.23680255
36343,0.05387802,0.946122
41226,0.073911056,0.9260889
26207,0.0047795526,0.9952205
4993,0.282003,0.717997
7360,0.8772059,0.12279407
53614,0.25955033,0.7404497
35909,0.11816531,0.88183475
51281,0.7271812,0.27281877
22577,0.0038217194,0.99617827
46698,0.9318604,0.0681396
8424,0.24899837,0.75100166
41412,0.014131307,0.9858687
60785,0.6045429,0.3954571
12422,0.33939537,0.66060466
9598,0.0836826,0.9163174
23329,0.009619133,0.9903808
55491,0.63376886,0.36623108
1831,0.33170995,0.6682901
64489,0.6674109,0.3325891
25070,0.014639492,0.98536056
13245,0.5924792,0.4075207
19774,0.0015727166,0.9984273
37689,0.0053283293,0.99467164
55270,0.6786605,0.32133943
16988,0.00835892,0.99164104
9521,0.82274663,0.1772533
4418,0.7074764,0.29252365
63234,0.8624889,0.13751106
14403,0.3865173,0.6134827
50089,0.8641374,0.13586254
61568,0.99859387,0.001406063
16578,0.015458132,0.9845419
61495,0.94754905,0.05245091
28758,0.01491348,0.98508656
11935,0.62898594,0.37101412
20384,0.8613433,0.13865663
8930,0.40615883,0.5938412
13934,0.26449117,0.7355088
27339,0.012694409,0.9873055
52939,0.848241,0.15175895
18127,0.0015140221,0.998486
57594,0.9997807,0.0002192973
20130,0.00026579454,0.9997342
6799,0.7367117,0.2632883
41195,0.018234024,0.981766
47733,0.94243526,0.0575647
62945,0.96236295,0.03763708
22604,0.039950468,0.96004957
40235,0.0007591192,0.9992409
49008,0.9163322,0.08366777
56689,0.97859484,0.021405129
38187,0.00082989683,0.9991702
22387,0.015885066,0.984115
41958,0.050165445,0.9498345
38548,0.144763,0.85523707
23435,0.0051435013,0.9948565
64269,0.4038508,0.59614927
8288,0.8410941,0.15890597
27399,0.082934365,0.9170657
6718,0.0036746943,0.9963253
61880,0.85073686,0.14926314
8047,0.8076745,0.19232541
24254,0.00027773212,0.9997223
43798,0.87222016,0.1277798
39580,0.0033538148,0.9966461
63665,0.9242672,0.07573286
64532,0.91494495,0.085055046
1495,0.48118863,0.51881135
10375,0.45409337,0.54590666
45762,0.8710173,0.12898272
20242,0.0020563547,0.9979437
30331,0.008157498,0.9918425
57726,0.93892556,0.06107446
47807,0.82849926,0.17150079
25140,0.027896464,0.97210354
37281,0.020750063,0.9792499
32019,0.066824056,0.933176
40805,0.045497213,0.9545028
29465,0.0068919812,0.99310803
49531,0.81471974,0.18528025
18224,0.0006960393,0.99930394
33007,0.2059777,0.7940224
45271,0.90480244,0.095197596
60678,0.4288844,0.5711156
43315,0.37091732,0.6290827
22706,0.14318894,0.8568111
12316,0.65334505,0.34665492
20218,0.014518528,0.98548156
57916,0.99084914,0.009150892
26924,0.006307628,0.9936924
16645,0.011048215,0.98895174
45113,0.7503514,0.24964853
39076,0.036116324,0.96388364
40830,0.08841601,0.91158396
21307,0.056389377,0.94361067
34398,0.56513864,0.43486133
50733,0.8922178,0.10778214
20672,0.058829945,0.94117004
3106,0.52782077,0.47217926
27107,0.16269065,0.83730936
16402,0.0140079465,0.985992
29825,0.00822908,0.991771
38907,0.0005216927,0.9994783
42420,0.085549936,0.91445005
22968,0.0044708736,0.9955291
18796,0.0005409319,0.9994591
25522,0.029759632,0.97024035
30841,0.15370038,0.8462996
62553,0.86949986,0.13050006
30864,0.3321846,0.6678154
40482,0.0034089424,0.9965911
48944,0.75528103,0.24471897
22316,0.0062831882,0.9937169
26158,0.025613904,0.9743861
48992,0.9464075,0.05359248
11100,0.009758814,0.99024117
12896,0.09183359,0.9081664
29989,0.68074286,0.31925714
12068,0.9265171,0.07348294
58304,0.97662157,0.023378389
20828,0.40394178,0.5960582
44092,0.85985214,0.14014792
61391,0.7481404,0.25185964
60088,0.7745821,0.22541791
43103,0.040167913,0.9598321
35114,0.5559987,0.4440013
45124,0.53201896,0.467981
44481,0.9731752,0.026824731
31357,0.13627069,0.8637293
1661,0.32804474,0.6719552
31047,0.4347723,0.5652276
18570,0.0132356705,0.9867643
62755,0.98238784,0.017612144
41284,0.18330574,0.81669426
11999,0.1337126,0.86628735
3707,0.57560444,0.42439553
9042,0.3395333,0.66046673
15384,0.20436308,0.79563695
32374,0.5370686,0.46293142
25492,0.21211232,0.7878877
27838,0.028311897,0.97168815
54354,0.8932422,0.106757835
52066,0.7952122,0.20478779
51033,0.9482878,0.0517122
55377,0.17753097,0.822469
15075,0.13729997,0.86270005
38489,0.06293689,0.93706316
30823,0.1692241,0.83077586
28070,0.011852133,0.9881479
3166,0.7273706,0.27262938
57468,0.7127016,0.2872984
37414,0.030358538,0.9696415
39979,0.0023704933,0.9976295
51315,0.59373766,0.40626237
50114,0.7279659,0.27203414
24286,0.0020421154,0.9979578
18063,0.016396672,0.98360336
64671,0.80048627,0.19951376
44518,0.79805905,0.20194092
55123,0.80040103,0.19959897
30369,0.00258441,0.99741554
11179,0.23482393,0.76517606
54325,0.6244039,0.37559614
54245,0.26966187,0.7303381
19398,0.0016321641,0.99836785
60637,0.18979867,0.8102014
31273,0.1340688,0.8659312
3543,0.84261084,0.15738912
30586,0.0129691465,0.9870308
44141,0.8016574,0.19834264
42863,0.34614596,0.653854
7250,0.6511277,0.34887227
33791,0.3239527,0.6760473
57178,0.96570355,0.034296423
40708,0.3403829,0.6596171
15330,0.1600474,0.8399526
10281,0.20784993,0.7921501
23148,0.031409737,0.9685903
60448,0.4291024,0.57089764
4423,0.96175236,0.03824762
51303,0.960784,0.039215967
1962,0.64753866,0.3524614
34055,0.34282318,0.6571768
32403,0.049330916,0.9506691
61562,0.6508413,0.34915873
34654,0.77852374,0.22147624
24170,0.001215117,0.99878484
16218,0.26977858,0.73022145
56962,0.93894583,0.06105413
21094,0.062495794,0.93750423
8172,0.7151967,0.28480324
24116,0.04413399,0.955866
30242,0.07717862,0.9228214
32703,0.39836025,0.60163975
57386,0.82871044,0.17128953
55642,0.10721085,0.8927891
22724,0.006520519,0.9934795
14620,0.22312884,0.77687114
29884,0.7372108,0.26278922
40393,0.03815974,0.9618403
59246,0.42185664,0.57814336
11664,0.48490196,0.5150981
18363,0.02720236,0.97279763
43080,0.0911427,0.90885735
57034,0.96570134,0.034298684
62786,0.7264184,0.2735816
19033,0.002450339,0.9975497
14641,0.46465212,0.5353479
7245,0.34598476,0.6540153
10696,0.49816543,0.50183463
28380,0.20921686,0.7907831
14878,0.43254402,0.56745595
2360,0.5554159,0.44458407
26729,0.008500597,0.99149936
61180,0.9986008,0.0013991945
5599,0.66822183,0.3317782
8968,0.9380836,0.061916437
10650,0.40437645,0.59562355
33221,0.40327924,0.5967207
52955,0.7339933,0.26600677
49591,0.8019278,0.19807225
4922,0.73108405,0.26891598
61707,0.7651308,0.23486921
55165,0.77463275,0.22536725
8422,0.34133026,0.6586697
15802,0.00066736754,0.9993326
63619,0.9419187,0.05808133
34548,0.81507504,0.18492495
30306,0.70206296,0.29793698
53039,0.87567824,0.12432178
15102,0.79619247,0.20380753
44684,0.923595,0.07640496
33803,0.4110342,0.5889658
34387,0.8111162,0.18888374
10402,0.23603775,0.76396227
47084,0.9232353,0.07676475
25673,0.23079598,0.769204
35785,0.3358291,0.6641709
57225,0.9799483,0.020051766
9914,0.406176,0.59382397
10958,0.49505374,0.50494623
11563,0.37105477,0.6289453
27086,0.18422046,0.81577957
54798,0.012130965,0.98786896
37812,0.0023436486,0.99765635
9168,0.7603886,0.2396114
23824,0.022323215,0.9776768
54978,0.7332623,0.26673767
35240,0.81785685,0.18214314
48453,0.908519,0.09148091
5910,0.4961652,0.50383484
64640,0.76473045,0.23526962
8563,0.1051806,0.8948194
28706,0.0060454565,0.9939546
17427,0.002090386,0.9979096
37323,0.012912442,0.9870876
31604,0.1778583,0.8221417
22966,0.00861072,0.99138933
16993,0.0014984501,0.99850154
53398,0.47797137,0.5220286
45491,0.82417136,0.17582864
28127,0.018597852,0.9814021
62946,0.82362765,0.17637236
56605,0.8534344,0.14656563
8182,0.49601033,0.50398964
36594,0.04686508,0.9531349
9200,0.2358726,0.7641274
33666,0.6386253,0.3613747
9709,0.4382238,0.56177616
17259,0.005374954,0.99462503
53135,0.72199494,0.278005
50705,0.4417012,0.55829877
34860,0.8113496,0.18865043
17743,0.00035849097,0.99964154
60574,0.3254764,0.6745236
63020,0.8742204,0.12577961
3090,0.38706654,0.61293346
44903,0.8909486,0.1090514
64417,0.8439438,0.1560562
11252,0.0045676334,0.9954324
15551,0.011152425,0.9888476
36216,0.02906752,0.9709325
19862,0.0040032067,0.99599683
6421,0.73290867,0.26709133
60978,0.8854755,0.114524476
42457,0.037868705,0.96213126
32662,0.13483228,0.8651677
29381,0.3675289,0.63247114
47634,0.5133522,0.48664784
21418,0.027898984,0.97210103
1373,0.74043465,0.25956535
63099,0.78588486,0.21411514
26350,0.0007052759,0.99929476
31852,0.05974022,0.94025975
4062,0.013402025,0.9865979
42284,0.04356477,0.9564352
16521,0.010186798,0.98981315
27249,0.03661556,0.9633844
46881,0.55245215,0.44754785
30700,0.2924198,0.7075802
34754,0.7443129,0.2556871
3018,0.55050874,0.44949126
60629,0.39961487,0.6003851
59881,0.8219186,0.17808144
49836,0.9537053,0.046294704
63741,0.63309574,0.36690426
16168,0.001513486,0.9984865
30023,0.018419368,0.9815807
57365,0.99916756,0.00083251053
35319,0.6871007,0.31289926
20093,0.0006087051,0.9993913
24726,0.82723033,0.17276965
24344,0.0026408916,0.9973591
58081,0.9679914,0.032008618
32831,0.43241772,0.56758225
6833,0.6336548,0.3663453
65233,0.7959343,0.2040657
55231,0.7549094,0.24509065
55831,0.6689148,0.33108523
29721,0.12840916,0.87159085
16563,0.0073322854,0.99266773
62394,0.96434724,0.03565277
18662,0.0017302041,0.9982698
14493,0.17743035,0.82256967
47061,0.7632759,0.23672403
13104,0.065182835,0.93481714
55971,0.999549,0.0004510563
51250,0.86247396,0.13752605
33527,0.33836257,0.66163737
46851,0.7559421,0.24405786
49218,0.80014116,0.19985887
45108,0.4938038,0.5061962
45238,0.96761113,0.032388832
19801,0.0016490591,0.998351
63738,0.67150104,0.32849896
23791,0.31675413,0.68324584
28619,0.08226852,0.91773146
48892,0.8756949,0.124305084
46784,0.9167255,0.083274454
55147,0.75975573,0.24024428
50060,0.7519408,0.2480592
44964,0.96107954,0.03892043
16600,0.0055247466,0.9944753
6603,0.1963846,0.80361545
15925,0.023041481,0.97695845
20423,0.137603,0.862397
53067,0.695158,0.30484203
60280,0.21679641,0.7832036
3660,0.9092016,0.09079837
23232,0.009181384,0.99081856
40753,0.3458289,0.65417117
25837,0.003942784,0.9960573
20349,0.014311482,0.98568857
45904,0.7690826,0.2309174
30692,0.0049868645,0.99501306
6973,0.80581266,0.19418731
14121,0.014689031,0.98531103
44520,0.7482207,0.25177932
16812,0.012386159,0.9876138
5851,0.22454049,0.7754595
43952,0.4142688,0.5857312
32437,0.09338446,0.90661556
6269,0.7745681,0.22543193
31452,0.10572029,0.89427966
36682,0.0096825315,0.99031746
33258,0.35501713,0.6449829
33730,0.101869315,0.8981307
2532,0.16578878,0.83421123
41706,0.052895937,0.9471041
2281,0.8611138,0.13888618
24851,0.03936345,0.96063656
41407,0.024527445,0.9754725
42783,0.0087698195,0.99123025
51465,0.9162325,0.08376748
58116,0.9508651,0.049134873
63014,0.7043671,0.2956329
22018,0.13914606,0.86085397
28685,0.025730252,0.9742698
53554,0.8835217,0.11647832
33514,0.15431477,0.84568524
12342,0.5332287,0.46677125
60709,0.4995309,0.500469
38120,0.14308289,0.85691714
18476,0.0017127793,0.99828726
23014,0.013588087,0.9864119
57758,0.9882244,0.011775658
57099,0.9329346,0.0670654
32443,0.2022742,0.79772574
6736,0.20721082,0.7927892
1348,0.8998768,0.100123286
52954,0.6822141,0.3177859
20362,0.5253579,0.47464207
48548,0.916434,0.08356594
17556,0.00053292885,0.9994671
3913,0.10623749,0.89376247
9961,0.33081377,0.66918623
2087,0.9067251,0.09327495
43964,0.8450473,0.15495272
33662,0.32730997,0.6726901
25122,0.14009133,0.8599087
61427,0.90505916,0.09494078
6668,0.6174482,0.38255176
4776,0.47755298,0.52244705
46758,0.77137786,0.22862211
50276,0.848758,0.15124203
65068,0.8372074,0.16279262
43625,0.834923,0.16507696
64003,0.9660075,0.033992518
33337,0.2175061,0.7824938
45334,0.6634613,0.33653867
42177,0.19010206,0.80989796
21028,0.041369155,0.9586309
28817,0.15598391,0.8440161
15916,0.069314525,0.93068546
23881,0.21732014,0.78267986
8654,0.64562964,0.3543703
11226,0.5562621,0.44373792
24411,0.052320104,0.9476798
36237,0.0028448286,0.9971552
32950,0.30864063,0.6913594
52133,0.61260843,0.3873916
52227,0.5196211,0.48037896
30767,0.0017296046,0.9982704
61694,0.98568153,0.014318437
34147,0.30575314,0.6942468
50521,0.74694484,0.25305516
32781,0.16521598,0.83478403
44190,0.73504674,0.26495326
34396,0.77551556,0.22448447
19185,0.026345016,0.9736549
19607,0.0017998018,0.9982002
42623,0.029483762,0.97051626
54866,0.7269521,0.27304795
61620,0.88417596,0.11582402
45469,0.89286053,0.10713945
15522,0.0060796025,0.99392045
1545,0.5644239,0.43557605
57039,0.9573142,0.042685825
48086,0.6975034,0.3024966
16497,0.0026369744,0.99736303
10695,0.19608687,0.8039132
30663,0.006716802,0.99328315
5254,0.8966477,0.10335236
26427,0.45776725,0.5422327
12086,0.005898575,0.99410146
8711,0.6233287,0.3766713
48929,0.92485464,0.07514538
16991,0.0022617145,0.99773824
24527,0.13627695,0.86372304
34725,0.58246243,0.41753757
12130,0.69198704,0.308013
56464,0.713919,0.286081
6086,0.8101402,0.18985982
40676,0.018293157,0.9817068
30446,0.001857013,0.99814296
18417,0.0011757945,0.9988242
57070,0.905943,0.09405697
35407,0.8627118,0.13728823
42165,0.06305815,0.93694186
65189,0.61517984,0.3848202
17245,0.0004270049,0.99957293
11957,0.31492618,0.68507385
23294,0.0038957184,0.99610436
972,0.6766252,0.3233748
9563,0.36266667,0.63733333
19119,0.0027889635,0.99721104
11698,0.61923456,0.38076547
46026,0.7869102,0.21308985
9230,0.6159849,0.38401505
49447,0.56547934,0.4345207
51479,0.5795341,0.42046592
65009,0.84010077,0.1598992
54651,0.21176112,0.7882388
5127,0.7305842,0.2694158
18880,0.0005183272,0.99948174
23781,0.030708611,0.9692914
7681,0.025055721,0.9749443
14840,0.20457515,0.7954249
47678,0.8433915,0.15660849
61007,0.6785121,0.32148793
38615,0.016156502,0.9838435
53271,0.5111139,0.48888612
32830,0.15297392,0.84702605
9352,0.031234872,0.96876514
50932,0.7822337,0.2177663
54471,0.547688,0.452312
41182,0.39452097,0.605479
39380,0.46980882,0.5301911
34288,0.25885546,0.7411446
20239,0.0010769115,0.998923
16250,0.00088346197,0.9991165
6535,0.42112267,0.5788773
53652,0.8709531,0.12904695
47576,0.8382255,0.16177453
3848,0.008207659,0.9917923
55392,0.22530903,0.774691
35811,0.21179631,0.78820366
42347,0.017912192,0.9820878
29408,0.008630949,0.99136907
53009,0.41054735,0.5894526
24784,0.07946327,0.9205367
20335,0.010255793,0.98974425
57657,0.9998331,0.00016684375
58892,0.26342052,0.73657954
34577,0.7748531,0.22514689
3972,0.009563039,0.990437
37679,0.113694265,0.88630575
36901,0.008374044,0.9916259
3799,0.7742651,0.2257349
1001,0.69658756,0.30341244
34287,0.26131502,0.738685
50952,0.969913,0.030087018
7507,0.19804864,0.8019514
35261,0.3471589,0.6528411
60310,0.38535994,0.61464006
15565,0.0142966295,0.9857034
5414,0.8589473,0.14105272
62355,0.96065503,0.039344914
20990,0.16748197,0.83251804
29720,0.62709635,0.37290367
23787,0.030897768,0.9691022
30370,0.05770988,0.9422901
35675,0.04901724,0.9509828
42860,0.013374558,0.98662543
22251,0.021533782,0.9784662
3109,0.03750138,0.96249866
49758,0.7552246,0.24477543
6435,0.6893978,0.31060222
44548,0.94182795,0.0581721
4709,0.8446682,0.15533172
35525,0.68901277,0.31098723
16655,0.0071030264,0.992897
6529,0.5892869,0.41071305
24311,0.064721204,0.9352788
25032,0.007314769,0.9926852
52844,0.8433662,0.15663376
17761,0.0013364083,0.99866354
19152,0.014242121,0.9857578
18111,0.013245488,0.9867545
54333,0.88710964,0.112890355
14806,0.007267724,0.99273235
33864,0.4476171,0.5523829
17146,0.00777484,0.99222517
12847,0.40107122,0.59892875
62482,0.98748,0.012520007
24025,0.0011171205,0.99888283
16275,0.0036929983,0.996307
55033,0.69750804,0.30249202
51625,0.75249785,0.24750218
63795,0.40913394,0.590866
39086,0.0014799386,0.9985201
63929,0.28065673,0.71934325
33809,0.47955552,0.52044445
49759,0.8940614,0.10593862
4400,0.25926152,0.74073845
27611,0.005468362,0.99453163
3073,0.22669281,0.77330726
30051,0.004909467,0.9950905
14132,0.114254005,0.885746
51844,0.760438,0.239562
31305,0.22289212,0.7771079
49966,0.901537,0.09846295
18881,0.065021805,0.93497825
8307,0.8277192,0.17228085
42329,0.77863085,0.22136919
36973,0.12416758,0.8758324
21261,0.6355114,0.3644886
55312,0.06536282,0.9346372
41837,0.0692672,0.9307328
37480,0.0023570308,0.99764293
14209,0.32088852,0.6791115
55302,0.11492625,0.8850738
12366,0.35194817,0.6480518
48062,0.5809371,0.4190629
40101,0.0072490866,0.9927509
23093,0.08761477,0.91238517
20466,0.86648065,0.13351932
39360,0.6005876,0.3994124
46963,0.6034644,0.39653555
46962,0.94031125,0.059688706
53416,0.8769801,0.12301983
29570,0.006424854,0.99357516
17314,0.0064655137,0.99353445
5099,0.5031847,0.4968153
47240,0.8751512,0.124848776
55298,0.76009434,0.23990563
61829,0.86949986,0.13050006
30996,0.034692157,0.96530783
2125,0.79447305,0.20552696
52082,0.9072903,0.09270976
9795,0.7730523,0.22694772
22916,0.008093704,0.9919063
21043,0.04394108,0.9560589
26597,0.5414733,0.45852664
62579,0.9058835,0.094116524
57555,0.99985206,0.00014786088
13277,0.008900828,0.9910992
62101,0.6021686,0.39783138
4968,0.20553471,0.7944653
60463,0.21337555,0.78662443
17217,0.009050474,0.9909496
58762,0.9634924,0.03650763
35083,0.35834172,0.6416583
39143,0.0017612217,0.9982388
42300,0.0068128663,0.9931872
54854,0.659035,0.3409649
40763,0.10240632,0.8975937
53059,0.55776703,0.44223294
43584,0.8909588,0.10904121
47738,0.79145324,0.20854674
63379,0.6847109,0.31528905
58508,0.96487904,0.035120934
14690,0.15658487,0.84341514
21015,0.5147396,0.48526043
29478,0.0009885093,0.9990115
31353,0.065421246,0.9345788
2309,0.612637,0.38736296
47763,0.6077206,0.39227936
4983,0.82050365,0.17949636
30269,0.00056989735,0.9994301
56452,0.88691115,0.113088824
35474,0.6706775,0.32932252
26499,0.24339305,0.75660694
51369,0.8464683,0.1535317
47346,0.91228503,0.08771492
58253,0.98855186,0.011448126
6237,0.22360806,0.776392
6630,0.14967653,0.8503235
13731,0.73026526,0.26973474
47358,0.88480735,0.1151927
18129,0.006602588,0.99339736
25899,0.009955858,0.9900441
36328,0.07858659,0.92141336
40127,0.00035427234,0.9996457
29765,0.06287407,0.937126
4460,0.77803206,0.22196792
32117,0.08828163,0.9117184
21858,0.20255564,0.7974444
16066,0.0037134662,0.9962865
32536,0.8236409,0.17635915
41844,0.0048334864,0.99516654
60635,0.55440825,0.44559178
45468,0.8554515,0.14454852
17702,0.0013011179,0.99869883
46271,0.21600924,0.7839908
8893,0.4484946,0.5515054
44822,0.96754766,0.03245235
40679,0.18590826,0.81409174
13272,0.62217253,0.3778275
52814,0.44883162,0.5511683
61985,0.711053,0.28894702
21966,0.16246745,0.8375326
39705,0.19928464,0.8007154
49148,0.6061175,0.39388245
32769,0.70422417,0.2957758
45905,0.60571635,0.39428365
54783,0.98511815,0.014881848
42565,0.2307289,0.76927114
58574,0.8498299,0.1501701
47007,0.7174539,0.2825461
17812,0.00041353662,0.9995865
45940,0.7667504,0.23324957
19089,0.0060991403,0.9939009
53936,0.6987091,0.30129093
58550,0.9131073,0.08689269
34330,0.32531944,0.67468053
54413,0.7843689,0.21563111
55643,0.75097334,0.24902669
42656,0.008994936,0.99100506
2397,0.6960783,0.30392167
18148,0.018619008,0.98138094
65203,0.81521,0.18478999
682,0.78990835,0.21009167
4188,0.003318186,0.99668175
8944,0.037354536,0.9626455
25692,0.14717051,0.85282946
63595,0.8528435,0.14715648
13666,0.10195398,0.89804596
31669,0.0568992,0.9431008
20151,0.00021016665,0.9997899
38188,0.0010453456,0.99895465
17175,0.006440836,0.9935592
41050,0.49965993,0.5003401
19322,0.0013964549,0.9986035
35493,0.8389296,0.16107039
55304,0.8751555,0.1248445
47536,0.7175834,0.2824166
41124,0.2084578,0.79154223
42729,0.1705785,0.82942146
46406,0.75758266,0.24241737
31020,0.03313353,0.9668665
55893,0.79786307,0.20213689
33856,0.3344058,0.6655942
64125,0.96187687,0.038123187
15753,0.0021409262,0.99785906
38508,0.018793918,0.9812061
4497,0.4996814,0.5003186
49044,0.97102284,0.028977154
26457,0.44699135,0.5530086
12456,0.56883305,0.431167
22785,0.0010594155,0.99894065
36091,0.004877176,0.99512285
18865,0.000573872,0.9994261
39026,0.005440209,0.9945598
5459,0.5623158,0.43768418
40752,0.074355535,0.9256444
1488,0.5745841,0.42541584
33295,0.364805,0.63519496
17834,0.063876115,0.9361239
64593,0.741819,0.25818098
58113,0.7859705,0.2140295
20918,0.10294314,0.8970568
55187,0.52331614,0.47668383
1766,0.3592081,0.6407919
43417,0.9200495,0.07995056
11929,0.0026698199,0.9973302
35803,0.34549293,0.6545071
45997,0.87691617,0.123083875
25061,0.034528032,0.9654719
58205,0.88986367,0.11013626
20470,0.4592713,0.5407287
3985,0.03747223,0.9625278
25154,0.003264697,0.9967353
56779,0.6325365,0.36746356
51283,0.90621066,0.093789354
13435,0.20526367,0.7947363
60160,0.48479223,0.51520777
51850,0.88755274,0.11244725
30026,0.015379617,0.98462033
1960,0.86512333,0.1348767
41326,0.008376721,0.9916232
28545,0.24512611,0.7548738
45055,0.86815727,0.13184272
49476,0.8771695,0.12283052
6087,0.83825785,0.16174217
27900,0.010697794,0.9893022
29143,0.0031230042,0.99687696
8596,0.36725,0.63275
46729,0.63814145,0.36185852
51986,0.7681492,0.23185077
20756,0.43425974,0.5657402
64717,0.768183,0.23181702
6672,0.5831344,0.4168656
26433,0.005962552,0.9940374
38001,0.020805955,0.979194
10278,0.58922577,0.41077426
48661,0.50738645,0.49261352
35776,0.27417934,0.7258206
56039,0.9437084,0.05629161
22275,0.006401615,0.99359834
59493,0.6363376,0.3636624
30976,0.4956318,0.5043682
33522,0.14522077,0.8547792
61860,0.96432674,0.03567327
43040,0.018605504,0.9813945
58033,0.9631747,0.036825355
5215,0.7096606,0.29033944
34901,0.8146948,0.1853052
5570,0.5651529,0.43484712
4663,0.38930824,0.6106918
6994,0.38021374,0.6197863
15611,0.024554534,0.9754455
40869,0.019510785,0.98048925
22274,0.0065194624,0.99348056
557,0.09941621,0.90058374
45761,0.9092176,0.09078242
32668,0.13901773,0.8609823
61777,0.8625263,0.13747375
50398,0.97019213,0.02980788
58306,0.95894915,0.04105084
14995,0.46650097,0.533499
37615,0.03671111,0.9632889
37991,0.016177239,0.98382276
32640,0.16148545,0.83851457
5467,0.56732696,0.43267304
51295,0.4273584,0.5726417
40325,0.0023707312,0.99762934
13935,0.1704552,0.82954484
46000,0.93104404,0.068956025
55650,0.5298649,0.47013512
59143,0.49921983,0.5007801
60078,0.3700571,0.6299429
19764,0.00891298,0.991087
47572,0.9252357,0.07476429
56856,0.99527067,0.0047293114
5390,0.8423867,0.1576133
1596,0.7892066,0.21079345
8562,0.7263763,0.27362373
1405,0.5821366,0.41786343
32792,0.28389487,0.7161051
53521,0.6655173,0.33448276
55512,0.69442004,0.30557993
27412,0.1647324,0.83526754
52108,0.9132652,0.08673477
59804,0.41169992,0.5883001
36620,0.03156373,0.9684363
37218,0.44765273,0.5523473
1111,0.7433218,0.2566782
60173,0.14469726,0.8553027
48091,0.7619614,0.23803867
30079,0.004887792,0.99511224
6761,0.6135756,0.3864244
16453,0.011165937,0.9888341
4048,0.27015597,0.729844
16200,0.1453708,0.8546292
43409,0.93674755,0.06325241
36525,0.00095433433,0.99904567
614,0.58139765,0.41860232
29248,0.5886578,0.41134217
15742,0.00048775668,0.9995122
44117,0.9002827,0.09971737
648,0.09949097,0.900509
2612,0.899946,0.10005402
28863,0.003259435,0.9967405
1229,0.26721242,0.7327876
60815,0.5800363,0.41996366
40841,0.024577403,0.9754226
2081,0.6414601,0.35853988
22918,0.014992593,0.98500746
22310,0.03907276,0.9609272
42693,0.7667496,0.2332504
62128,0.8708749,0.12912512
30836,0.11158871,0.88841134
16424,0.0069284146,0.9930716
53221,0.7522622,0.24773785
57969,0.9762574,0.023742555
13357,0.09653461,0.90346545
25343,0.0031679738,0.9968321
21145,0.10571308,0.89428693
49255,0.84481794,0.15518202
15271,0.0033830837,0.9966169
25251,0.01030015,0.98969984
10642,0.76042587,0.23957418
49249,0.79713583,0.20286416
14186,0.038767803,0.9612322
2566,0.52147573,0.4785242
45966,0.88470906,0.11529088
37617,0.017729089,0.9822709
13716,0.48284262,0.5171574
36205,0.03462,0.96538
51150,0.41770795,0.582292
45701,0.84005344,0.15994662
9303,0.30505696,0.694943
6515,0.828819,0.17118101
23495,0.0011832167,0.99881685
36278,0.020459041,0.979541
14000,0.6915148,0.30848527
3470,0.06450736,0.9354926
51203,0.96802473,0.031975295
61106,0.69366795,0.30633205
6601,0.03175012,0.96824986
32897,0.23217185,0.7678281
47413,0.51629937,0.48370066
42675,0.07023501,0.92976505
27040,0.027048182,0.9729518
63597,0.900095,0.09990502
57991,0.97848856,0.02151144
64381,0.55733806,0.44266188
53404,0.6363573,0.36364266
10261,0.3042025,0.6957975
44905,0.9023326,0.09766745
61838,0.81629294,0.1837071
58051,0.8756282,0.12437188
58920,0.3955745,0.60442543
56462,0.82885545,0.17114455
36659,0.3491167,0.65088326
29667,0.054968,0.945032
35152,0.53792816,0.46207184
16021,0.0018403254,0.9981597
42298,0.0021855847,0.9978144
17194,0.007161778,0.9928382
62735,0.7614761,0.23852395
63128,0.8958133,0.10418666
20421,0.49385348,0.5061465
2526,0.5988028,0.4011972
5264,0.4642725,0.53572744
35072,0.9457335,0.054266464
34939,0.1582557,0.8417443
28690,0.026642019,0.9733579
57136,0.9449768,0.055023212
3872,0.82889384,0.17110613
21181,0.084355466,0.9156445
55040,0.6948886,0.30511144
19875,0.00020493401,0.99979514
62877,0.8518739,0.14812614
31178,0.063867815,0.93613225
34652,0.5520195,0.4479805
38953,0.0017341205,0.9982659
10534,0.34250906,0.6574909
52209,0.79065084,0.2093491
13312,0.064217694,0.9357823
23281,0.0007452005,0.99925476
51118,0.9321103,0.06788971
54252,0.33023924,0.66976076
41750,0.018884744,0.9811152
2804,0.299812,0.700188
13220,0.0051005925,0.99489945
4774,0.62036645,0.37963358
52529,0.38832942,0.61167055
5793,0.46278006,0.53721994
31639,0.18724103,0.812759
60956,0.69738203,0.30261803
33931,0.28880554,0.7111945
9815,0.42268047,0.5773195
446,0.36787385,0.63212615
45264,0.9308938,0.069106214
13795,0.34389806,0.6561019
5854,0.7015511,0.29844892
27699,0.00041534562,0.9995846
10512,0.7547271,0.24527285
56369,0.91216123,0.0878387
9292,0.6205063,0.37949377
38181,0.0031756053,0.9968244
7277,0.34456566,0.65543437
51359,0.9383943,0.061605684
56074,0.96577317,0.03422681
15477,0.016501255,0.98349875
39429,0.0014923881,0.99850756
59166,0.07427024,0.9257298
62351,0.66446924,0.3355307
42319,0.062419303,0.93758076
42711,0.07134697,0.928653
24020,0.0033819266,0.9966181
44007,0.4906405,0.5093595
62750,0.7430213,0.25697866
6208,0.63984114,0.36015886
16204,0.0015977542,0.9984023
40087,0.0044738925,0.99552613
64318,0.8830095,0.116990544
38312,0.032781202,0.96721876
25596,0.6985898,0.30141026
21444,0.45061287,0.5493871
22166,0.0388443,0.9611558
3889,0.03235598,0.96764404
37802,0.016417326,0.9835827
11716,0.420001,0.579999
34885,0.6405306,0.35946935
48803,0.86044985,0.13955022
3274,0.009330138,0.99066985
32716,0.20355207,0.7964479
16343,0.0519379,0.9480621
19907,0.00039363676,0.99960643
41907,0.8604892,0.13951083
13602,0.6335897,0.36641037
20176,0.0037493317,0.9962507
29249,0.01870156,0.98129845
52683,0.9076076,0.09239236
39369,0.364188,0.635812
21353,0.022398831,0.9776012
59887,0.7234154,0.27658466
51446,0.9169151,0.08308492
3539,0.08636931,0.91363066
48090,0.91252494,0.08747512
63966,0.96161205,0.03838798
37511,0.00788802,0.9921119
18551,0.00050968333,0.99949026
58620,0.7183615,0.28163853
35861,0.15976381,0.8402362
43195,0.611239,0.38876098
56807,0.97857475,0.021425236
31963,0.23208816,0.7679118
41679,0.058973234,0.94102675
3718,0.29162902,0.708371
12476,0.064975366,0.9350246
4056,0.174109,0.825891
29244,0.45428166,0.5457184
41945,0.010419022,0.989581
53190,0.47206843,0.5279316
55480,0.15642466,0.84357536
4058,0.11408655,0.88591343
37178,0.22775665,0.7722434
58184,0.99199367,0.008006303
25663,0.57237244,0.42762756
8811,0.89502656,0.10497336
58374,0.98064625,0.019353779
25484,0.51156116,0.48843884
61673,0.95048815,0.049511835
24396,0.0035752247,0.99642473
44254,0.95354784,0.04645215
21424,0.0031622068,0.99683774
5095,0.8903856,0.10961439
11997,0.2930185,0.70698154
27879,0.004229133,0.9957709
28590,0.39558727,0.60441273
15386,0.7989086,0.20109142
24629,0.0030033821,0.99699664
25367,0.0016571475,0.9983429
23587,0.014011385,0.9859886
13383,0.30164635,0.69835365
38863,0.00047523738,0.99952483
34862,0.5917392,0.40826082
7262,0.65330833,0.34669164
1922,0.4740133,0.5259867
7903,0.3618755,0.63812447
45723,0.8261765,0.17382345
24601,0.0055168453,0.9944832
56983,0.9779685,0.022031525
7546,0.42401642,0.5759836
25313,0.0077590123,0.992241
29088,0.021745611,0.97825444
31255,0.10418381,0.89581615
9669,0.6939164,0.3060836
17318,0.00348501,0.9965149
61213,0.34274724,0.6572528
5960,0.82802254,0.17197748
17201,0.05601296,0.9439871
20904,0.11130491,0.88869506
65099,0.69435763,0.30564237
5515,0.48330143,0.51669854
38115,0.0040917033,0.99590826
25029,0.08245965,0.9175404
25063,0.05198061,0.9480193
45223,0.59159184,0.4084082
15223,0.14161891,0.8583811
19015,0.065200746,0.93479925
15142,0.30892003,0.69108
34515,0.5871737,0.41282633
62783,0.63804436,0.36195558
28552,0.012815307,0.9871847
43056,0.6307521,0.36924785
21193,0.1755591,0.8244409
59221,0.40197095,0.598029
36738,0.002620374,0.99737966
62738,0.49122822,0.5087717
63673,0.3176491,0.68235093
33637,0.42376277,0.5762372
12541,0.35031053,0.6496895
44277,0.588068,0.411932
33306,0.45799667,0.54200333
10842,0.43144652,0.56855345
8369,0.011854137,0.9881458
38278,0.02849149,0.97150856
11887,0.34084654,0.6591534
27252,0.050503578,0.9494964
52756,0.9371267,0.0628733
3162,0.83529574,0.16470423
34332,0.40512052,0.59487945
54151,0.9070172,0.09298288
33600,0.42465582,0.5753442
57626,0.99986565,0.00013430433
44689,0.9376513,0.06234871
46651,0.7933837,0.20661627
8427,0.22259952,0.77740043
38853,0.014793469,0.98520654
12641,0.130223,0.869777
62181,0.745752,0.25424808
63105,0.8517664,0.14823355
13645,0.33140683,0.6685931
26983,0.5107644,0.48923558
24514,0.00038413933,0.9996158
14402,0.0007231589,0.9992768
14836,0.01986984,0.9801302
56311,0.95125455,0.04874547
15567,0.021417802,0.9785822
16257,0.010512184,0.9894879
18386,0.0034816207,0.9965184
23945,0.08971115,0.9102888
55583,0.6404421,0.3595579
29770,0.0044227494,0.9955772
22058,0.19872436,0.8012757
36073,0.020554699,0.9794453
42432,0.003547041,0.9964529
24507,0.015437195,0.9845628
49466,0.7648082,0.23519185
43404,0.9387041,0.061295897
6934,0.8428002,0.15719981
52222,0.73300236,0.2669976
8362,0.2987449,0.70125514
37556,0.010532207,0.9894678
11696,0.5347027,0.46529728
33927,0.17852934,0.8214707
10827,0.060144685,0.9398553
63265,0.20315248,0.7968475
60531,0.26585045,0.7341495
61574,0.46385697,0.536143
4639,0.2581066,0.7418934
44217,0.97634965,0.023650343
49507,0.7261807,0.27381933
22592,0.29337922,0.7066208
40803,0.057367522,0.9426325
35765,0.4396911,0.5603089
52261,0.8594617,0.1405382
63859,0.3610835,0.6389165
25856,0.003580864,0.9964192
80,0.018493751,0.9815062
42005,0.48891172,0.5110883
40538,0.0053678034,0.99463224
54713,0.18936726,0.8106327
29654,0.1457649,0.85423505
41972,0.41901585,0.5809841
19375,0.054250844,0.94574916
16845,0.0009828912,0.9990171
20229,0.0014085525,0.9985915
15276,0.5414426,0.45855743
56912,0.97281355,0.02718648
58388,0.9745943,0.0254057
6065,0.6466653,0.35333475
47229,0.840773,0.15922707
56694,0.8729861,0.12701389
48420,0.761722,0.23827793
8482,0.7405902,0.25940984
4758,0.46965486,0.53034514
59099,0.66571426,0.3342857
29181,0.0014924208,0.99850756
25284,0.0038946047,0.9961054
13124,0.005059103,0.9949409
52352,0.6011706,0.39882937
18992,0.0051785214,0.9948214
60894,0.92139465,0.078605406
54805,0.88618684,0.113813214
14169,0.23464613,0.7653539
39851,0.007934788,0.99206525
50078,0.97665966,0.02334039
31859,0.19801506,0.8019849
29635,0.15237764,0.84762233
49952,0.68544656,0.31455344
4102,0.0011484136,0.99885154
40932,0.28652033,0.7134797
4421,0.7354116,0.26458848
54904,0.9671281,0.032871872
31140,0.12536755,0.8746324
11539,0.022407085,0.97759295
6801,0.17265473,0.8273453
1361,0.8953003,0.104699664
1520,0.8238486,0.17615138
45022,0.9643311,0.035668906
58108,0.8822751,0.11772494
18779,0.0004756582,0.99952435
47411,0.8560701,0.14392985
62070,0.9625879,0.037412122
2314,0.925432,0.07456795
31188,0.6414391,0.3585609
29439,0.0054854522,0.9945146
42210,0.029839406,0.9701606
30435,0.0017675689,0.9982324
60837,0.9991351,0.0008649831
60554,0.38966298,0.610337
39110,0.0023748633,0.9976252
61500,0.64640296,0.353597
47274,0.9141269,0.08587315
55395,0.43995303,0.560047
11452,0.098153204,0.90184677
43989,0.33115318,0.66884685
54397,0.29624805,0.703752
61041,0.8381415,0.16185844
63735,0.17843309,0.8215669
119,0.049113665,0.9508863
48101,0.92773145,0.072268575
13828,0.78068,0.21932
13810,0.66854733,0.33145267
58826,0.7422588,0.2577412
17670,0.013640922,0.98635906
15889,0.0007449328,0.999255
8798,0.26591176,0.7340882
51492,0.39213452,0.60786545
9127,0.17308736,0.82691264
40505,0.0040779584,0.9959221
27069,0.0076839128,0.9923161
32520,0.1316586,0.86834145
22609,0.20361888,0.7963811
7221,0.24741729,0.7525827
36401,0.011060148,0.9889398
17441,0.001803702,0.9981963
37709,0.0023693014,0.9976307
23186,0.11117569,0.8888243
59128,0.6689855,0.33101448
53411,0.2541325,0.74586755
63596,0.89925206,0.100747906
39916,0.02244141,0.97755855
19440,0.00065166096,0.99934834
34865,0.86501044,0.1349896
19993,0.03169119,0.96830875
46111,0.71791655,0.2820834
44750,0.8295514,0.17044859
42962,0.018375581,0.9816244
22347,0.0037831238,0.99621683
40834,0.071437575,0.92856246
52341,0.8562342,0.14376575
9177,0.46029872,0.5397013
50406,0.9385163,0.061483663
24451,0.00020065413,0.9997993
55623,0.67730194,0.32269803
17340,0.0013512623,0.9986487
51310,0.6485515,0.35144845
39065,0.02240089,0.97759914
30449,0.008955576,0.9910444
55241,0.53816056,0.46183944
10592,0.1448642,0.85513586
45085,0.5250492,0.4749508
29527,0.057563692,0.94243634
32468,0.13645816,0.86354184
40072,0.0015230639,0.9984769
35602,0.8644728,0.13552724
9906,0.50576746,0.49423254
18321,0.0027266028,0.9972734
41519,0.34642005,0.6535799
59995,0.673397,0.32660303
1747,0.906834,0.09316596
39298,0.0015319948,0.998468
40359,0.0035529817,0.996447
64569,0.4331197,0.5668803
23043,0.014834598,0.9851655
28505,0.21223752,0.7877625
34413,0.79147196,0.20852801
35523,0.24005188,0.7599481
7646,0.36554217,0.63445777
35574,0.81452185,0.18547817
5616,0.5755646,0.42443538
59274,0.5037626,0.49623737
12791,0.07771154,0.9222884
3776,0.79642695,0.20357305
40632,0.040829934,0.9591701
31284,0.09313084,0.9068692
42611,0.1275962,0.87240386
44922,0.91025335,0.08974663
14575,0.74032575,0.25967425
21204,0.10542317,0.89457685
564,0.052431412,0.9475686
48729,0.3853287,0.6146713
19491,0.0026063563,0.9973936
39209,0.003048242,0.9969517
32296,0.40566054,0.59433943
10685,0.073440015,0.92656
7345,0.2758631,0.72413695
56902,0.99952424,0.00047575295
17011,0.0020876762,0.99791235
48105,0.86034214,0.13965783
7343,0.2299354,0.7700646
44466,0.9462095,0.053790495
12579,0.11813257,0.88186747
47488,0.9406411,0.059358913
33160,0.28032818,0.7196718
61000,0.8038548,0.19614519
20459,0.6286345,0.37136546
30772,0.070584714,0.9294153
4890,0.83524853,0.16475151
14306,0.06696119,0.93303883
44205,0.8362067,0.16379334
38727,0.00796537,0.9920346
37593,0.022122608,0.97787744
10692,0.012555179,0.98744476
58882,0.69225043,0.30774957
8908,0.88741595,0.11258405
13701,0.7618095,0.23819049
32730,0.5825369,0.41746315
59224,0.49279004,0.50720996
57145,0.81416357,0.18583642
38049,0.0033479948,0.99665207
48675,0.6431166,0.35688338
43443,0.9094671,0.09053296
30946,0.56435853,0.43564144
12693,0.1523581,0.8476419
59579,0.6111885,0.38881156
41059,0.0055761007,0.9944239
57366,0.99608934,0.0039106607
41402,0.009523821,0.99047613
46479,0.28710917,0.71289086
48711,0.8003576,0.19964242
44693,0.9255509,0.07444919
1403,0.9392175,0.060782544
57426,0.9890631,0.010936863
55595,0.787224,0.21277596
10147,0.8414144,0.1585856
107,0.027569184,0.97243077
51578,0.61007077,0.38992923
57329,0.9927683,0.0072317263
35962,0.022751022,0.9772489
55678,0.45192364,0.5480764
2132,0.81174433,0.18825564
33278,0.40853393,0.59146607
1838,0.28998727,0.71001273
15461,0.059590083,0.94040996
47843,0.6085245,0.3914755
23050,0.0055921124,0.9944079
61005,0.8525899,0.14741015
10398,0.35706517,0.64293486
24504,0.0041276477,0.9958723
11676,0.068593495,0.93140644
39061,0.026303094,0.9736969
32697,0.063709594,0.93629044
23045,0.0029242602,0.9970758
26385,0.0103884805,0.9896115
590,0.14442757,0.85557246
61172,0.83533835,0.16466162
39787,0.00029854567,0.99970144
65020,0.79512805,0.20487195
6908,0.7564931,0.24350692
14098,0.4185355,0.58146447
40550,0.0009780695,0.9990219
21406,0.14127359,0.8587264
28982,0.10066462,0.8993353
12347,0.33078438,0.66921556
4404,0.22242786,0.7775721
53553,0.86870974,0.13129023
45731,0.44719622,0.55280375
60452,0.3235722,0.67642784
7198,0.5846403,0.41535968
27488,0.12448344,0.8755166
43701,0.5491872,0.45081282
45962,0.84086174,0.15913834
50736,0.95778483,0.04221515
15109,0.63292545,0.36707455
28705,0.011991676,0.9880084
18310,0.20375949,0.7962405
52178,0.8093074,0.1906926
31016,0.119065106,0.8809349
39526,0.047679503,0.95232046
38167,0.002178935,0.9978211
53033,0.4652718,0.5347282
4828,0.9245219,0.07547803
30536,0.10262206,0.8973779
35029,0.48705804,0.5129419
36386,0.009961876,0.99003816
33689,0.607257,0.39274296
17309,0.0038988446,0.99610114
202,0.36400443,0.63599557
35249,0.8929004,0.10709967
54997,0.8865604,0.11343964
19339,0.0030981603,0.99690187
40757,0.13175891,0.86824113
40015,0.0024156051,0.99758434
36627,0.017315734,0.9826843
18087,0.02255233,0.9774476
40779,0.039425272,0.96057475
47827,0.8050034,0.19499663
14625,0.35628435,0.6437157
51993,0.929239,0.070761025
42559,0.67173296,0.32826704
60466,0.39053866,0.6094613
18946,0.0052648587,0.9947351
6483,0.36564705,0.6343529
45972,0.93925095,0.060749006
60451,0.4229263,0.57707363
12471,0.24145189,0.7585481
59512,0.05746122,0.94253874
16820,0.012684434,0.98731554
42404,0.05510599,0.94489396
14014,0.004375593,0.9956245
416,0.24548258,0.7545174
51476,0.81644225,0.18355772
29984,0.009892692,0.9901073
56388,0.9996352,0.00036478054
16856,0.01903387,0.9809661
36424,0.0032896802,0.9967103
46583,0.7467155,0.25328445
26761,0.1878254,0.8121746
55635,0.7155347,0.28446537
39507,0.12965024,0.87034976
59736,0.5761748,0.4238252
3294,0.77785987,0.22214013
56240,0.9040848,0.09591513
22857,0.0037997805,0.99620026
41556,0.34614092,0.6538591
31741,0.06372717,0.93627286
1733,0.09973665,0.90026337
40985,0.07631056,0.9236895
8676,0.3105368,0.68946314
20131,0.001617161,0.9983828
42678,0.72868025,0.27131972
45498,0.8910722,0.1089278
7881,0.52673775,0.47326228
54202,0.8787946,0.12120535
23865,0.0027640108,0.9972361
61359,0.773899,0.22610095
25152,0.009022804,0.99097717
60625,0.44397253,0.5560275
60316,0.2553439,0.74465615
24913,0.010880953,0.98911905
37408,0.64210045,0.3578996
33272,0.4860861,0.51391387
30770,0.32372203,0.67627794
53464,0.77051085,0.22948912
47495,0.6578051,0.34219489
24540,0.013353288,0.98664665
31175,0.005374059,0.994626
53012,0.61369944,0.38630056
55978,0.9851704,0.014829565
20228,0.006246434,0.9937536
31146,0.08550786,0.91449213
62891,0.8630215,0.13697845
23508,0.016989954,0.9830101
20205,0.0438117,0.95618826
10634,0.745009,0.25499097
50654,0.4724064,0.5275936
5062,0.7450155,0.25498453
22958,0.0039088596,0.99609107
25860,0.013955659,0.9860444
23938,0.0017329454,0.99826705
48719,0.6819002,0.3180998
1591,0.64411706,0.3558829
31348,0.18354687,0.81645316
40940,0.05549849,0.9445015
3834,0.39929065,0.6007093
24817,0.08524119,0.9147588
9394,0.62877566,0.3712243
29281,0.08816913,0.9118309
10271,0.5245464,0.47545356
35169,0.773899,0.22610095
13000,0.20923674,0.79076326
29468,0.0007075627,0.9992924
49761,0.8148854,0.18511458
38359,0.010549563,0.9894504
41816,0.8267879,0.17321216
50361,0.75778496,0.24221508
36431,0.016682865,0.9833172
29804,0.044664487,0.9553355
48669,0.91477686,0.085223205
34426,0.6815107,0.31848934
3659,0.88341224,0.11658776
7290,0.581674,0.41832596
56927,0.97624445,0.023755541
23147,0.012945704,0.9870543
52328,0.50623757,0.4937624
17065,0.0014722596,0.99852777
41727,0.15862139,0.8413786
27421,0.070308596,0.9296914
4016,0.96403927,0.035960685
21264,0.36448413,0.6355158
49987,0.7229558,0.27704415
6210,0.5367368,0.46326315
60645,0.731487,0.26851296
14405,0.3102237,0.68977636
50910,0.59162253,0.40837747
39114,0.061301794,0.93869823
20735,0.66583514,0.33416486
24634,0.27741617,0.72258383
63833,0.6669316,0.33306834
39185,0.00059405743,0.999406
13558,0.0018518866,0.9981481
60711,0.2706502,0.7293498
35409,0.6165477,0.3834523
21238,0.7277902,0.27220982
54415,0.790835,0.20916493
10658,0.013685848,0.9863142
26310,0.04553337,0.95446664
2421,0.750272,0.24972805
25418,0.00043482217,0.9995652
57933,0.9811281,0.018871922
18201,0.0005813071,0.99941874
18019,0.008339472,0.99166054
7589,0.48814777,0.5118522
34453,0.88733524,0.11266479
37931,0.066327155,0.93367285
25810,0.25412053,0.7458795
2775,0.45868674,0.54131323
6414,0.1518262,0.84817374
55448,0.83503324,0.16496673
50385,0.96340543,0.036594566
31096,0.04419672,0.9558032
37491,0.03709102,0.962909
25790,0.2964931,0.7035069
48388,0.8037044,0.19629568
46394,0.96072227,0.03927776
32682,0.1121718,0.8878282
13408,0.65873295,0.34126702
55830,0.7159544,0.2840456
25511,0.00038834513,0.9996117
38171,0.0012195876,0.9987804
31195,0.59684426,0.40315577
21818,0.0025738606,0.9974261
63215,0.7864146,0.21358539
13206,0.05408194,0.9459181
410,0.03785592,0.9621441
45220,0.965107,0.03489301
35704,0.08174432,0.9182557
47858,0.82488394,0.17511602
6728,0.1662793,0.83372074
54600,0.58095396,0.41904604
40254,0.08945354,0.9105465
27132,0.0036067532,0.99639326
33700,0.39162436,0.6083756
14048,0.002508419,0.9974916
5980,0.75739664,0.24260332
45686,0.8357688,0.16423124
64176,0.496752,0.50324804
61978,0.92968726,0.07031278
53889,0.78425914,0.21574084
46383,0.97172177,0.028278148
3273,0.60522974,0.39477023
64918,0.83929294,0.16070709
45631,0.8185903,0.18140969
41630,0.034952197,0.96504784
20703,0.5398731,0.46012685
22714,0.009621858,0.99037814
55134,0.66400766,0.3359923
61028,0.962372,0.037627958
53155,0.62451303,0.3754869
35855,0.051090833,0.9489092
40931,0.42055327,0.5794468
8069,0.11944679,0.88055325
26688,0.0056383195,0.99436164
42498,0.19182698,0.808173
1631,0.80173564,0.19826436
9618,0.093018614,0.90698135
55441,0.55324316,0.44675687
39999,0.013381205,0.9866188
33038,0.2762764,0.7237236
31229,0.06472443,0.93527555
62487,0.80516714,0.19483289
9962,0.7143505,0.28564948
22809,0.022706654,0.9772933
28806,0.68353254,0.3164675
20635,0.1285942,0.8714058
45557,0.8799052,0.12009484
22865,0.017874664,0.9821254
28926,0.011589428,0.9884106
26379,0.0384772,0.9615228
64178,0.65316975,0.34683022
5135,0.96753335,0.032466643
54650,0.79375714,0.20624286
29084,0.006220161,0.99377984
22754,0.0077985697,0.99220145
27188,0.08330339,0.9166966
23474,0.00422727,0.9957728
20186,0.0026890633,0.997311
42219,0.01771287,0.9822871
20404,0.4451753,0.5548247
23991,0.011267295,0.9887327
56468,0.98549336,0.014506606
48268,0.9548055,0.045194477
9209,0.68911207,0.310888
1404,0.9296895,0.070310436
44721,0.93415165,0.06584832
22015,0.14801364,0.85198635
52625,0.85078204,0.14921793
31282,0.20063035,0.79936963
3908,0.04108327,0.95891666
50979,0.78605455,0.21394545
51876,0.9114518,0.088548124
44179,0.8106881,0.18931194
45211,0.7365651,0.2634349
25163,0.13888536,0.86111456
17961,0.023943607,0.97605634
51623,0.8188558,0.1811442
42698,0.017829128,0.9821708
26803,0.41454265,0.5854574
10007,0.6106741,0.38932586
20768,0.13659555,0.86340445
13656,0.76454943,0.23545055
57899,0.97738737,0.022612616
48891,0.95096624,0.049033754
62062,0.8806727,0.11932728
55983,0.9871933,0.012806677
39865,0.002707605,0.99729234
41604,0.12303979,0.8769603
16689,0.0053836303,0.9946163
6400,0.5810619,0.41893807
44477,0.9663756,0.033624355
36956,0.0095426915,0.9904573
30356,0.011140704,0.9888593
16122,0.0036382382,0.9963618
20272,0.0063186926,0.9936813
39338,0.08197527,0.9180247
54341,0.7241278,0.27587223
28027,0.02189085,0.9781091
45551,0.89673394,0.103266016
23968,0.012580078,0.9874199
56740,0.9763253,0.023674741
41718,0.06474209,0.9352579
45987,0.8744302,0.1255698
37953,0.007225625,0.99277437
59424,0.5148057,0.4851943
14670,0.19075455,0.80924547
63103,0.7638946,0.23610532
29273,0.006041068,0.99395895
9684,0.21650259,0.7834974
1211,0.7336692,0.26633084
14040,0.02745214,0.9725479
43305,0.4549906,0.5450094
61836,0.75659585,0.24340415
61720,0.9997161,0.00028390175
18751,0.00034872777,0.9996513
32094,0.7417729,0.25822708
56855,0.99662316,0.0033768981
22097,0.04461295,0.95538706
42364,0.87618005,0.12381995
44582,0.64732885,0.3526711
24561,0.020525124,0.9794749
34379,0.26113844,0.73886156
46060,0.87342274,0.12657723
46053,0.66297555,0.33702442
34283,0.2256041,0.7743959
11296,0.48069757,0.5193024
16638,0.0025784457,0.9974216
15392,0.67539614,0.32460383
27618,0.0071251793,0.99287486
10853,0.078159325,0.92184067
18950,0.0059650457,0.99403495
55927,0.9996381,0.00036185625
37800,0.022782164,0.97721785
55932,0.9555838,0.044416137
50939,0.87767124,0.1223287
26837,0.007300013,0.99270004
8002,0.5962244,0.40377554
64913,0.2988838,0.7011162
55914,0.9920879,0.007912076
10736,0.5451889,0.4548111
11737,0.08888372,0.91111636
36117,0.005800634,0.9941994
37295,0.03851529,0.96148473
1438,0.7426511,0.25734887
51666,0.9828721,0.01712785
11112,0.075435534,0.9245645
55267,0.75511914,0.24488084
2789,0.5461778,0.4538222
7082,0.012953018,0.98704696
27745,0.031621117,0.96837884
18805,0.00016112367,0.9998388
62771,0.7539668,0.24603319
62699,0.6397577,0.36024225
26602,0.68958133,0.3104187
2417,0.46403012,0.53596985
32285,0.29575855,0.70424145
57722,0.9574699,0.042530093
56753,0.9693043,0.030695703
34100,0.3790181,0.6209819
54419,0.8362909,0.16370907
20600,0.483571,0.516429
21683,0.62545466,0.3745453
50300,0.9655389,0.03446107
55135,0.7769554,0.22304462
39490,0.06264611,0.9373539
27475,0.61294854,0.3870514
5723,0.78174716,0.21825288
22053,0.79052955,0.20947044
43703,0.97971195,0.02028813
20565,0.4225038,0.5774962
8208,0.5286839,0.4713161
39565,0.0043066693,0.9956934
16048,0.00238683,0.9976132
21937,0.009942693,0.9900573
18820,0.00032613435,0.99967384
25093,0.109649405,0.8903506
36247,0.45541584,0.54458416
40652,0.08218803,0.917812
46614,0.8695699,0.13043007
33572,0.51464075,0.48535922
63316,0.5292073,0.47079265
18471,0.0005711684,0.9994288
64373,0.8515933,0.14840667
32761,0.17866448,0.8213355
23958,0.0034953589,0.99650466
26543,0.7535556,0.24644439
50787,0.6559797,0.34402028
31468,0.3727084,0.62729156
60277,0.26603642,0.7339636
50231,0.80338556,0.19661441
26123,0.008400743,0.9915992
10362,0.7155992,0.2844008
51642,0.84510016,0.15489984
54827,0.9016434,0.098356634
47219,0.65093327,0.3490668
47996,0.8299568,0.17004317
46277,0.93049204,0.06950798
37242,0.5642068,0.43579328
54632,0.8551101,0.14488989
41079,0.10742587,0.89257413
32209,0.076497674,0.92350227
30067,0.009663935,0.99033606
520,0.72187865,0.27812135
63958,0.9495077,0.05049231
36065,0.027057778,0.9729423
12705,0.006462054,0.99353796
15430,0.654609,0.34539095
29108,0.015192274,0.9848077
49868,0.98180133,0.018198598
29964,0.08057231,0.9194277
61196,0.7377445,0.26225552
43589,0.45952648,0.5404735
52109,0.7297461,0.27025387
50779,0.5067441,0.49325588
28961,0.012967476,0.98703253
32537,0.5989259,0.4010741
35460,0.52747166,0.47252834
48549,0.91885966,0.081140324
23046,0.00614191,0.99385816
27293,0.005362358,0.99463767
6545,0.9393175,0.060682528
9228,0.5282976,0.47170243
712,0.24745542,0.7525446
16162,0.06789431,0.93210566
6510,0.47542837,0.5245716
48655,0.71163297,0.288367
34581,0.61284405,0.387156
23937,0.004677953,0.99532205
47947,0.7958766,0.20412333
64302,0.8586419,0.14135809
7163,0.38702542,0.6129745
61894,0.9471257,0.052874323
60224,0.8391754,0.16082455
46099,0.74132955,0.25867048
14587,0.7551876,0.24481238
39396,0.12619635,0.8738037
11785,0.6906303,0.30936965
2466,0.7297229,0.27027708
17822,0.03750649,0.9624935
11964,0.047922913,0.95207703
59748,0.5858175,0.41418248
24607,0.7300426,0.26995745
50125,0.4885853,0.5114147
56717,0.9466757,0.053324245
54427,0.6428042,0.35719582
49018,0.7990272,0.20097278
47143,0.3759302,0.6240698
7640,0.59879494,0.40120503
12453,0.46700713,0.5329929
10916,0.07126803,0.928732
64641,0.416443,0.583557
13492,0.6413451,0.3586549
14725,0.04180292,0.95819706
14985,0.38684615,0.6131538
42440,0.13172564,0.8682744
33381,0.1650463,0.8349537
58321,0.90632766,0.093672395
19361,0.011005114,0.9889949
34528,0.49277875,0.5072213
37707,0.00072915305,0.99927086
19252,0.0013356971,0.99866426
25272,0.01855323,0.98144674
41845,0.05655778,0.9434422
57231,0.7724812,0.22751877
37871,0.05780578,0.9421943
13966,0.31112406,0.6888759
53114,0.7403389,0.25966105
51207,0.93368363,0.06631634
24804,0.13026589,0.8697341
48904,0.77801853,0.22198151
1967,0.7904723,0.2095276
137,0.05318214,0.9468178
47820,0.75576407,0.24423596
37921,0.04536691,0.95463306
8655,0.33283353,0.66716653
22921,0.007010325,0.99298966
4574,0.89184314,0.108156815
53077,0.9353895,0.06461048
32581,0.24953286,0.7504671
33478,0.22623259,0.7737675
44648,0.92971814,0.07028188
34051,0.25205198,0.747948
22868,0.0012701252,0.9987299
14786,0.48852342,0.5114766
29580,0.025132455,0.9748676
30620,0.06408997,0.93591
30424,0.032124836,0.9678752
18604,0.00022965885,0.99977034
18838,0.0026347071,0.9973653
24435,0.0032132491,0.9967867
12271,0.0006698488,0.99933016
18122,0.018762102,0.98123795
21381,0.031987105,0.96801287
35161,0.890946,0.10905406
26009,0.072478965,0.92752105
6432,0.77795756,0.22204244
15631,0.0060011465,0.9939989
28553,0.01508544,0.98491454
52600,0.4969248,0.5030752
51535,0.50718933,0.49281067
25011,0.001880082,0.9981199
47845,0.59549314,0.4045069
28393,0.15871699,0.841283
6145,0.37723655,0.6227635
2379,0.4697001,0.53029996
59681,0.6586482,0.34135184
1958,0.5591415,0.44085845
62434,0.9145764,0.085423574
58290,0.97879636,0.021203564
64716,0.878146,0.12185404
18951,0.0023575132,0.99764246
24833,0.048118338,0.9518817
39020,0.007090423,0.9929095
45170,0.5680871,0.43191287
41211,0.041064266,0.95893574
45266,0.807368,0.19263206
30558,0.44617745,0.5538225
35465,0.46304533,0.53695464
32161,0.2592497,0.7407504
3884,0.015521277,0.9844787
57966,0.9717215,0.02827857
62213,0.7813652,0.21863478
22623,0.5541878,0.44581228
5796,0.8337454,0.1662546
61347,0.6819343,0.3180657
9856,0.4861163,0.5138837
16073,0.0013928503,0.9986072
34820,0.5930079,0.40699205
11599,0.038637955,0.96136206
24240,0.00011249876,0.99988747
25131,0.09954789,0.9004521
24972,0.0019692613,0.9980307
49906,0.47267464,0.52732533
46325,0.9297939,0.070206106
8839,0.75183576,0.24816428
45764,0.92667127,0.073328786
46727,0.7820607,0.2179393
22655,0.00059787737,0.99940217
1322,0.44739464,0.5526054
31736,0.11069077,0.88930917
45785,0.6749389,0.32506102
61869,0.9459848,0.054015208
24520,0.0014771268,0.99852294
5426,0.45379665,0.5462034
49879,0.2742022,0.7257978
17206,0.0028671424,0.9971329
1492,0.652988,0.34701195
22048,0.8595054,0.1404946
33145,0.28267518,0.71732485
11651,0.08317914,0.9168208
65218,0.82973784,0.17026214
13962,0.48021087,0.5197891
33073,0.43661374,0.5633863
11951,0.24806818,0.7519318
56396,0.9996618,0.00033820572
61262,0.82539165,0.17460835
25913,0.027108515,0.9728915
45033,0.9457037,0.054296356
63465,0.51973337,0.48026666
36999,0.46447048,0.5355295
8990,0.5480944,0.45190555
46294,0.947758,0.05224201
935,0.1518999,0.84810007
30189,0.5897686,0.41023144
60903,0.944903,0.055096943
48776,0.7285652,0.27143478
24659,0.028997017,0.97100294
42645,0.010481576,0.98951846
3234,0.09659101,0.903409
31247,0.4116979,0.58830214
53311,0.70673966,0.2932603
21850,0.060014334,0.9399857
59756,0.15687609,0.8431239
17762,0.0023213706,0.9976787
57650,0.99973077,0.00026921363
60176,0.4684994,0.5315006
37490,0.037096355,0.9629037
56957,0.81409585,0.18590419
5545,0.73726875,0.2627312
53430,0.82856363,0.17143631
34243,0.15581092,0.84418905
16751,0.018178567,0.9818215
12942,0.52739656,0.47260347
10358,0.54716444,0.45283556
35133,0.37178192,0.62821805
54270,0.94860053,0.05139949
62710,0.9129838,0.08701626
11828,0.32853657,0.67146343
25699,0.26837146,0.7316285
8618,0.23147908,0.76852095
19857,0.0005812922,0.99941874
11855,0.90418005,0.09581994
38078,0.022949737,0.9770503
35896,0.017349256,0.9826507
43468,0.865219,0.134781
44333,0.92829156,0.07170846
4944,0.8242403,0.17575963
59690,0.31168613,0.6883139
52627,0.6370243,0.3629757
35304,0.8517664,0.14823355
24877,0.18521498,0.81478506
35053,0.2636951,0.73630494
40200,0.060585484,0.9394145
49691,0.7437726,0.2562274
21876,0.3184994,0.6815007
58949,0.02992938,0.9700706
54102,0.2416559,0.75834405
23351,0.045248087,0.9547519
539,0.63053286,0.3694671
44541,0.92463166,0.075368345
3633,0.7997064,0.2002936
38218,0.00013341136,0.9998666
13667,0.053567383,0.9464326
28708,0.014648698,0.9853513
62227,0.84056824,0.15943174
36255,0.69043565,0.30956435
6254,0.6668589,0.3331411
26411,0.03977409,0.9602259
37947,0.0060575306,0.99394244
32028,0.19107524,0.80892473
15130,0.045069773,0.9549302
40378,0.034916863,0.9650832
12183,0.35768327,0.64231676
6856,0.34709564,0.6529044
55931,0.95052326,0.049476814
31836,0.11398916,0.8860108
62217,0.94506335,0.05493671
31458,0.34833974,0.65166026
1943,0.5936005,0.40639952
24367,0.00043639494,0.99956363
19495,0.006648112,0.9933518
32149,0.2901847,0.70981526
32957,0.24123739,0.75876266
21880,0.64335537,0.35664466
31787,0.11024127,0.88975877
24313,0.010386192,0.98961383
39551,0.00038514883,0.99961483
18367,0.010723207,0.98927677
33496,0.20784748,0.79215246
43341,0.5471268,0.45287314
59105,0.48136598,0.51863396
60479,0.48371005,0.51628995
49974,0.6708513,0.32914865
57943,0.9721656,0.027834449
34126,0.27580613,0.7241939
58581,0.59658074,0.4034193
41877,0.03790138,0.9620986
28622,0.4421486,0.55785143
55761,0.90082425,0.09917573
15216,0.25148383,0.74851614
5496,0.5301509,0.4698491
58344,0.9776194,0.022380609
52893,0.8263146,0.17368539
47520,0.8520358,0.14796422
61604,0.40717828,0.5928218
5552,0.57250494,0.42749503
46025,0.8734945,0.12650552
18326,0.02456687,0.9754332
33077,0.83605593,0.16394407
45185,0.8691207,0.13087925
29153,0.03201612,0.96798384
39316,0.0002516494,0.9997483
31971,0.14280677,0.85719323
46751,0.8093635,0.1906365
23773,0.0034250666,0.99657494
62437,0.293214,0.70678604
60512,0.23137644,0.76862353
64526,0.7093178,0.29068223
22445,0.00066258025,0.9993374
57475,0.9996911,0.0003089525
20549,0.52830744,0.47169253
38786,0.0010956236,0.99890435
11177,0.0022318764,0.99776816
6471,0.28817388,0.7118261
40811,0.19223012,0.8077699
1376,0.9435074,0.05649268
1901,0.8086889,0.19131112
63832,0.7284986,0.27150145
8486,0.21235012,0.78764987
30404,0.010187318,0.9898127
60446,0.13274167,0.8672583
20962,0.3836273,0.6163727
1757,0.98748326,0.012516712
19897,0.0010560801,0.998944
37979,0.006108328,0.9938917
45123,0.81646967,0.18353032
56017,0.9975776,0.0024223593
10148,0.7694144,0.23058555
35218,0.7443129,0.2556871
28294,0.14334664,0.85665333
32040,0.10962753,0.8903725
17608,0.012142355,0.9878577
35723,0.38721868,0.61278135
8317,0.6086674,0.39133263
21415,0.58383393,0.41616607
19577,0.0012814762,0.9987185
5041,0.72636795,0.273632
27855,0.007926684,0.99207336
30916,0.006640587,0.9933594
11896,0.04632366,0.9536764
39968,0.008469207,0.9915308
8082,0.6595585,0.3404415
40238,0.007193243,0.9928068
56010,0.9333918,0.06660821
7445,0.13622588,0.8637741
64267,0.5440509,0.45594916
56864,0.98129797,0.01870201
20972,0.11040562,0.8895944
33756,0.31120795,0.68879205
59167,0.34598827,0.6540117
58415,0.9490826,0.050917406
15164,0.0045686006,0.9954314
61285,0.858321,0.14167896
3191,0.2870948,0.71290517
13923,0.7423989,0.25760108
60906,0.9829032,0.017096838
22640,0.09231237,0.90768766
15378,0.071106024,0.9288939
36022,0.3300864,0.66991353
35648,0.046987604,0.95301247
30881,0.14012975,0.85987025
46866,0.29893175,0.7010682
6989,0.7091179,0.2908821
29855,0.047290236,0.9527098
53088,0.56946325,0.43053678
58838,0.7073839,0.29261613
908,0.21967603,0.7803239
3890,0.69455504,0.305445
36572,0.0064270734,0.99357295
4739,0.60151166,0.3984883
30875,0.16329595,0.836704
48532,0.80822754,0.19177252
38773,0.019939572,0.98006046
16451,0.0005186895,0.9994814
61004,0.79421246,0.20578752
18663,0.00077268697,0.9992273
57847,0.99112844,0.008871548
5101,0.64657694,0.3534231
61001,0.91136765,0.0886323
3400,0.0382794,0.9617206
45600,0.7499326,0.25006744
50858,0.8092001,0.19079988
25026,0.008705153,0.9912949
57701,0.9997485,0.00025148824
56925,0.9815943,0.018405667
46252,0.67154497,0.328455
39057,0.017317142,0.9826828
2586,0.7302985,0.26970154
8900,0.16913126,0.8308688
36069,0.08832049,0.91167945
3164,0.6679042,0.33209583
15339,0.5128555,0.48714447
60908,0.9671999,0.032800097
9584,0.5078628,0.4921372
3514,0.07466007,0.92533994
20706,0.18043841,0.8195616
56439,0.8661921,0.13380787
5313,0.9284468,0.07155317
10688,0.4543862,0.54561377
44523,0.59965324,0.4003468
43549,0.6498658,0.35013416
40340,0.0017214221,0.9982786
1598,0.6160861,0.3839139
44700,0.9240892,0.075910814
61298,0.8692432,0.13075678
31563,0.56624514,0.43375483
42249,0.011017183,0.98898286
41575,0.05268819,0.9473118
10153,0.60331225,0.39668775
54344,0.7889352,0.21106486
55143,0.47842118,0.52157885
40552,0.0032372,0.99676275
6447,0.89153254,0.108467475
36366,0.103911325,0.8960887
18673,0.00037805576,0.99962187
11979,0.007670051,0.99233
57612,0.9997644,0.00023566958
44723,0.9138167,0.08618332
34400,0.7549626,0.24503735
17598,0.14897963,0.85102034
61352,0.8630215,0.13697845
49299,0.9745823,0.025417691
11583,0.8054243,0.19457574
17900,0.025350614,0.9746493
6890,0.8067316,0.19326837
29898,0.017836088,0.9821639
9555,0.04670025,0.95329976
52051,0.85865337,0.14134662
24103,0.00064369757,0.9993563
60138,0.23583779,0.76416224
25261,0.0029260155,0.997074
46551,0.8020036,0.1979964
39672,7.436033e-05,0.9999256
49109,0.79354405,0.20645593
62279,0.6798183,0.3201817
25929,0.018821653,0.98117834
48123,0.8194225,0.18057759
46769,0.90762,0.092380024
40380,0.025228655,0.9747713
26772,0.6985582,0.3014418
39822,0.00033468832,0.99966526
51985,0.64140534,0.35859472
59660,0.74772966,0.2522703
35017,0.5523213,0.4476787
33235,0.47044864,0.5295513
12077,0.09786673,0.9021333
42233,0.07994344,0.9200565
14357,0.09799643,0.9020036
15559,0.014165239,0.9858348
35878,0.07495304,0.925047
45713,0.86883426,0.13116573
60166,0.17148319,0.82851684
10623,0.5673034,0.4326966
21118,0.056556985,0.94344294
27439,0.055881955,0.9441181
45424,0.91279936,0.0872006
33003,0.29809105,0.70190895
8651,0.57344353,0.42655653
23044,0.0040745935,0.9959254
19304,0.0034157415,0.9965842
60309,0.17276533,0.8272347
28666,0.002238425,0.9977616
8053,0.6018343,0.39816573
36050,0.012647849,0.98735213
59795,0.7604739,0.23952614
19452,0.0036783726,0.9963217
36765,0.023678077,0.97632194
24854,0.017678441,0.9823216
32526,0.09565163,0.9043484
14092,0.019285785,0.98071426
50902,0.9390298,0.060970128
60671,0.32069132,0.6793087
43595,0.9986065,0.0013935129
6865,0.051894996,0.948105
3917,0.6142792,0.38572076
4194,0.050116256,0.94988376
47111,0.8500227,0.14997734
17322,0.007595231,0.99240476
50990,0.71336806,0.2866319
8669,0.5168774,0.48312262
47435,0.912301,0.08769901
41135,0.0010113347,0.9989887
40459,0.048469562,0.95153046
37018,0.8353969,0.16460308
33430,0.20346326,0.79653674
11297,0.37729204,0.622708
58246,0.99465275,0.0053472263
64123,0.96169734,0.03830261
10779,0.494244,0.505756
60374,0.5967852,0.40321484
30022,0.021001229,0.9789988
58726,0.95375085,0.04624915
57913,0.9727108,0.027289221
48589,0.87979215,0.12020784
19712,0.009679619,0.9903204
30829,0.04446486,0.9555352
14954,0.58091986,0.4190802
41843,0.5411464,0.4588536
51783,0.73148304,0.26851702
59334,0.69473284,0.30526716
9175,0.41783696,0.58216304
38577,0.00909327,0.9909067
40244,0.00040982015,0.9995902
8151,0.684129,0.31587097
35658,0.09051244,0.9094876
32367,0.2283864,0.7716136
48923,0.7749905,0.2250095
27108,0.008678849,0.99132115
46335,0.7445147,0.2554853
7296,0.7435421,0.25645795
34493,0.61504143,0.3849586
42048,0.031083126,0.9689169
20506,0.6485997,0.35140038
42304,0.013113135,0.9868868
25107,0.5644151,0.43558493
4700,0.5276331,0.4723669
44743,0.83275944,0.16724056
41255,0.011084913,0.98891515
59922,0.5205174,0.47948256
54686,0.093035854,0.9069642
15395,0.7683613,0.23163873
62983,0.5455107,0.4544893
35906,0.079796664,0.9202034
1428,0.9013433,0.09865674
8006,0.60688215,0.39311785
2058,0.40343574,0.5965643
17291,0.0051448364,0.99485517
62368,0.99803716,0.0019628785
47037,0.90178853,0.09821151
14570,0.35220298,0.647797
49269,0.96515065,0.034849342
17036,0.0008030706,0.99919695
60341,0.34734315,0.65265685
32807,0.20931856,0.7906814
54615,0.5723774,0.42762265
27275,0.014327688,0.98567235
48534,0.70878035,0.29121968
57000,0.9822174,0.017782604
16747,0.015836412,0.9841636
5130,0.95051664,0.049483374
49342,0.9646019,0.035398174
37349,0.042318694,0.9576813
36437,0.012368061,0.987632
63602,0.8652995,0.13470048
51643,0.80939883,0.19060114
50708,0.9728645,0.027135516
53280,0.33946288,0.6605372
30058,0.17410989,0.8258901
27460,0.50153077,0.49846923
27908,0.09722613,0.90277386
24308,0.009638207,0.9903618
61225,0.9008801,0.099119894
47702,0.7965783,0.20342179
22243,0.044010103,0.95598996
62875,0.7590821,0.24091789
31855,0.064070776,0.9359292
8677,0.5491311,0.45086887
63544,0.030603252,0.96939677
40363,0.014651844,0.98534817
38970,0.017076569,0.98292345
23975,0.0035634027,0.9964366
59846,0.77405536,0.22594467
65211,0.8415389,0.15846108
47757,0.5348315,0.46516845
59711,0.3137647,0.6862353
1422,0.5729187,0.4270813
37612,0.017284887,0.9827152
19389,0.029821783,0.9701782
3132,0.18947363,0.81052643
1635,0.87480426,0.12519582
47614,0.6677531,0.33224696
35993,0.48191744,0.51808256
5074,0.5359238,0.46407625
54631,0.9416162,0.05838384
51128,0.9535753,0.046424635
7882,0.36152437,0.6384756
2266,0.18416442,0.81583565
44898,0.88259786,0.11740219
14975,0.047547817,0.9524521
64927,0.7904693,0.20953068
3978,0.5402873,0.4597127
6832,0.9404942,0.059505876
54973,0.802699,0.19730097
45390,0.22116187,0.7788381
61071,0.78796476,0.21203521
26105,0.014882771,0.9851172
64494,0.7200502,0.27994978
53909,0.85078204,0.14921795
55277,0.8287653,0.17123476
25672,0.250824,0.749176
62384,0.8932703,0.106729664
27844,0.06097963,0.9390204
60654,0.45149496,0.54850507
19010,0.0020679121,0.9979321
25619,0.06463944,0.93536055
60230,0.88104504,0.11895495
20763,0.4667413,0.53325874
5411,0.8272902,0.17270988
20958,0.28731278,0.7126872
32034,0.13638443,0.8636156
33151,0.25905868,0.7409413
12590,0.6057603,0.3942397
18896,0.0018886026,0.99811137
23305,0.12733471,0.87266535
46041,0.90750843,0.09249155
30200,0.011545779,0.9884543
26618,0.66710484,0.33289516
18312,0.05159557,0.94840443
19024,0.008006772,0.9919932
43916,0.98102653,0.018973498
34607,0.74067914,0.2593209
28433,0.020522574,0.9794774
49842,0.750562,0.24943803
8220,0.23352955,0.76647043
57649,0.9998281,0.00017185776
9748,0.42171168,0.5782884
23829,0.08702452,0.9129755
4738,0.17805472,0.82194525
51076,0.96539116,0.034608807
50674,0.55167526,0.44832474
7885,0.020968704,0.97903126
20500,0.22145788,0.77854216
65086,0.661261,0.33873892
9825,0.3518788,0.6481212
29952,0.002189241,0.9978108
63007,0.7951908,0.20480913
4761,0.85477525,0.14522474
43822,0.9241347,0.075865366
55884,0.8851496,0.11485043
45919,0.942283,0.05771709
29083,0.40715453,0.59284544
32687,0.120582856,0.8794171
35933,0.22359167,0.7764084
42370,0.0212485,0.9787515
34555,0.39236495,0.607635
53303,0.87032187,0.12967812
30562,0.29165965,0.70834035
57164,0.8815593,0.118440725
10877,0.8689244,0.13107568
53283,0.67990094,0.32009912
57985,0.9473042,0.052695762
54043,0.5090358,0.4909642
15804,0.007518764,0.99248123
20065,0.0033594926,0.99664056
53615,0.5644514,0.43554857
57746,0.98328686,0.016713165
34418,0.30338025,0.6966197
8559,0.096403606,0.90359646
35623,0.62315786,0.3768422
43347,0.69166404,0.30833596
11982,0.730895,0.26910502
2245,0.57146335,0.42853665
12275,0.0044486583,0.99555135
33348,0.28183022,0.7181698
58968,0.2487179,0.75128204
14692,0.0009872824,0.9990127
4862,0.5897526,0.4102474
46668,0.8843816,0.1156184
62500,0.65286475,0.34713522
19817,0.0011352581,0.99886477
10871,0.26680475,0.7331952
53665,0.7301563,0.26984367
13461,0.024334222,0.9756658
63424,0.019669728,0.9803303
41803,0.76699317,0.23300683
20300,0.00017402355,0.999826
19849,0.00022137944,0.9997787
39637,0.0026727899,0.9973272
41221,0.025586449,0.9744135
29636,0.020556873,0.97944313
39509,0.128893,0.871107
64166,0.7356198,0.26438022
22092,0.0871058,0.9128941
9204,0.2025374,0.7974626
16777,0.024858553,0.9751414
2765,0.75538075,0.2446193
49322,0.83802897,0.16197102
42280,0.019431394,0.98056865
60572,0.28938934,0.7106106
54260,0.7414333,0.2585667
39628,0.00010512619,0.99989486
55738,0.71875674,0.28124326
48882,0.32028636,0.67971367
23133,0.081429444,0.9185706
53630,0.76122916,0.23877089
26439,0.11392152,0.8860785
26292,0.035611346,0.9643886
19258,0.0046721934,0.99532783
978,0.7101668,0.28983316
34564,0.3823512,0.61764884
15317,0.28009614,0.7199038
4931,0.9831418,0.016858274
56980,0.9963027,0.0036973066
62535,0.99774605,0.0022538968
10552,0.21301366,0.7869863
39351,0.20027919,0.79972076
52690,0.6958834,0.30411658
58149,0.9932594,0.0067405435
2270,0.9052867,0.094713226
36215,0.11093183,0.8890682
13231,0.68361217,0.31638783
40024,0.039955497,0.96004456
20622,0.5142063,0.4857937
61787,0.86700183,0.13299811
6748,0.57680136,0.4231986
59435,0.06668521,0.9333148
39283,0.016040275,0.98395973
19613,0.0013833842,0.9986166
31078,0.16039677,0.83960325
18278,0.6178781,0.38212198
34340,0.45681494,0.54318506
58091,0.9730463,0.026953692
20892,0.1350601,0.86493987
36736,0.012774039,0.98722595
2660,0.7707288,0.22927114
34637,0.7230015,0.27699855
56253,0.98926395,0.010736054
47351,0.9049272,0.09507287
33356,0.52225125,0.47774875
19866,0.00025028648,0.9997497
5724,0.9536783,0.04632166
43055,0.73118997,0.2688101
32976,0.22961625,0.7703837
48092,0.621882,0.378118
43151,0.08328258,0.9167174
23896,0.003139869,0.99686015
2276,0.9395928,0.06040721
63002,0.50281954,0.4971804
35480,0.78666526,0.21333478
56443,0.9344836,0.06551641
54259,0.9408617,0.059138373
43651,0.9598961,0.040103916
58868,0.4971586,0.5028414
51956,0.79659414,0.20340584
24915,0.12774299,0.872257
60768,0.23611927,0.7638807
9854,0.67198163,0.3280184
49368,0.95423466,0.045765307
9567,0.47068894,0.529311
48607,0.82446367,0.17553626
36152,0.0066863326,0.9933136
24458,0.0012516773,0.9987483
65226,0.85886776,0.14113225
24448,0.0067724283,0.99322754
64005,0.89611006,0.10388998
14085,0.49920946,0.50079054
17289,0.0059477836,0.99405223
63394,0.19734319,0.8026568
38363,0.024238914,0.97576106
49175,0.91274446,0.087255575
54843,0.8167029,0.18329705
25529,0.0028555614,0.9971444
10680,0.16918366,0.8308163
24104,0.0048441654,0.9951558
40362,0.0068115233,0.9931885
46747,0.6361289,0.36387107
8138,0.67991185,0.32008812
26867,0.19447787,0.80552214
60024,0.1594612,0.84053874
10109,0.15028562,0.8497144
6495,0.06627115,0.9337289
59739,0.7328347,0.26716533
61080,0.72662884,0.27337113
54730,0.9631027,0.036897343
13768,0.02176594,0.9782341
15414,0.016285481,0.9837145
19671,0.0068294704,0.9931705
51840,0.92419964,0.07580032
5962,0.7345258,0.26547417
49385,0.74736094,0.25263909
43180,0.42667654,0.5733235
30785,0.35629028,0.6437098
51868,0.7415047,0.25849527
36954,0.003948738,0.99605125
9089,0.79530126,0.20469873
16904,0.06732538,0.93267465
31740,0.084415145,0.91558486
12000,0.33211237,0.6678876
8469,0.6251797,0.3748203
706,0.27585113,0.72414887
49083,0.8263945,0.17360547
63299,0.24597807,0.7540219
36079,0.023714023,0.97628593
16132,0.00060331105,0.9993967
2864,0.3237047,0.6762953
52255,0.699314,0.30068597
47478,0.862578,0.13742201
52089,0.9480796,0.05192042
32302,0.1382896,0.8617104
7680,0.59380436,0.40619564
36757,0.041539967,0.95846003
11545,0.108737335,0.89126265
45517,0.96730417,0.032695763
5368,0.76013154,0.23986848
25270,0.0057989326,0.994201
12436,0.0022354003,0.9977646
29683,0.03549721,0.9645028
47615,0.8678945,0.13210551
22258,0.06923185,0.9307681
31274,0.26993772,0.73006225
47928,0.7347484,0.2652516
64344,0.7938363,0.20616369
44320,0.718557,0.28144297
32525,0.078345895,0.9216541
51097,0.84608495,0.15391503
57421,0.6316441,0.3683559
25780,0.23892355,0.76107645
34324,0.25861856,0.74138147
1295,0.64436156,0.35563847
4615,0.07749423,0.9225058
55236,0.70254624,0.29745376
18750,0.0011944599,0.9988055
24740,0.5110414,0.4889586
56812,0.89937514,0.100624785
9931,0.7269687,0.27303132
60630,0.5996698,0.4003302
44984,0.9251446,0.07485539
46071,0.88647157,0.113528356
14159,0.74485713,0.25514287
58541,0.96370757,0.036292415
17559,0.0011529955,0.998847
30998,0.016438924,0.98356116
17601,0.0042517316,0.99574834
25177,0.022585649,0.97741437
29803,0.002217437,0.9977825
41553,0.10012204,0.8998779
35650,0.025838021,0.974162
37929,0.03634457,0.9636554
52501,0.7474471,0.25255296
64030,0.9258707,0.07412933
14431,0.7066354,0.2933646
35983,0.14526196,0.85473806
30555,0.7119353,0.2880647
42342,0.01304603,0.9869539
57866,0.99111813,0.008881877
12570,0.058437392,0.9415626
48110,0.8457999,0.1542001
44019,0.8757835,0.12421656
24364,0.0026662264,0.99733377
54035,0.8333732,0.16662683
21893,0.00075339264,0.9992466
59936,0.74415976,0.25584018
9864,0.06563787,0.9343621
55851,0.7738574,0.22614256
43431,0.95709443,0.042905573
60070,0.47236615,0.52763385
5794,0.7912945,0.20870546
63556,0.60346997,0.39653
4452,0.26582566,0.7341743
44261,0.80503374,0.19496623
2508,0.56182194,0.4381781
20299,0.00020721737,0.99979275
11686,0.7385581,0.26144192
53047,0.84737206,0.1526279
39269,0.007094769,0.9929053
16230,0.0008033679,0.9991966
48865,0.8557128,0.14428723
22510,0.014114522,0.9858855
11056,0.19562237,0.8043776
11932,0.009134766,0.9908653
43357,0.7199676,0.28003243
43732,0.7808359,0.21916401
17690,0.018733107,0.98126686
2496,0.82275647,0.17724346
2068,0.5689533,0.43104672
18114,0.096955836,0.9030441
23069,0.011436509,0.98856354
10830,0.070207804,0.92979217
23384,0.376721,0.62327904
45147,0.8630506,0.13694948
6715,0.68497664,0.31502336
61477,0.662817,0.33718297
26606,0.6747006,0.32529944
20535,0.5089903,0.49100974
48138,0.9180071,0.081992984
36181,0.0069943136,0.9930057
35198,0.5377141,0.46228588
7991,0.23769772,0.7623023
24315,0.3396294,0.6603706
9918,0.8732116,0.12678838
38095,0.016468214,0.98353183
32,0.069970116,0.93002987
13356,0.042666305,0.95733374
56981,0.9955367,0.004463347
43935,0.78594494,0.21405506
12935,0.09308205,0.9069179
36044,0.100028366,0.89997166
10997,0.015148105,0.9848519
3502,0.7113624,0.28863764
28579,0.36661422,0.6333858
51980,0.6009671,0.3990329
12400,0.4469476,0.55305237
53278,0.7309853,0.26901475
22382,0.053516734,0.94648325
42519,0.0074582044,0.9925418
29204,0.0035776906,0.9964223
5261,0.763119,0.23688106
21488,0.2887047,0.7112953
3526,0.16332847,0.8366716
59704,0.8838527,0.11614731
1594,0.86418325,0.13581668
45035,0.9675748,0.03242527
32852,0.20135492,0.798645
50356,0.9285084,0.07149162
10477,0.7876732,0.21232687
53268,0.74035203,0.25964797
26651,0.0015354538,0.9984646
53451,0.88347113,0.11652887
34087,0.22441083,0.77558917
63252,0.06615814,0.9338419
39330,0.43668306,0.56331694
60519,0.1832522,0.81674784
60977,0.62765974,0.37234032
20645,0.5466069,0.45339304
56466,0.97707695,0.022923097
38040,0.022413189,0.9775868
63915,0.9488398,0.05116025
21902,0.00032772674,0.9996723
58971,0.30701417,0.6929859
26033,0.0070861825,0.99291384
6045,0.61789757,0.3821024
16365,0.0008083643,0.9991916
14790,0.7546435,0.24535649
63655,0.8876569,0.11234309
41397,0.0055975397,0.99440247
22121,0.030501273,0.9694987
64478,0.79247653,0.20752352
57558,0.9998466,0.00015338563
61859,0.77635837,0.22364168
27818,0.0027748276,0.99722517
38408,0.03509632,0.96490365
3771,0.033366766,0.96663326
34401,0.70418566,0.29581434
52097,0.75918067,0.24081932
24496,0.008649201,0.99135077
47186,0.9452596,0.054740384
34468,0.6367538,0.3632462
47891,0.9520564,0.047943596
58147,0.9885616,0.011438432
37438,0.38028887,0.6197111
26576,0.71812874,0.28187126
30717,0.0055099265,0.99449
42000,0.003068451,0.99693155
19096,0.0007180472,0.99928194
24224,0.007946252,0.99205375
43586,0.80968887,0.1903112
55574,0.69393337,0.30606666
25561,0.61914605,0.38085398
5337,0.57615554,0.42384446
40579,0.023875445,0.9761245
39446,0.028755177,0.9712449
7643,0.03229013,0.9677099
31453,0.27581662,0.7241834
17921,0.12973838,0.87026155
55728,0.30479154,0.6952085
62634,0.81895906,0.18104097
39641,0.00054700434,0.999453
17737,0.017466102,0.9825339
56427,0.94513327,0.0548667
30473,0.002227614,0.9977724
62937,0.4717161,0.5282839
2915,0.5494256,0.4505744
57734,0.98844945,0.011550508
51466,0.9270057,0.07299432
35766,0.16288473,0.8371152
7602,0.8031807,0.19681929
40361,0.0023469073,0.99765307
27024,0.105718605,0.8942814
3311,0.7078678,0.2921322
22658,0.0034919593,0.99650806
33425,0.20338078,0.7966192
19137,0.0008421366,0.9991579
879,0.081823185,0.9181769
53601,0.75768214,0.24231789
11320,0.038924076,0.9610759
34306,0.27359885,0.72640115
20232,0.0063884472,0.9936115
14137,0.3117087,0.6882913
16030,0.005318743,0.9946813
2430,0.8479775,0.15202253
203,0.5232041,0.4767959
4532,0.8903175,0.109682485
18559,0.009173951,0.9908261
56115,0.9569719,0.043028094
28217,0.006228218,0.99377173
51837,0.9230196,0.07698038
54876,0.23187001,0.76813
64845,0.7310767,0.26892334
36942,0.0030240172,0.996976
27826,0.00124128,0.9987587
11668,0.13613977,0.86386025
46069,0.80835986,0.19164014
6710,0.58359915,0.41640085
47824,0.63362056,0.36637947
52986,0.43367088,0.56632906
15772,0.02554998,0.97445005
10047,0.7869166,0.21308339
23654,0.024503885,0.9754961
35033,0.7573493,0.24265069
19691,0.011730474,0.98826957
63525,0.20634194,0.793658
5207,0.3678162,0.6321838
63932,0.93986154,0.060138486
13279,0.0037545399,0.99624544
62824,0.99838066,0.001619278
59372,0.6638881,0.3361119
31856,0.07867773,0.9213223
9737,0.008161262,0.99183875
58812,0.8192618,0.1807382
62492,0.9714328,0.028567221
54054,0.8091291,0.19087085
6613,0.1929379,0.80706215
8660,0.53290397,0.46709603
45728,0.8421637,0.15783632
63499,0.16172446,0.8382755
13173,0.0910388,0.9089612
52707,0.7929654,0.2070346
61055,0.6695568,0.33044323
56489,0.9327411,0.06725888
62515,0.75831956,0.24168052
62606,0.9322936,0.06770642
64054,0.8683893,0.13161062
6375,0.9188069,0.08119312
5449,0.65461826,0.3453817
60347,0.2704685,0.72953147
4950,0.7744012,0.22559886
62704,0.8470251,0.15297486
48771,0.6550875,0.34491253
10989,0.23642972,0.76357025
38037,0.0085348515,0.99146515
47312,0.5516056,0.44839442
35771,0.08008825,0.91991174
54634,0.3270153,0.67298466
43611,0.9635194,0.036480643
2242,0.66653174,0.33346826
12104,0.61007553,0.38992444
19174,0.036410503,0.96358943
21872,0.0098935645,0.9901064
64612,0.84206724,0.15793282
33363,0.14272025,0.8572798
30784,0.038565617,0.96143436
12333,0.55383664,0.44616333
14684,0.568539,0.43146098
20534,0.47115278,0.5288473
8833,0.8484745,0.15152544
51339,0.8362647,0.16373532
45263,0.8187071,0.1812929
44696,0.81370676,0.1862932
1147,0.41166154,0.5883385
8347,0.8732135,0.12678647
60971,0.6165477,0.3834523
15470,0.0016790575,0.9983209
35807,0.39508474,0.60491526
10127,0.32816657,0.6718334
55960,0.9761229,0.02387712
39066,0.047777206,0.9522228
54353,0.8585965,0.14140345
23591,0.0026731624,0.99732685
43979,0.42340687,0.57659316
43212,0.7802565,0.21974345
41678,0.003026819,0.99697316
33626,0.6193963,0.38060367
12703,0.1012189,0.8987811
58056,0.97220075,0.027799193
36363,0.24738267,0.7526173
53363,0.28025433,0.71974564
3267,0.15572493,0.84427506
64247,0.9098158,0.09018417
9938,0.37319142,0.6268086
39894,0.0019781883,0.99802184
61221,0.33384225,0.6661578
52667,0.8394442,0.16055582
63615,0.8815558,0.118444204
16875,0.017742848,0.9822572
47437,0.88386166,0.116138384
19665,0.0065187183,0.9934813
37626,0.0067136404,0.9932863
41246,0.007732995,0.99226695
30478,0.009293166,0.99070686
60418,0.49621654,0.5037835
4504,0.44746375,0.55253625
44428,0.82604396,0.17395605
46837,0.6837837,0.31621632
32883,0.24685605,0.75314397
37718,0.0011241036,0.9988759
44069,0.90382564,0.09617435
24016,0.0219358,0.9780642
45122,0.9508608,0.049139213
62339,0.92139465,0.078605406
1593,0.9293007,0.07069925
29406,0.009400207,0.9905998
8572,0.3358166,0.66418344
52953,0.9391461,0.060853876
4256,0.10812281,0.8918772
1567,0.7467933,0.25320664
61671,0.9671999,0.032800097
19464,0.003071133,0.9969289
57332,0.9740966,0.025903432
15350,0.43395793,0.566042
55891,0.99514765,0.0048523443
52994,0.6211205,0.37887943
14708,0.004515887,0.9954841
4274,0.13604034,0.86395967
31870,0.17626785,0.82373214
23628,0.009347664,0.9906523
10112,0.5210153,0.47898468
53458,0.072731115,0.92726886
59091,0.12020229,0.8797977
49055,0.91020703,0.08979294
62896,0.58667964,0.41332036
28794,0.29467428,0.7053257
45522,0.86180204,0.13819793
34741,0.092723794,0.9072762
23464,0.0017953953,0.9982046
55248,0.5146748,0.4853252
46374,0.7071351,0.2928649
9193,0.5050664,0.49493366
60826,0.33526456,0.6647355
1926,0.43784386,0.56215614
54496,0.31438363,0.6856164
40977,0.008131051,0.991869
31209,0.010876674,0.9891234
39389,0.0060916296,0.9939084
9702,0.82572466,0.17427532
17107,0.057416417,0.94258356
11501,0.011411452,0.9885886
29412,0.053044133,0.9469559
22341,0.0088610975,0.9911389
38969,0.0015725401,0.9984275
28138,0.009129619,0.9908704
27383,0.020587984,0.979412
28888,0.026964124,0.9730358
48956,0.69705427,0.30294576
36377,0.0008081919,0.9991918
19769,0.0018754991,0.99812454
4450,0.65464395,0.34535608
6943,0.48659313,0.51340693
5184,0.95415336,0.045846675
2881,0.14165874,0.8583413
16554,0.0013718747,0.99862814
54669,0.81390166,0.18609834
29011,0.1463856,0.8536144
2724,0.54200625,0.45799372
52000,0.6722842,0.32771584
24699,0.010003086,0.9899969
9575,0.1341645,0.8658355
16694,0.013565097,0.98643494
57453,0.9704816,0.029518465
19943,0.0010198292,0.9989801
52163,0.81180686,0.18819314
5338,0.31690156,0.68309844
11901,0.117057964,0.882942
8520,0.11784646,0.8821536
22984,0.046425067,0.9535749
33078,0.6477563,0.35224375
64594,0.7358903,0.26410967
37101,0.19282313,0.8071768
6583,0.96060115,0.039398853
40515,0.0037833184,0.9962167
33586,0.28977522,0.71022475
15158,0.069945656,0.9300543
892,0.2834696,0.71653044
43240,0.34875044,0.6512495
43506,0.8912446,0.1087554
58189,0.9956318,0.0043682386
40250,0.0002647616,0.9997352
5064,0.11272066,0.8872794
19406,0.0019421559,0.9980578
5,0.052917644,0.9470824
60338,0.594208,0.40579197
2853,0.82693374,0.17306618
84,0.027138509,0.97286147
2004,0.14689177,0.8531082
58572,0.89662,0.10338005
36547,0.0006328929,0.9993672
675,0.2505284,0.7494716
5285,0.31055272,0.6894472
14419,0.2858203,0.71417975
12391,0.029068815,0.97093123
61491,0.577126,0.4228739
18711,0.0014154346,0.9985846
10875,0.7969004,0.2030996
33065,0.21102773,0.78897226
28966,0.03588804,0.964112
59401,0.7217453,0.2782547
17182,0.040940892,0.9590591
52722,0.79400086,0.20599917
52131,0.9056932,0.094306804
56423,0.9347331,0.06526686
16243,0.0015534365,0.99844664
3434,0.73338,0.26661998
710,0.38546038,0.6145396
13080,0.74045634,0.2595436
10500,0.18185227,0.8181478
1258,0.26407963,0.7359204
1980,0.55960625,0.44039375
34289,0.21728995,0.78271
36438,0.012478637,0.98752135
63820,0.44187537,0.5581246
41045,0.0045692385,0.9954308
41633,0.024299467,0.97570056
34874,0.83508605,0.16491394
59323,0.5357706,0.4642294
2154,0.5780934,0.42190656
12516,0.03879759,0.96120244
35190,0.6899653,0.3100347
55255,0.0625871,0.9374129
45054,0.9710306,0.028969387
60003,0.33325726,0.66674274
4009,0.05588549,0.94411457
45586,0.74296695,0.25703308
59328,0.80665255,0.19334745
31127,0.2013537,0.7986463
12699,0.25430602,0.74569404
8835,0.5460583,0.4539417
51361,0.77618325,0.22381672
60402,0.204375,0.79562503
60294,0.40246236,0.5975377
55525,0.8571181,0.14288193
29337,0.36833996,0.63166004
4905,0.779027,0.22097297
62599,0.59314114,0.40685886
33432,0.4088279,0.5911721
23690,0.3002062,0.69979376
3351,0.026843747,0.9731563
5376,0.42020893,0.5797911
43008,0.046988778,0.9530113
9451,0.10628424,0.89371574
61551,0.87499356,0.12500645
36717,0.028771127,0.9712289
57878,0.98786664,0.012133297
50261,0.85610414,0.14389585
47404,0.95283395,0.047166046
51765,0.817242,0.18275797
34311,0.2589033,0.74109674
876,0.2343189,0.76568115
31221,0.14404082,0.8559592
38913,0.0006143574,0.9993856
60552,0.17504035,0.82495964
30749,0.0017279512,0.99827206
39947,0.010212934,0.9897871
57206,0.737417,0.262583
49831,0.9212605,0.078739524
22691,0.033559706,0.9664403
1433,0.762833,0.23716703
30934,0.004812522,0.9951874
37377,0.058426585,0.9415735
8412,0.6599761,0.3400239
24195,0.051339936,0.94866
54255,0.46886274,0.5311373
22570,0.021252511,0.9787475
49981,0.9036373,0.09636263
58696,0.9314475,0.06855244
14743,0.00848667,0.9915133
46250,0.7136681,0.28633183
39655,0.00044697,0.999553
58780,0.9695519,0.030448029
31827,0.1412678,0.8587322
27153,0.003027124,0.9969729
21247,0.24146603,0.758534
662,0.12134891,0.878651
52171,0.7463744,0.25362554
28595,0.5516745,0.44832554
51620,0.8620704,0.13792962
53809,0.5907114,0.40928856
41432,0.020308195,0.9796918
28498,0.0041708825,0.99582916
559,0.27602774,0.72397226
34476,0.7109762,0.28902382
9114,0.7490892,0.25091082
34569,0.7573493,0.24265069
31776,0.08394323,0.9160568
24640,0.0014816596,0.9985183
51711,0.79353696,0.206463
28201,0.274809,0.725191
27645,0.0024733336,0.9975267
33137,0.7015319,0.29846808
7999,0.03215058,0.9678494
16829,0.017645042,0.98235494
36229,0.011416601,0.98858345
53678,0.37613973,0.6238603
16515,0.036482885,0.96351707
43182,0.70969605,0.29030395
16423,0.01436384,0.9856361
38506,0.023399645,0.9766003
35786,0.46197498,0.538025
51407,0.7525196,0.24748039
35770,0.23697594,0.7630241
3924,0.309901,0.690099
23506,0.000561065,0.99943894
31207,0.17337626,0.8266238
60984,0.82093656,0.17906347
33711,0.2743114,0.72568864
13904,0.14050171,0.8594983
64189,0.9159201,0.08407989
34358,0.5225242,0.47747582
47594,0.58644253,0.4135574
19732,0.008775665,0.99122435
6605,0.17777723,0.82222277
38178,0.0027654697,0.9972345
7375,0.1764319,0.8235681
54738,0.9382374,0.061762575
27660,0.000908726,0.99909127
56092,0.98169196,0.018308017
36457,0.045257363,0.95474267
26902,0.0027580236,0.997242
1706,0.21469215,0.7853078
47765,0.71369034,0.2863096
703,0.5053198,0.4946803
57840,0.9880356,0.011964361
34472,0.6218449,0.37815514
9687,0.78152716,0.21847287
1,0.19687332,0.80312663
54842,0.70574987,0.29425016
18701,0.00056190765,0.9994381
34974,0.8239452,0.17605476
11661,0.5532561,0.44674397
27730,0.003483613,0.99651635
60946,0.7682225,0.23177749
60842,0.822543,0.17745699
9022,0.4892134,0.5107866
16091,0.0009798137,0.9990202
35321,0.8489678,0.1510322
50820,0.87580734,0.12419262
10008,0.07668015,0.9233198
33610,0.26739118,0.73260885
57666,0.9997986,0.00020147525
11327,0.38415894,0.6158411
63972,0.96228135,0.037718624
38138,0.15365635,0.84634364
23911,0.018523864,0.9814761
56728,0.9753608,0.024639266
48212,0.71953654,0.28046346
10886,0.8723679,0.12763205
4620,0.89132696,0.10867303
42782,0.05223874,0.94776124
54231,0.64643157,0.3535684
36488,0.002870772,0.99712926
48707,0.90242666,0.09757335
40233,0.0010449463,0.998955
22743,0.20603243,0.79396755
62538,0.8535317,0.14646827
36949,0.012758304,0.9872416
28136,0.31325123,0.68674874
46556,0.85922295,0.14077708
63427,0.38772997,0.61227006
45240,0.46386272,0.5361373
33526,0.20080061,0.7991994
16957,0.005121494,0.99487853
60222,0.93478173,0.065218225
17423,0.001336196,0.9986638
38236,0.019890137,0.9801098
63332,0.7513838,0.24861625
23316,0.11924612,0.8807539
19696,0.00402053,0.9959794
41815,0.5514581,0.4485419
14276,0.22632281,0.7736772
63991,0.9409076,0.059092402
31420,0.47802138,0.52197856
55692,0.96807575,0.0319242
8931,0.8097437,0.19025628
34262,0.2922566,0.7077434
53112,0.9464837,0.053516377
38139,0.00235801,0.99764204
31921,0.064033985,0.93596596
16923,0.02389013,0.97610986
62557,0.9470847,0.052915264
14382,0.026626395,0.97337365
50969,0.24432871,0.75567126
43020,0.015480311,0.9845197
53848,0.8181434,0.1818566
16260,0.0026741251,0.9973259
50941,0.9178077,0.082192264
9077,0.39572725,0.6042727
63278,0.27502817,0.7249718
64,0.07052373,0.92947626
44404,0.767099,0.23290102
9683,0.11528436,0.8847156
53965,0.52658033,0.47341967
53332,0.9071078,0.09289225
29503,0.035104576,0.9648954
36036,0.01721127,0.98278874
34558,0.614558,0.38544208
61340,0.62630856,0.37369147
13228,0.53926325,0.4607367
42874,0.06906984,0.93093014
10774,0.5039411,0.49605885
38158,0.0013150992,0.99868494
7945,0.0321097,0.96789026
32366,0.087265275,0.91273475
14511,0.57463485,0.42536512
26244,0.0078067756,0.9921933
14074,0.020023143,0.9799769
48632,0.8716172,0.12838277
15438,0.7338137,0.26618633
41963,0.014119375,0.9858807
61572,0.96753937,0.03246068
49991,0.8511094,0.1488906
44465,0.9600846,0.03991541
52339,0.5834248,0.4165752
37926,0.026266154,0.97373384
50363,0.43117774,0.56882226
46452,0.9190692,0.08093086
49857,0.80470985,0.19529009
37644,0.0074014585,0.99259853
40607,0.3167725,0.68322754
23961,0.009316714,0.9906833
42892,0.8589478,0.14105217
26116,0.22220802,0.777792
13186,0.13578744,0.8642126
45591,0.83093435,0.16906565
48256,0.5735013,0.42649874
43396,0.3497358,0.6502642
40243,0.0003597903,0.9996402
62726,0.9560884,0.043911573
3896,0.178577,0.821423
21997,0.7118557,0.2881443
11912,0.10789988,0.8921001
60695,0.294376,0.70562404
26462,0.06452445,0.9354756
30266,0.080442294,0.9195577
15974,0.014218784,0.98578125
714,0.70408744,0.2959126
64050,0.9210511,0.07894891
31707,0.020146,0.97985405
2695,0.73364556,0.26635444
29958,0.0011900075,0.99881005
39469,0.044250954,0.955749
63691,0.59105074,0.40894923
49740,0.69797546,0.3020246
27170,0.18510853,0.8148914
43256,0.6520079,0.3479921
24942,0.0915281,0.90847194
47813,0.77366525,0.22633469
59284,0.6623948,0.33760512
18972,0.048549194,0.9514508
7,0.058960322,0.9410396
35898,0.51850146,0.48149854
44512,0.9443385,0.05566148
23721,0.35385656,0.6461435
17450,0.012372622,0.9876274
52618,0.91025716,0.089742824
44829,0.9282992,0.071700774
60619,0.32450962,0.6754904
31017,0.05871963,0.94128036
47134,0.8191712,0.18082878
18110,0.0012709456,0.99872905
13032,0.48523614,0.5147639
54870,0.583944,0.41605604
41957,0.014947465,0.9850525
30978,0.33253923,0.6674608
21801,0.010535148,0.9894649
56422,0.86461705,0.13538298
40857,0.029950548,0.9700494
24786,0.26098964,0.73901033
17067,0.003010697,0.9969893
47525,0.61145437,0.38854563
23601,0.0075415894,0.9924584
26267,0.031612918,0.9683871
54297,0.74323416,0.25676587
44556,0.94582564,0.054174323
29979,0.012290351,0.98770964
40963,0.0046933265,0.9953067
50914,0.7049909,0.2950091
32555,0.64889944,0.35110056
53885,0.59598374,0.40401623
53248,0.92718625,0.07281372
16392,0.0072246124,0.99277544
56736,0.9688797,0.031120257
29095,0.11009536,0.8899047
4487,0.7095729,0.29042703
15213,0.24511725,0.75488275
59135,0.5849775,0.41502246
52397,0.28299323,0.7170068
8406,0.0916815,0.90831846
60942,0.61713,0.38287005
44340,0.9069362,0.093063764
11456,0.109121256,0.89087874
44745,0.8682981,0.13170192
24369,0.0009284981,0.9990715
8899,0.6603165,0.3396835
42908,0.11960297,0.8803971
52173,0.8356184,0.16438161
31475,0.42670843,0.5732916
30501,0.0047432724,0.9952567
25297,0.016599543,0.9834004
41971,0.31327772,0.6867223
39292,0.16676496,0.833235
62853,0.8155284,0.18447162
63125,0.6843318,0.31566823
11825,0.14097102,0.859029
28941,0.005953936,0.9940461
42484,0.12550956,0.87449044
64682,0.8198753,0.18012477
61821,0.96454054,0.035459444
56729,0.9614524,0.03854756
5761,0.09370219,0.9062978
5963,0.68540823,0.31459174
63446,0.104219444,0.89578056
3210,0.51461124,0.48538873
15787,0.0011032793,0.9988967
15905,0.0034729606,0.996527
42710,0.04399118,0.9560088
552,0.31909594,0.68090403
2989,0.6852923,0.31470773
38372,0.15053199,0.849468
62881,0.8004986,0.19950144
24211,0.0033953618,0.9966047
21053,0.0709151,0.9290849
45357,0.9002671,0.09973286
15387,0.0052648913,0.9947351
12117,0.95064366,0.049356338
45580,0.67946935,0.32053068
21070,0.05954498,0.9404551
25910,0.013954779,0.9860452
41381,0.03107471,0.96892524
19837,0.00045630592,0.9995436
18924,0.0049836175,0.9950164
56488,0.8484305,0.15156947
50994,0.74906766,0.2509323
35298,0.61233765,0.38766235
64051,0.9548504,0.045149554
53230,0.70509744,0.29490256
41290,0.008697724,0.99130225
27509,0.5067282,0.4932718
2258,0.8956255,0.10437453
25042,0.12404519,0.87595475
10840,0.06395815,0.9360419
48899,0.87546504,0.12453498
35784,0.39454147,0.60545856
34261,0.12760998,0.87239
37166,0.7232238,0.27677622
36061,0.009924336,0.99007565
15407,0.34980878,0.6501912
54907,0.31713098,0.682869
13760,0.65920407,0.3407959
47410,0.7391194,0.26088056
5461,0.45639208,0.54360795
24749,0.65300816,0.34699184
5259,0.5894409,0.4105591
33482,0.27991056,0.7200894
24387,0.0005996596,0.9994004
42902,0.15500414,0.8449958
40051,0.011771385,0.98822856
38253,0.015956238,0.9840438
16287,0.002157195,0.9978428
10686,0.3436026,0.6563974
19268,0.004233513,0.9957665
43244,0.26681086,0.7331891
9308,0.8229383,0.17706169
20311,0.04625232,0.95374775
63593,0.9110548,0.08894521
1790,0.90677047,0.093229555
7524,0.32759503,0.67240494
11125,0.08694419,0.9130558
44532,0.8807677,0.11923231
7353,0.021213282,0.97878665
45187,0.9100423,0.089957744
23840,0.0084323445,0.9915677
17620,0.0014892096,0.9985108
23866,0.0025541126,0.99744594
49766,0.57407343,0.4259266
41684,0.78800404,0.21199597
45771,0.8562939,0.14370613
20736,0.22587223,0.7741278
36144,0.003525882,0.9964741
11356,0.4076435,0.5923565
48211,0.98007375,0.019926198
57160,0.9764207,0.023579244
29926,0.59795773,0.40204227
12204,0.21473329,0.78526676
22943,0.0015131638,0.99848676
39823,0.001221131,0.9987789
56842,0.9996082,0.00039178942
12964,0.13154067,0.8684593
3124,0.29578444,0.7042155
63642,0.9020352,0.0979648
59184,0.5317319,0.46826813
28420,0.010516655,0.9894833
36517,0.012824183,0.98717576
26212,0.006837062,0.993163
4608,0.3907142,0.60928583
13238,0.22401528,0.7759847
64559,0.6016759,0.39832407
57348,0.98556805,0.014431973
48409,0.9247093,0.07529062
42094,0.15098365,0.84901637
2020,0.29960337,0.7003966
12736,0.059016168,0.9409838
3525,0.184268,0.815732
35048,0.11499546,0.8850046
56003,0.9829107,0.017089337
23916,0.046173144,0.9538269
27463,0.44588694,0.5541131
57794,0.94658554,0.053414416
23164,0.001112654,0.99888736
43879,0.8910357,0.1089643
29832,0.015258247,0.98474175
54545,0.93456846,0.06543155
39566,0.0012714687,0.9987286
16632,0.004138319,0.9958617
44364,0.95786786,0.04213217
16559,0.0050083715,0.9949916
3112,0.3145082,0.68549174
65193,0.59410596,0.40589404
33377,0.18686764,0.81313235
33979,0.20216459,0.79783547
25247,0.0815108,0.9184892
7004,0.82606685,0.1739332
16306,0.0023524894,0.99764746
49554,0.653652,0.34634793
48206,0.80435896,0.19564107
26149,0.29172155,0.7082785
65040,0.5462096,0.4537904
61148,0.7090408,0.29095915
12914,0.0991969,0.9008031
24054,0.007356954,0.99264306
37524,0.0074534863,0.9925465
35507,0.6255337,0.37446627
11351,0.0036193838,0.9963806
48248,0.96441823,0.035581782
35003,0.69366795,0.30633205
58409,0.9679909,0.032009073
33830,0.22130989,0.7786901
10673,0.9227806,0.077219434
31570,0.18179244,0.8182076
10998,0.20805621,0.79194385
24734,0.58871466,0.41128534
64879,0.7301676,0.2698324
44910,0.8640802,0.13591984
49825,0.86622834,0.1337717
46028,0.8533875,0.14661248
57672,0.9993617,0.000638323
55038,0.84073263,0.15926735
10455,0.81872374,0.18127626
4440,0.21464899,0.785351
54769,0.68711746,0.31288257
19874,0.00063217425,0.9993679
61517,0.8177083,0.18229166
62358,0.6666491,0.33335096
52202,0.8033567,0.19664332
10172,0.33388573,0.66611433
1750,0.90715724,0.092842825
34334,0.3940062,0.60599387
35440,0.7160842,0.28391582
1589,0.93281835,0.067181595
52718,0.5688692,0.43113083
46814,0.86364836,0.13635159
32407,0.039534196,0.9604657
5384,0.11205314,0.88794684
49665,0.9323314,0.06766856
14453,0.02831259,0.9716874
16315,0.002175023,0.997825
32756,0.32131255,0.67868745
58563,0.9368049,0.063195154
7908,0.62167805,0.37832198
31884,0.19624604,0.803754
22543,0.045842472,0.9541576
5430,0.53857046,0.46142954
21299,0.022503454,0.9774966
9539,0.44662592,0.55337405
41153,0.00064940756,0.9993506
38481,0.023276927,0.97672313
35478,0.5523213,0.4476787
13857,0.050358593,0.9496414
53199,0.8232672,0.17673276
5914,0.33187956,0.6681205
62155,0.8572165,0.14278352
29931,0.098130204,0.9018698
41772,0.002664865,0.99733514
7561,0.79193234,0.20806769
53981,0.970086,0.029914005
25466,0.0022505075,0.9977495
50584,0.9137599,0.08624013
58476,0.96833915,0.03166081
9195,0.61328447,0.38671556
46260,0.6820122,0.31798786
37486,0.013342223,0.9866578
9310,0.07777961,0.9222204
48634,0.7673159,0.23268408
59349,0.4780549,0.52194506
47923,0.6182024,0.38179758
25083,0.009468989,0.990531
59532,0.6626634,0.33733663
50974,0.9508004,0.049199615
55293,0.6554333,0.34456673
23780,0.012973903,0.98702604
11745,0.73853916,0.26146084
22796,0.005180937,0.9948191
35045,0.7748531,0.22514689
632,0.05249916,0.9475009
23426,0.06083289,0.93916714
59734,0.6265033,0.37349674
13575,0.8013971,0.19860293
49122,0.90807444,0.09192561
18874,0.0004969796,0.999503
28719,0.014793558,0.9852064
16508,0.0082452055,0.9917548
4521,0.7274005,0.2725995
14657,0.08961709,0.9103829
24256,0.0029808031,0.9970192
63333,0.6506782,0.34932178
47794,0.9323603,0.0676397
63123,0.98426974,0.015730249
58337,0.9695929,0.030407045
60921,0.93751776,0.062482264
5150,0.67405456,0.32594538
45343,0.87495494,0.12504499
4760,0.95361537,0.046384685
54501,0.8385042,0.1614958
57101,0.77318496,0.22681512
57092,0.85793483,0.1420652
61963,0.9560884,0.043911573
39784,0.0010070624,0.998993
42197,0.048830222,0.9511698
4011,0.3750049,0.6249951
35064,0.8645195,0.13548048
11212,0.02812928,0.9718707
23163,0.015510469,0.98448956
24625,0.004213479,0.9957865
10371,0.8423604,0.15763958
30642,0.02443042,0.9755696
60732,0.65549535,0.34450465
29128,0.06478274,0.93521726
50703,0.718662,0.281338
31644,0.26035804,0.73964196
686,0.4439229,0.55607706
17413,0.0009866913,0.9990133
16347,0.04412359,0.9558764
53415,0.6838111,0.3161889
10199,0.87292856,0.12707146
42252,0.23251238,0.7674876
12851,0.09415421,0.9058458
36170,0.006982438,0.99301755
56835,0.99559194,0.0044080913
18108,0.0027489667,0.997251
16440,0.00294725,0.9970528
57751,0.9414921,0.058507875
47697,0.9203396,0.07966046
22940,0.014741012,0.98525894
32909,0.32584116,0.6741588
22520,0.1631646,0.8368354
39377,0.10616026,0.8938397
33510,0.21227112,0.78772885
61972,0.637743,0.362257
598,0.17818819,0.8218118
62859,0.863093,0.13690698
45260,0.5473734,0.45262656
50512,0.9160049,0.08399515
51316,0.8563007,0.14369921
9338,0.8827907,0.11720933
10968,0.036768433,0.9632315
7489,0.61325437,0.38674563
34291,0.23659766,0.7634023
17931,0.002710585,0.9972894
41200,0.013081998,0.98691803
47171,0.82374144,0.1762586
3898,0.7720284,0.22797158
30428,0.5271734,0.4728266
51953,0.76917917,0.2308208
4236,0.13463984,0.8653602
60471,0.4895774,0.5104226
62926,0.58481646,0.41518354
22953,0.0086929845,0.99130696
1417,0.81817687,0.18182309
64839,0.7340984,0.26590165
5816,0.04530801,0.95469195
45559,0.60272396,0.39727607
33255,0.72438675,0.27561325
38943,0.0034593674,0.9965406
43076,0.02237025,0.9776298
61641,0.5485085,0.45149148
31940,0.22705068,0.77294934
21857,0.0726329,0.92736715
56576,0.8196693,0.18033066
17467,0.0067111794,0.9932888
14117,0.004540425,0.9954595
9916,0.002876843,0.9971232
57663,0.9997179,0.00028206955
38360,0.048939567,0.9510604
44086,0.8497236,0.1502764
30188,0.5543491,0.44565094
13685,0.5612483,0.4387517
23863,0.01723481,0.98276514
20085,0.0004776874,0.9995223
2234,0.6321424,0.3678576
55090,0.71549845,0.28450158
3870,0.010786923,0.98921305
44627,0.9579948,0.0420052
23059,0.03942137,0.9605786
27982,0.043246962,0.9567531
33504,0.123621866,0.8763781
39907,0.00030608606,0.999694
24232,0.014329593,0.9856704
41719,0.02307498,0.976925
19372,0.04177662,0.95822346
38354,0.023979293,0.9760207
16933,0.0022818139,0.9977182
50245,0.4418378,0.5581622
31246,0.038448587,0.96155137
36890,0.008474611,0.99152535
22782,0.005137344,0.9948626
10364,0.040199596,0.9598005
18343,0.25235134,0.7476487
58408,0.96785116,0.032148834
51294,0.8311981,0.16880192
17440,0.0022074915,0.9977925
21797,0.0049316892,0.9950683
49076,0.95616364,0.043836422
59205,0.06561509,0.93438494
11838,0.005900465,0.9940996
561,0.03143149,0.9685685
6922,0.30700794,0.6929921
53927,0.5167082,0.48329175
9700,0.533041,0.46695903
30774,0.0015204411,0.99847955
55202,0.6924257,0.30757427
30427,0.12362936,0.87637067
8200,0.6860406,0.31395942
57988,0.9703016,0.029698407
1532,0.85061246,0.14938758
57432,0.9923613,0.0076386738
2391,0.45624435,0.5437556
49871,0.92115325,0.07884678
56182,0.8937153,0.10628467
55511,0.78822863,0.21177135
48545,0.68079054,0.31920946
53568,0.97236234,0.027637651
40290,0.01420374,0.9857963
23853,0.0117746405,0.98822534
42909,0.13096213,0.86903787
20499,0.5553318,0.44466814
20,0.050235964,0.9497641
36406,0.0068938215,0.9931062
26266,0.01761853,0.9823814
36630,0.019364068,0.98063594
49013,0.5701925,0.42980748
14126,0.62666416,0.37333587
24524,0.0028511959,0.9971488
6281,0.55142367,0.44857627
44683,0.8642986,0.13570142
58338,0.97657734,0.023422655
40076,0.009454385,0.99054563
22885,0.00964793,0.9903521
8979,0.76675594,0.23324408
59528,0.03793672,0.9620633
18186,0.0032946684,0.99670535
13182,0.014202552,0.98579746
25158,0.02986221,0.97013783
29031,0.3186305,0.68136954
47266,0.5919739,0.4080261
24233,0.003965723,0.9960343
55188,0.9026776,0.09732248
48467,0.96087724,0.039122775
47966,0.28955272,0.7104473
20465,0.8011254,0.19887464
4686,0.8604327,0.13956729
37481,0.01609976,0.9839002
61653,0.6107946,0.38920537
16997,0.019864732,0.98013526
13147,0.043503124,0.9564969
10401,0.011387367,0.9886127
25141,0.025306972,0.97469306
60749,0.7657904,0.2342096
30157,0.082159296,0.9178407
52950,0.8997343,0.10026568
7333,0.36402294,0.6359771
11219,0.00038367216,0.99961627
58957,0.37588218,0.62411785
54778,0.6506087,0.34939128
10702,0.3855598,0.6144402
24013,0.002379749,0.9976203
29548,0.10842889,0.8915711
39582,0.0011130774,0.9988869
17092,0.0014552722,0.9985448
48252,0.9105052,0.089494854
37023,0.13681222,0.8631878
39660,0.0018606192,0.9981394
57748,0.9895315,0.010468469
12507,0.015086638,0.9849134
30783,0.020193845,0.9798061
30308,0.0736357,0.92636436
24161,0.0045026955,0.99549735
17030,0.00933235,0.99066764
16312,0.007645537,0.9923544
11781,0.45672062,0.5432794
22305,0.0018964207,0.9981035
24403,0.007562637,0.9924374
17888,0.00095107604,0.9990489
38739,0.087483846,0.9125162
659,0.18518506,0.814815
29078,0.59353983,0.4064602
38616,0.14574033,0.85425967
13860,0.0070922025,0.99290776
49244,0.7956118,0.20438816
56096,0.9051072,0.09489281
63559,0.31075698,0.689243
6940,0.3308519,0.669148
34845,0.822543,0.17745699
62429,0.70400554,0.2959945
12910,0.15322207,0.8467779
2135,0.71325815,0.28674185
54626,0.8246332,0.17536685
9432,0.44898757,0.5510124
57914,0.9789524,0.021047601
50658,0.8021442,0.1978558
59456,0.59653896,0.40346107
58994,0.7042777,0.29572234
34494,0.7594633,0.2405367
59600,0.98726183,0.012738123
53773,0.7272057,0.2727943
39454,0.17461698,0.82538307
9061,0.40773413,0.59226584
56258,0.9989483,0.0010517084
22299,0.0104946,0.98950535
1899,0.88040924,0.119590804
43435,0.72622573,0.27377427
60265,0.27456856,0.72543144
27327,0.016371474,0.9836285
28025,0.06835967,0.9316403
41350,0.0043752897,0.9956247
34721,0.18007682,0.8199232
27999,0.054240055,0.94575995
44080,0.88515073,0.11484927
59641,0.61456096,0.38543907
16850,0.014028095,0.9859719
56770,0.9997547,0.00024530492
60074,0.18632333,0.8136767
51301,0.82262677,0.17737323
34829,0.7845805,0.21541944
43827,0.97331583,0.026684219
61181,0.95006686,0.049933143
10598,0.9070006,0.09299946
58239,0.9894415,0.010558518
25256,0.0052316426,0.9947684
17288,0.0010302494,0.9989698
27341,0.0037264854,0.9962735
5983,0.75544065,0.24455932
5253,0.3223868,0.67761326
26293,0.05777307,0.94222695
49910,0.65437484,0.3456251
48940,0.90828127,0.091718696
63462,0.5808775,0.41912252
25784,0.17575347,0.8242465
4971,0.1550792,0.8449208
46646,0.77013564,0.22986431
20419,0.65997237,0.34002757
34089,0.43853205,0.561468
26407,0.00069851853,0.99930143
57525,0.9278669,0.07213314
17212,0.0039898725,0.99601007
9348,0.8261086,0.17389144
59165,0.3836741,0.616326
42239,0.079727404,0.92027265
46459,0.6477075,0.3522925
13670,0.8405576,0.15944244
35485,0.63947284,0.36052716
8560,0.7744305,0.22556947
57529,0.9475824,0.052417528
37221,0.25933504,0.740665
56943,0.97561616,0.024383914
29773,0.0073142294,0.9926858
10225,0.01944267,0.9805573
17326,0.0008167031,0.99918324
4273,0.14620613,0.8537938
13591,0.19301406,0.806986
48794,0.8923777,0.107622325
28166,0.0018792285,0.9981207
22420,0.0013448622,0.9986551
63224,0.7606532,0.2393468
19099,0.0044287858,0.9955712
41974,0.23377353,0.76622653
63046,0.75934345,0.24065663
7235,0.017645441,0.98235464
60685,0.30952734,0.6904727
54886,0.11494051,0.8850595
39053,0.071214736,0.9287852
5056,0.27856597,0.721434
62043,0.8692432,0.13075678
28182,0.001459765,0.9985403
59697,0.25624397,0.743756
698,0.32707345,0.67292655
30425,0.11503259,0.88496745
7084,0.009378376,0.9906217
32254,0.16077754,0.83922243
58923,0.579746,0.42025396
34209,0.80982405,0.19017588
24266,0.0007736632,0.99922633
58816,0.5694302,0.4305699
21986,0.5307291,0.4692709
43012,0.0048916293,0.9951083
10422,0.16718948,0.8328105
41449,0.31454495,0.685455
62488,0.7175615,0.28243858
49514,0.9648963,0.035103705
53552,0.53915346,0.46084648
55075,0.63486326,0.3651368
21960,0.034824193,0.96517575
2761,0.6230433,0.37695667
15511,0.02055744,0.97944254
17496,0.009737438,0.9902625
38479,0.028725106,0.9712749
53720,0.27295566,0.7270443
54968,0.25124133,0.7487587
24675,0.021964278,0.9780357
4322,0.04234195,0.9576581
39180,0.044047523,0.95595247
63453,0.15240492,0.8475951
27941,0.01781208,0.9821879
26047,0.014156108,0.9858439
50421,0.88492185,0.11507816
24064,0.103275776,0.8967243
46920,0.8935157,0.10648424
63124,0.92577606,0.07422393
18458,0.0012469835,0.99875295
55530,0.835883,0.164117
43708,0.8996043,0.10039562
7484,0.72313565,0.27686432
361,0.12024076,0.87975925
861,0.3763972,0.6236028
31128,0.0027252831,0.9972747
31497,0.16439538,0.8356046
18778,0.0006806033,0.99931943
29024,0.22354683,0.7764532
63784,0.70898163,0.29101837
290,0.25507197,0.74492806
62226,0.92577606,0.07422393
31021,0.0047386694,0.9952614
53860,0.9399425,0.060057495
5374,0.68348366,0.31651637
16754,0.0019959726,0.998004
19490,0.009198048,0.990802
7986,0.24144836,0.75855166
11497,0.8560196,0.14398034
23331,0.008853884,0.99114615
54826,0.88788,0.112119965
57010,0.9515308,0.048469234
15572,0.008411697,0.9915883
42348,0.0060522133,0.99394774
54380,0.9167636,0.08323641
22183,0.007590498,0.99240947
5443,0.05911957,0.9408805
24842,0.16276643,0.83723354
36411,0.0091585945,0.9908414
44963,0.96120894,0.038790993
27710,0.0068394262,0.9931606
61907,0.8747538,0.12524618
64790,0.7360308,0.2639692
52903,0.9291591,0.07084093
5107,0.8157969,0.1842031
12267,0.23837593,0.76162404
62286,0.7966089,0.20339112
45487,0.8245855,0.17541447
11930,0.39307305,0.6069269
16368,0.0067652445,0.9932347
2776,0.8980748,0.10192523
40942,0.097811,0.90218896
9978,0.10956862,0.8904314
40821,0.4393525,0.5606475
394,0.7172941,0.28270596
43855,0.43584633,0.56415373
54609,0.48792428,0.5120757
20425,0.26302528,0.7369748
57929,0.9833829,0.016617082
56677,0.9777039,0.022295997
62388,0.80690426,0.19309571
2202,0.5454749,0.45452517
24605,0.13418093,0.8658191
40397,0.015764898,0.98423505
39745,0.0003931539,0.9996069
17618,0.00073386054,0.9992661
8522,0.7589138,0.24108621
25954,0.0067719156,0.99322814
3787,0.63348305,0.36651698
1913,0.6833666,0.31663343
41005,0.3089311,0.69106895
59601,0.9853221,0.0146779185
41946,0.042668767,0.9573312
693,0.19637959,0.80362046
39886,0.00022290442,0.99977714
21112,0.44899184,0.55100816
28458,0.0020248815,0.9979752
12706,0.12135177,0.8786483
16584,0.024105854,0.9758941
14217,0.33272037,0.6672796
53647,0.8866311,0.113368936
64183,0.5016389,0.49836108
16149,0.0039295186,0.9960705
29352,0.04477889,0.95522106
11453,0.0040640575,0.9959359
29733,0.012199246,0.9878007
28099,0.0038723436,0.99612767
34821,0.5435982,0.4564018
34606,0.42932376,0.57067627
27702,0.04513784,0.9548621
10399,0.67928416,0.3207158
40867,0.15955742,0.8404426
38352,0.05739371,0.94260633
58396,0.9771277,0.02287234
11944,0.006027666,0.99397236
28531,0.32697722,0.67302275
44508,0.9231566,0.07684337
25022,0.004771394,0.99522865
43621,0.85435486,0.14564514
42204,0.044377297,0.9556227
45323,0.9192453,0.08075473
3488,0.6013352,0.39866483
17191,0.0026594212,0.9973406
60915,0.995523,0.0044769957
37288,0.00910265,0.99089736
52864,0.6330765,0.36692354
61725,0.88994855,0.11005145
17159,0.02229541,0.97770464
44724,0.9527465,0.04725347
57923,0.97945434,0.020545647
2729,0.48934552,0.5106545
32089,0.034458544,0.9655415
28902,0.028690794,0.9713092
31312,0.13105637,0.86894363
15420,0.11054359,0.8894564
58990,0.34733635,0.6526637
46570,0.90958554,0.09041451
64923,0.848041,0.15195902
61960,0.9452858,0.05471421
48748,0.92712915,0.072870836
9499,0.18150711,0.8184928
5183,0.38692677,0.6130733
44718,0.6670295,0.33297047
52708,0.58404535,0.4159547
15168,0.000721755,0.99927825
61758,0.94613594,0.05386404
40542,0.00152596,0.99847406
30507,0.015660245,0.9843397
7106,0.36027023,0.6397298
9498,0.7698793,0.23012067
46303,0.956844,0.043155987
64507,0.7035931,0.29640692
64782,0.8352309,0.16476911
29564,0.2448476,0.75515246
14163,0.033153825,0.96684617
31643,0.21350197,0.78649807
1028,0.80718195,0.19281803
63079,0.67663616,0.32336384
17868,0.038078435,0.9619215
52561,0.29493082,0.7050692
64806,0.8650734,0.13492666
15023,0.07947923,0.9205207
14242,0.061747506,0.9382525
2985,0.11096402,0.88903594
25646,0.07069249,0.9293075
63893,0.5979474,0.4020526
49194,0.93462896,0.065371014
57188,0.7844099,0.21559006
45601,0.93699247,0.06300751
49537,0.96064645,0.039353497
65016,0.6292961,0.3707039
22073,0.10227038,0.8977296
2015,0.5078511,0.49214888
47724,0.62570214,0.37429783
30031,0.016470678,0.9835293
12154,0.05755543,0.9424446
48335,0.52879494,0.47120512
59564,0.9699682,0.030031782
31333,0.24505787,0.7549421
5939,0.69635034,0.3036497
45290,0.14911868,0.8508813
27282,0.011357046,0.988643
1154,0.66112137,0.3388786
53018,0.8358155,0.16418453
14848,0.019810202,0.98018974
62045,0.845702,0.15429796
29880,0.0030745603,0.9969254
28345,0.0031235223,0.9968765
47197,0.9783306,0.021669319
49442,0.4366747,0.56332535
27291,0.008268935,0.9917311
55562,0.9341119,0.06588811
858,0.4951626,0.5048374
60670,0.6276169,0.37238312
15928,0.0011771001,0.99882287
20835,0.63410944,0.36589053
45050,0.9301542,0.06984574
31744,0.15787798,0.842122
59868,0.80807143,0.1919286
23816,0.006331879,0.99366814
33112,0.26075333,0.7392467
4594,0.671376,0.32862398
33364,0.12504832,0.87495166
16794,0.015538599,0.98446137
33805,0.23670833,0.76329166
22797,0.0011454406,0.9988545
1650,0.85861874,0.14138125
33782,0.3471466,0.6528534
26352,0.059009574,0.94099045
25747,0.26468536,0.73531467
37226,0.83628887,0.16371116
52843,0.5358094,0.46419063
20479,0.3485349,0.65146506
15784,0.00024700174,0.99975294
25311,0.02059952,0.97940046
29234,0.14258775,0.8574123
21482,0.059756752,0.9402433
13725,0.4905249,0.5094751
2217,0.60600716,0.39399287
48417,0.89665854,0.10334144
31450,0.304087,0.695913
58519,0.94945157,0.05054844
54315,0.6791245,0.3208755
46275,0.6119046,0.3880954
23145,0.07206294,0.9279371
9430,0.5065196,0.4934804
62361,0.767262,0.23273799
55454,0.40212744,0.5978726
10280,0.8183931,0.18160683
11121,0.20731418,0.7926858
59056,0.782229,0.21777096
50856,0.93058026,0.06941969
45836,0.3701474,0.62985253
28213,0.028029438,0.9719705
19380,0.001518532,0.99848145
31528,0.17241313,0.8275868
19413,0.00037325508,0.99962676
54097,0.10096578,0.89903426
32219,0.11520411,0.88479584
12276,0.41415954,0.58584046
38423,0.03347078,0.96652925
1668,0.5530962,0.44690382
21290,0.0019348504,0.9980652
57240,0.9524646,0.04753545
62959,0.88934547,0.110654555
50970,0.7074802,0.29251978
41644,0.023525545,0.97647446
3048,0.34039062,0.6596093
36748,0.11653857,0.8834615
61139,0.76779705,0.23220292
24689,0.0087419655,0.99125797
16718,0.0039253393,0.9960747
56340,0.8219233,0.17807662
34659,0.5559987,0.4440013
36293,0.08050178,0.9194982
29956,0.041095372,0.9589046
61264,0.9359804,0.06401958
48796,0.8716595,0.12834044
23870,0.0016062931,0.9983937
16567,0.0023337612,0.99766624
10866,0.65957165,0.3404283
44618,0.9553984,0.044601664
65072,0.7791814,0.22081853
27082,0.0022376967,0.9977623
41491,0.3230457,0.6769543
38938,0.48822692,0.5117731
8359,0.48236358,0.51763636
33507,0.17497875,0.8250212
12370,0.0055877464,0.99441224
46386,0.040265024,0.95973504
38781,0.10435786,0.8956421
4325,0.09285068,0.9071494
63389,0.11867977,0.88132024
6264,0.6778687,0.32213125
16736,0.0020424393,0.9979576
28211,0.018623225,0.9813767
33128,0.34724566,0.6527543
22028,0.5562305,0.44376945
626,0.076095946,0.92390406
1808,0.7894738,0.21052623
2000,0.6593789,0.3406211
65140,0.8094831,0.19051686
10161,0.15412915,0.84587085
15396,0.22309253,0.7769075
60380,0.30104375,0.69895625
15195,0.82173014,0.17826988
59969,0.8548325,0.14516756
37157,0.03657418,0.96342576
61716,0.7682225,0.23177749
52562,0.5327857,0.46721426
6337,0.38024974,0.61975026
15840,0.0041657654,0.99583423
51472,0.5816459,0.41835412
63279,0.30005723,0.6999428
53013,0.7949101,0.20508996
58235,0.9843078,0.01569212
8841,0.53261817,0.46738186
41230,0.08761163,0.9123883
41473,0.60996294,0.39003703
18993,0.0022101388,0.99778986
33531,0.2943843,0.7056157
45326,0.88433826,0.11566178
6063,0.7500171,0.24998292
23501,0.05550419,0.94449586
32469,0.09164349,0.90835655
28459,0.003117411,0.99688256
26323,0.004110421,0.9958896
31036,0.017818956,0.9821811
2439,0.88832825,0.111671716
22560,0.00094177434,0.9990582
31070,0.021064812,0.9789352
50633,0.7361118,0.26388815
20935,0.21122524,0.7887747
37363,0.013872035,0.986128
34354,0.2789389,0.72106105
3171,0.049830936,0.95016915
31850,0.0988515,0.90114844
59637,0.79931515,0.20068485
23931,0.004177631,0.9958223
17569,0.0042286026,0.99577135
15871,0.008541152,0.9914588
57493,0.9918915,0.00810851
5157,0.9530679,0.04693216
51926,0.95203817,0.047961883
63303,0.22882162,0.7711784
42532,0.007972649,0.99202734
49050,0.5964729,0.4035271
50532,0.9186735,0.08132653
59396,0.46988547,0.53011453
29711,0.11603661,0.88396347
63967,0.96515113,0.034848835
41796,0.0067218435,0.9932782
45558,0.6196867,0.38031328
58177,0.9933769,0.0066230996
15819,0.004899316,0.9951007
19988,0.0009802491,0.99901974
46378,0.97414196,0.025858093
515,0.17774244,0.8222575
37907,0.04960269,0.9503973
31933,0.19729637,0.8027037
63092,0.7891229,0.21087712
45152,0.83065075,0.1693493
64282,0.8550196,0.14498037
31338,0.14612612,0.85387385
30383,0.061583374,0.93841666
8543,0.7709255,0.22907446
25989,0.6034321,0.3965679
18811,0.0002995407,0.99970055
55051,0.46938506,0.530615
31442,0.4754793,0.5245207
38936,0.00042510394,0.99957484
30347,0.11916723,0.88083273
1667,0.87633353,0.12366648
15700,0.022478273,0.9775218
64557,0.7020015,0.29799846
39299,0.20746326,0.79253674
21133,0.29811507,0.7018849
26580,0.6575451,0.3424549
28815,0.041432425,0.95856756
19480,0.026434997,0.973565
50436,0.70760834,0.29239166
42582,0.4380217,0.5619783
62371,0.8267968,0.1732032
36261,0.12485336,0.8751466
55264,0.58861846,0.4113815
46712,0.72189003,0.27811003
55550,0.8494549,0.15054512
44550,0.84891206,0.15108791
43807,0.89082503,0.109174974
27265,0.0026530582,0.9973469
45228,0.44983548,0.5501645
17874,0.0024011952,0.9975988
41981,0.62201256,0.37798744
37824,0.034867164,0.9651328
58008,0.97810274,0.021897256
14111,0.002542388,0.9974577
28268,0.007819166,0.9921808
31465,0.015999775,0.98400027
14100,0.038986523,0.9610135
14294,0.005180175,0.9948198
21343,0.15645742,0.8435425
63850,0.2821069,0.71789306
26035,0.008130713,0.99186933
60339,0.47220376,0.5277962
55205,0.7270582,0.2729418
35844,0.16677146,0.8332285
11586,0.5775397,0.42246032
64361,0.786898,0.21310198
46763,0.863031,0.13696902
31084,0.00067191565,0.99932814
41070,0.19097729,0.80902267
3088,0.598668,0.40133202
8605,0.04881507,0.95118487
15202,0.18616816,0.8138318
41297,0.045342688,0.9546573
44801,0.85911626,0.14088373
35505,0.22283542,0.7771646
2180,0.69510376,0.3048962
17847,0.0076953997,0.9923046
52285,0.7645393,0.23546065
45789,0.34499753,0.6550025
18179,0.0018446058,0.9981554
2040,0.17199071,0.8280093
7819,0.13318266,0.8668173
27592,0.05033123,0.9496688
27812,0.02138167,0.9786184
17564,0.00077555876,0.9992244
27724,0.005507338,0.99449265
3333,0.06268633,0.9373137
48253,0.884401,0.11559896
9759,0.7471237,0.2528763
14497,0.1663148,0.8336852
38361,0.04837592,0.95162404
15397,0.43888402,0.5611159
28876,0.014404388,0.9855956
34594,0.55656946,0.4434306
8272,0.5316605,0.46833956
43497,0.9507925,0.04920759
10164,0.33001557,0.6699844
33870,0.3618154,0.63818467
15052,0.46658075,0.53341925
61420,0.7427144,0.2572856
62244,0.99057794,0.0094221
21360,0.043475267,0.9565247
8217,0.53993356,0.4600664
12663,0.39769486,0.6023051
21847,0.29936576,0.70063424
50502,0.8156784,0.18432155
574,0.24599487,0.75400513
55582,0.8601959,0.13980415
14124,0.003570962,0.996429
20033,0.000388904,0.9996111
37208,0.43061036,0.56938964
13655,0.84575284,0.15424716
26942,0.5220861,0.47791386
45281,0.9163422,0.08365779
59171,0.667237,0.33276302
21532,0.0050904253,0.9949096
20276,0.006073814,0.9939262
11144,0.36879963,0.63120043
7657,0.17182712,0.8281729
27268,0.0066827554,0.99331725
33484,0.20255254,0.79744744
29688,0.48594627,0.51405376
20745,0.18190435,0.8180956
26614,0.7504981,0.24950185
18932,0.00054096285,0.9994591
60686,0.23486717,0.76513284
48374,0.8773479,0.12265218
44273,0.89293605,0.107063964
38122,0.009133867,0.9908661
53513,0.8684831,0.13151693
31492,0.42210335,0.57789665
17657,0.0067864694,0.99321353
17846,0.045967504,0.9540325
4837,0.9547465,0.045253523
36610,0.0562191,0.9437809
41023,0.44824252,0.5517575
91,0.023623798,0.9763762
34904,0.64280444,0.35719553
5556,0.2541413,0.7458587
40141,0.00025861274,0.9997414
19946,0.00043357833,0.9995664
49528,0.4901989,0.50980103
42775,0.02137463,0.97862536
31713,0.20280562,0.7971944
17295,0.00054707576,0.9994529
35426,0.6613146,0.33868542
56756,0.98035985,0.019640116
30275,0.12292933,0.87707067
29631,0.5643699,0.43563014
20059,0.00013877806,0.99986124
4995,0.70194477,0.29805523
32139,0.18752074,0.81247926
55727,0.24216779,0.7578322
6979,0.23338771,0.7666123
42629,0.825958,0.17404194
42995,0.26417673,0.7358233
62092,0.8004986,0.19950144
41960,0.19463997,0.80536
6308,0.88943607,0.11056387
13993,0.47317463,0.5268253
64241,0.7763845,0.22361553
10311,0.091062754,0.9089372
53759,0.24234998,0.75765
56128,0.99921584,0.00078415696
26931,0.4988416,0.5011584
37043,0.65204483,0.3479551
19068,0.009810328,0.99018973
41814,0.025623653,0.9743764
48264,0.90464544,0.09535454
44183,0.957813,0.04218696
9613,0.6220373,0.3779627
19954,0.00012119446,0.99987876
5905,0.5537894,0.44621062
46304,0.88481647,0.11518349
17078,0.0075988146,0.9924011
46003,0.98011565,0.019884305
33971,0.27808177,0.7219182
17136,0.006352084,0.9936479
51350,0.72420055,0.2757995
56170,0.74793285,0.25206712
3450,0.4323896,0.5676104
36213,0.0015182283,0.9984818
40497,0.009510013,0.99048996
62921,0.9984794,0.0015206091
52530,0.63835204,0.36164796
15085,0.8274538,0.17254622
37794,0.0047055646,0.9952944
7905,0.024444299,0.97555566
32113,0.061300784,0.93869925
6263,0.45441237,0.5455876
35250,0.75356656,0.24643339
51274,0.94216937,0.057830628
48915,0.8810732,0.118926845
27713,0.0100502055,0.9899498
4923,0.5047755,0.49522445
27001,0.33597514,0.66402483
25055,0.105950676,0.8940493
62058,0.81603414,0.18396585
13402,0.0314269,0.9685731
36897,0.18135452,0.8186455
53506,0.81464845,0.18535152
23284,0.004464619,0.9955354
41236,0.010018128,0.98998183
19344,0.007507454,0.9924926
20574,0.26945058,0.7305494
1118,0.39487243,0.6051276
8609,0.73394847,0.2660516
46155,0.9677623,0.032237723
5012,0.5310458,0.4689542
20486,0.43735,0.56264997
17243,0.0017486812,0.99825126
49969,0.9475855,0.052414488
38547,0.21332352,0.78667647
44153,0.69358456,0.30641544
28816,0.046068273,0.9539317
63810,0.39901957,0.6009804
47044,0.9239648,0.07603524
36991,0.29791155,0.7020884
59848,0.6751979,0.32480207
56411,0.9192143,0.08078566
1032,0.7113181,0.28868192
580,0.45534086,0.54465914
27646,0.019390315,0.9806097
6971,0.6870981,0.3129019
31901,0.22213379,0.7778662
54012,0.8841031,0.115896866
20871,0.05593393,0.9440661
11569,0.12600404,0.87399596
13807,0.12671779,0.8732822
15147,0.03843283,0.96156716
55854,0.8071512,0.19284879
4805,0.4692133,0.5307867
38368,0.14884478,0.8511552
59645,0.63192105,0.36807895
12580,0.0025143584,0.99748564
7539,0.8032151,0.19678488
15654,0.031302925,0.96869713
49867,0.9589889,0.041011106
35104,0.30590433,0.6940956
12514,0.6096608,0.39033923
52587,0.5233736,0.47662643
31703,0.5911806,0.40881935
47010,0.43194544,0.56805456
987,0.27321532,0.72678465
50242,0.6293149,0.37068513
19274,0.0034460989,0.9965539
1328,0.3289037,0.6710963
58760,0.71786433,0.28213564
40294,0.005775839,0.99422413
34050,0.44427943,0.55572057
37267,0.05470901,0.94529104
56670,0.94658905,0.053410947
47185,0.8398224,0.16017765
2171,0.82241964,0.17758036
31181,0.0029214823,0.99707854
62949,0.9655574,0.03444257
46659,0.7969857,0.20301431
48351,0.9450779,0.05492204
54161,0.84313154,0.15686849
44587,0.86347353,0.13652648
50647,0.75629514,0.2437049
50234,0.2511883,0.7488117
28677,0.0076306392,0.9923693
39381,0.15469976,0.8453002
10506,0.4375986,0.5624015
58366,0.97421163,0.02578841
63143,0.5630735,0.43692648
61609,0.9993907,0.0006092771
41452,0.023451867,0.97654814
2625,0.3362896,0.6637104
23189,0.027875844,0.97212416
6133,0.47939664,0.52060336
53545,0.75375307,0.24624696
22140,0.30097654,0.6990234
5595,0.5009453,0.49905464
21827,0.02667372,0.9733263
58669,0.8239311,0.17606895
26143,0.0076732594,0.9923267
59186,0.17397656,0.82602346
33946,0.2228219,0.7771781
11093,0.33684617,0.6631538
33634,0.5331231,0.46687695
14557,0.7707385,0.22926156
38789,0.0017239986,0.998276
7442,0.03642196,0.96357805
16851,0.007840027,0.9921599
32538,0.39466062,0.6053394
185,0.13837844,0.86162156
28042,0.015820796,0.9841792
22835,0.003005457,0.9969945
38644,0.00039898237,0.99960107
34029,0.32161555,0.6783845
62456,0.9326038,0.06739616
8056,0.58032876,0.4196713
24362,0.0069027296,0.99309725
58821,0.80233896,0.19766103
26306,0.01344951,0.98655045
10018,0.70566803,0.294332
53763,0.30058667,0.6994133
26040,0.004700732,0.9952992
14192,0.033106226,0.9668938
19081,0.010750872,0.9892491
42959,0.11304677,0.8869533
17526,0.006801367,0.9931986
25612,0.07514428,0.9248557
18117,0.0017384447,0.9982615
32266,0.124632396,0.8753676
42755,0.047024872,0.9529751
42998,0.7970106,0.20298946
15939,0.0034940988,0.996506
49963,0.54482865,0.45517138
29794,0.0050614653,0.9949385
2347,0.19082752,0.8091725
34794,0.7891229,0.21087712
64994,0.7821048,0.21789521
43249,0.0077403453,0.9922597
1307,0.5232782,0.47672182
35028,0.8104914,0.18950859
4435,0.8578935,0.14210653
60609,0.33000988,0.6699901
37493,0.046547476,0.9534525
53621,0.7972625,0.20273754
16862,0.0010870111,0.99891305
39151,0.0013837604,0.9986162
11198,0.038323086,0.96167696
5985,0.02906455,0.9709355
38871,0.0032563196,0.9967437
56027,0.9965411,0.0034588974
45391,0.9053087,0.094691224
30939,0.018902808,0.9810972
18157,0.0009895326,0.99901044
12599,0.2525856,0.74741435
29599,0.03854968,0.96145034
21590,0.33985877,0.6601412
59597,0.95437634,0.045623634
18523,0.00059111306,0.99940884
17044,0.003826617,0.99617344
11071,0.006027746,0.99397224
48781,0.7718402,0.22815974
11767,0.62388855,0.37611142
55755,0.7894645,0.21053557
37853,0.0006264383,0.9993736
7143,0.4009847,0.5990153
8773,0.13885495,0.8611451
31772,0.20501488,0.7949851
28975,0.20452906,0.7954709
10419,0.93821317,0.061786834
62153,0.9628984,0.037101608
52031,0.5978986,0.40210137
35818,0.13774943,0.86225057
6211,0.12952368,0.8704763
55858,0.5077105,0.49228954
23542,0.0018140407,0.99818593
524,0.5072665,0.49273345
59525,0.17951816,0.82048184
32029,0.09353721,0.9064628
64787,0.8134035,0.18659656
45546,0.9199082,0.08009184
55191,0.741726,0.25827402
4019,0.010120394,0.9898796
57720,0.8670602,0.13293977
60766,0.8754467,0.12455336
50432,0.8566115,0.14338845
32718,0.3006288,0.6993712
60917,0.6106804,0.3893196
21626,0.006483421,0.99351656
14687,0.32877478,0.67122525
11618,0.8004556,0.19954443
60818,0.46804118,0.53195876
58063,0.9945686,0.005431465
62855,0.91152513,0.08847487
9553,0.2829994,0.7170006
50373,0.92691445,0.07308559
54681,0.72369695,0.27630305
31867,0.051537722,0.94846225
38004,0.0014599008,0.99854016
37140,0.011898552,0.9881015
64825,0.84823334,0.15176666
20443,0.4633862,0.53661376
21659,0.04917098,0.95082897
23906,0.42832115,0.5716789
35757,0.24480401,0.755196
8253,0.06154175,0.93845826
7544,0.28442097,0.715579
30466,0.004086024,0.9959139
22452,0.002793561,0.9972064
20873,0.058137834,0.94186217
34979,0.79511535,0.20488462
30088,0.19139507,0.8086049
6135,0.67975926,0.32024077
39624,0.010431355,0.98956865
50677,0.8430675,0.15693249
10212,0.491514,0.50848603
19105,0.0007716366,0.99922836
21156,0.17606053,0.82393944
51071,0.50151753,0.4984825
21201,0.08904048,0.9109595
61642,0.37513292,0.6248671
350,0.1830645,0.8169355
26493,0.1749954,0.8250046
39760,0.0013878478,0.99861217
51627,0.94967014,0.05032993
4656,0.8418104,0.1581896
27030,0.0028928828,0.9971071
24568,0.0064965985,0.9935034
7153,0.4084108,0.5915892
52937,0.5684804,0.43151966
27898,0.28269002,0.71731
56324,0.89492005,0.10507998
52228,0.9412435,0.05875647
39622,0.00044184175,0.99955815
15893,0.00067307823,0.99932694
38611,0.3278281,0.67217183
36944,0.001990424,0.9980096
15561,0.0064846925,0.99351525
5954,0.66213226,0.33786777
43046,0.0036202436,0.9963798
20334,0.012269577,0.98773044
19002,0.0027308706,0.9972691
30285,0.19855803,0.80144197
14480,0.5909434,0.4090566
61512,0.7813652,0.21863478
7204,0.60813147,0.3918685
51974,0.052876364,0.94712365
53017,0.5267934,0.47320658
47893,0.6762823,0.32371774
26770,0.17127167,0.8287284
16196,0.29258707,0.7074129
57253,0.93007356,0.06992643
64718,0.6686958,0.33130425
42727,0.01959952,0.98040044
6692,0.013417843,0.98658216
24956,0.073655166,0.9263448
28560,0.5202622,0.47973776
31045,0.58069074,0.41930926
13024,0.64895993,0.35104004
62323,0.5917392,0.40826082
811,0.06684369,0.9331564
13166,0.006195697,0.99380434
53602,0.705995,0.29400498
19324,0.007270025,0.99272996
64172,0.50553304,0.494467
46222,0.97282773,0.027172232
39700,0.010804782,0.9891952
53638,0.8779865,0.122013524
48573,0.86742055,0.13257945
37234,0.11142434,0.8885756
56265,0.9188534,0.08114658
28072,0.003877291,0.99612266
44545,0.95800203,0.04199793
13630,0.6550425,0.34495744
12466,0.5248204,0.4751796
59593,0.64234805,0.357652
16376,0.0034711952,0.9965288
13767,0.44605792,0.5539421
51602,0.89293516,0.10706483
37026,0.5047894,0.49521056
6383,0.66468525,0.3353148
50031,0.38900015,0.6109999
40448,0.01675334,0.9832466
59672,0.6200252,0.37997478
11101,0.029221209,0.97077876
46812,0.73350567,0.26649433
42571,0.007041026,0.992959
28780,0.32638186,0.6736181
26151,0.008978884,0.9910211
63139,0.7970666,0.20293339
18541,0.0039896,0.9960104
44403,0.79660416,0.20339586
63955,0.9380411,0.061958924
21167,0.07320913,0.92679083
62952,0.5377141,0.46228588
49651,0.8850952,0.11490483
57242,0.8611147,0.13888532
14363,0.10501905,0.89498097
57506,0.9699941,0.030005833
43368,0.8543587,0.14564127
29849,0.01785996,0.98214
36080,0.017129313,0.9828707
29986,0.023753792,0.9762462
9564,0.8637647,0.13623534
8539,0.058899067,0.94110096
59918,0.51312,0.48688003
36486,0.06779951,0.93220043
42474,0.13024655,0.8697535
23878,0.0021674917,0.9978325
10165,0.14276974,0.8572303
37716,0.00025867883,0.99974126
8052,0.71457386,0.28542614
12356,0.098148696,0.90185136
16750,0.010141713,0.9898583
59718,0.6223239,0.37767613
43766,0.86198777,0.13801223
60800,0.24317265,0.75682735
29175,0.010241383,0.9897586
2614,0.1451827,0.85481733
19509,0.0052296054,0.99477035
52233,0.8887495,0.11125054
51007,0.84033203,0.15966798
44100,0.8724102,0.12758982
11205,0.9146733,0.08532665
64104,0.89570355,0.10429646
10733,0.7461657,0.25383428
3421,0.8931291,0.106870875
1623,0.6667736,0.33322635
50696,0.66269195,0.33730805
14588,0.5186696,0.48133042
52982,0.4785451,0.52145493
63806,0.3050382,0.6949618
55544,0.88147354,0.11852652
57917,0.9917755,0.0082245115
52096,0.76158214,0.23841788
4884,0.75967306,0.2403269
49723,0.8796925,0.12030747
16061,0.001409257,0.99859077
7914,0.4807705,0.51922953
59900,0.71894723,0.28105277
12418,0.014931978,0.985068
23765,0.33778614,0.66221386
43176,0.80665493,0.19334505
12360,0.6177029,0.38229707
55385,0.80986637,0.1901336
18454,0.007802987,0.99219704
4077,0.24972117,0.75027883
38243,0.016415931,0.9835841
5082,0.6362745,0.3637255
26828,0.13972165,0.86027837
47238,0.977557,0.02244303
42194,0.4395535,0.56044656
37394,0.04365598,0.956344
52422,0.80146545,0.19853452
14107,0.02980702,0.970193
3706,0.9065456,0.09345444
46911,0.7917909,0.20820907
39388,0.019903472,0.9800965
1683,0.08394519,0.91605484
57687,0.99988186,0.00011811433
28118,0.001776165,0.99822384
56098,0.9888905,0.011109513
14096,0.0011602925,0.9988397
45687,0.7207004,0.27929965
2837,0.5310415,0.46895844
9225,0.5972261,0.40277386
15781,0.0014201156,0.99857986
2184,0.63241035,0.36758965
44938,0.8823126,0.1176874
63258,0.6279515,0.37204853
16968,0.10129693,0.8987031
26916,0.00416888,0.9958311
10369,0.6338045,0.3661955
51872,0.8487166,0.15128343
7292,0.075626865,0.92437315
10097,0.23847523,0.76152474
56850,0.9370843,0.06291574
4121,0.12088769,0.87911236
2995,0.66546035,0.33453962
58016,0.92615235,0.07384771
57607,0.99970764,0.0002922963
298,0.17567451,0.82432544
13451,0.46437725,0.5356228
36121,0.24291195,0.757088
7824,0.7197122,0.28028774
8274,0.6292778,0.37072223
22713,0.009531633,0.9904683
46332,0.8658713,0.13412869
36382,0.0020775541,0.9979225
9976,0.3992406,0.60075945
9568,0.6189538,0.38104618
15019,0.0021943331,0.99780566
1320,0.43293774,0.56706226
10111,0.23315462,0.7668454
30941,0.7356166,0.26438338
4718,0.59106594,0.40893403
25992,0.008935704,0.9910643
55947,0.98714995,0.012850004
9820,0.8724278,0.12757216
37381,0.060667787,0.93933225
15073,0.1654888,0.8345112
83,0.030681793,0.9693182
40620,0.30140358,0.6985964
22374,0.053024698,0.9469753
59747,0.58752567,0.4124743
63126,0.84056824,0.15943174
49834,0.8596505,0.14034949
19484,0.028284874,0.97171515
9461,0.16633913,0.8336609
44132,0.8262281,0.1737719
6277,0.674106,0.325894
9941,0.10411619,0.8958838
59138,0.7005242,0.2994758
1752,0.8478479,0.15215206
10863,0.64915055,0.35084948
22042,0.444758,0.555242
60421,0.5894904,0.41050953
14671,0.012107251,0.9878927
5241,0.7616437,0.2383563
42530,0.073758855,0.9262412
43669,0.96301675,0.036983173
58862,0.6175145,0.38248554
48156,0.6967537,0.30324626
19359,0.0111884205,0.9888116
18315,0.0028811535,0.99711883
43672,0.93776226,0.062237673
40643,0.01914701,0.980853
3964,0.0016836236,0.9983164
22161,0.015216213,0.98478377
27728,0.006855971,0.99314404
63792,0.7676548,0.23234522
23389,0.006796631,0.9932034
56140,0.94142365,0.058576394
22759,0.027462564,0.97253746
34372,0.31215134,0.6878486
12495,0.08244074,0.9175592
6364,0.43747434,0.5625257
18489,0.0027798014,0.99722016
51752,0.89959884,0.100401156
6914,0.6378735,0.36212653
40990,0.17198958,0.82801044
9763,0.041916426,0.95808357
25092,0.013326847,0.9866731
6256,0.17390758,0.82609236
32320,0.30782786,0.69217217
30737,0.027502755,0.9724973
6420,0.73330307,0.2666969
62804,0.6635956,0.33640435
42507,0.6626849,0.33731502
52655,0.72425115,0.27574885
42575,0.021934329,0.97806567
3663,0.50195026,0.49804977
29023,0.15290993,0.84709
21696,0.62667674,0.37332332
30314,0.2897976,0.7102024
22450,0.0021368037,0.99786323
58053,0.98435473,0.015645303
6525,0.93565434,0.06434569
60061,0.16976,0.83024
61731,0.9145764,0.085423574
13824,0.047449425,0.9525506
25981,0.00809651,0.9919035
7878,0.2623259,0.73767406
62632,0.9895901,0.010409876
39741,0.0020343678,0.9979657
60992,0.9886708,0.011329136
63437,0.05968076,0.9403193
56565,0.8658386,0.13416143
58285,0.973871,0.026129046
46693,0.9614453,0.038554754
21787,0.005560654,0.99443936
25581,0.039417837,0.96058214
31987,0.080349445,0.91965055
23706,0.7641058,0.23589417
14035,0.0029335597,0.99706644
11300,0.04667823,0.95332175
65036,0.6203677,0.37963226
42437,0.5841561,0.41584393
8080,0.8157176,0.18428244
23837,0.0050062235,0.99499375
4630,0.055510916,0.94448906
35470,0.5554915,0.4445085
5995,0.59451145,0.4054885
41393,0.0050494177,0.99495053
55439,0.459208,0.54079205
40586,0.018516831,0.98148316
18308,0.16180615,0.83819383
40739,0.13177955,0.86822045
23311,0.030453147,0.9695469
49224,0.7458713,0.2541287
62680,0.818462,0.18153796
42341,0.12778811,0.87221193
57618,0.9998419,0.00015803277
28011,0.021138083,0.9788619
40817,0.0019226073,0.9980774
42854,0.028140374,0.9718596
23296,0.079893015,0.920107
45248,0.8475127,0.15248726
50396,0.8758277,0.1241723
46193,0.56841797,0.43158206
25328,0.0630382,0.9369618
30706,0.06475169,0.9352483
3241,0.5441128,0.45588723
63276,0.05656492,0.94343513
10384,0.045229796,0.9547702
54038,0.67979735,0.3202027
20501,0.5362904,0.46370965
5046,0.3120113,0.6879887
46323,0.745768,0.25423202
12875,0.28383842,0.71616155
42263,0.004613499,0.99538654
30161,0.050077192,0.94992286
42,0.44218498,0.557815
30256,0.04641785,0.95358217
56186,0.90372086,0.09627919
21749,0.33525857,0.6647414
13465,0.097820066,0.90217996
55500,0.45064,0.54936
51947,0.8996818,0.10031814
23073,0.01267271,0.9873273
37520,0.0024824184,0.9975176
40385,0.018172856,0.9818271
61137,0.9702069,0.029793017
33461,0.24954079,0.7504592
45805,0.8988615,0.101138465
13470,0.06789967,0.9321003
17585,0.0183015,0.9816985
31358,0.34871638,0.65128356
28642,0.0056927023,0.99430734
22963,0.012808757,0.9871912
63218,0.8374894,0.16251056
12512,0.9182701,0.08172989
48175,0.77269864,0.22730134
44812,0.95544726,0.044552714
16835,0.019285563,0.9807145
9369,0.87138563,0.12861434
41295,0.030531721,0.96946824
57379,0.9142725,0.08572755
21843,0.03385622,0.9661438
3392,0.13894278,0.8610572
26295,0.0629537,0.9370463
48678,0.7457592,0.25424087
28097,0.034947388,0.9650526
58631,0.6177274,0.38227257
45567,0.89048845,0.109511524
49508,0.74114215,0.25885785
6332,0.840842,0.15915805
54434,0.57879215,0.4212079
11096,0.024978079,0.97502196
57744,0.9889051,0.011094949
64562,0.8403904,0.15960965
11138,0.3348117,0.6651884
14706,0.22194532,0.77805465
59647,0.8063029,0.19369707
39959,0.031250402,0.9687496
5212,0.028174862,0.9718251
11749,0.26479864,0.73520136
41128,0.00128648,0.9987135
8958,0.69244677,0.30755326
26370,0.00035016594,0.9996499
8837,0.7792881,0.22071183
30457,0.0054494943,0.9945505
779,0.16736604,0.832634
44884,0.9056649,0.09433511
20560,0.5312599,0.46874008
35115,0.79271877,0.2072812
25571,0.46229863,0.53770137
1311,0.5891764,0.4108236
52491,0.72211677,0.2778833
38323,0.014839587,0.98516035
37084,0.03299964,0.9670003
3064,0.27673724,0.7232627
34739,0.68257195,0.31742805
43148,0.14778268,0.8522174
64068,0.72922313,0.27077693
62969,0.9628984,0.037101608
26210,0.027555762,0.9724442
7649,0.38250694,0.61749303
39176,0.00043912907,0.9995609
12973,0.010949937,0.98905003
26529,0.70833063,0.29166937
8994,0.06854976,0.9314502
46256,0.80125076,0.19874921
17930,0.04938498,0.950615
10861,0.17898303,0.82101697
48424,0.9726341,0.02736594
8193,0.6019117,0.3980883
794,0.5508961,0.4491039
46237,0.7212407,0.27875924
18845,0.0009267596,0.99907327
16194,0.03517744,0.96482253
51092,0.9027825,0.0972175
61015,0.88000923,0.11999072
31079,0.04118916,0.9588108
53518,0.8473768,0.15262312
38351,0.038882222,0.96111774
41183,0.28936788,0.7106321
8178,0.28666377,0.71333617
42797,0.04495389,0.95504606
39709,0.007824595,0.9921754
28754,0.06282656,0.9371735
54542,0.7173655,0.28263453
16590,0.0024481358,0.99755186
13425,0.24651606,0.7534839
64263,0.9139343,0.08606566
43873,0.5212976,0.47870246
20294,0.0003331044,0.9996669
4108,0.80984044,0.19015956
33494,0.19002654,0.8099735
48862,0.92953664,0.070463374
62620,0.9573534,0.042646576
30786,0.2762585,0.7237415
40712,0.14104703,0.858953
41687,0.25280568,0.74719435
64218,0.91646737,0.08353264
23445,0.009230506,0.99076957
15464,0.012820115,0.9871798
29063,0.12201085,0.8779892
7413,0.5444759,0.4555241
26420,0.34267688,0.6573231
7971,0.6232198,0.37678018
38412,0.12758723,0.87241274
12598,0.00082761847,0.99917245
562,0.19155942,0.8084406
33066,0.37944126,0.6205588
28359,0.25879493,0.7412051
50745,0.96114385,0.038856078
8636,0.31059662,0.6894034
48825,0.65618414,0.34381583
15847,0.0010045522,0.9989955
31682,0.1395345,0.8604655
12804,0.4454792,0.55452085
1866,0.46722248,0.5327775
33714,0.5012107,0.49878934
408,0.26281756,0.7371825
12468,0.0011209383,0.998879
40166,0.013034879,0.98696506
44515,0.93611354,0.0638865
3344,0.699305,0.30069506
23796,0.03692575,0.96307427
13380,0.008984334,0.9910157
28069,0.033524506,0.9664755
25181,0.5781025,0.42189747
47073,0.355491,0.64450896
9841,0.67064905,0.32935092
46654,0.7841332,0.21586686
31729,0.6565792,0.34342077
1717,0.5004989,0.49950105
52763,0.8427061,0.1572939
57852,0.99083674,0.009163278
40991,0.10272626,0.8972738
19890,0.013440991,0.98655903
11368,0.61598057,0.3840194
17897,0.0037595725,0.9962404
56337,0.79386187,0.20613818
62930,0.8708749,0.12912512
34162,0.2076544,0.7923456
12749,0.49663413,0.50336593
19683,0.0029104091,0.99708956
19720,0.0025101046,0.9974899
39942,0.03542101,0.964579
63840,0.8163535,0.18364649
19879,0.0006719797,0.999328
59188,0.19655715,0.8034429
5301,0.8667906,0.13320939
2189,0.7517567,0.24824327
63988,0.95476955,0.045230478
36082,0.019386524,0.98061347
56501,0.9293346,0.070665434
25852,0.009051841,0.99094814
1646,0.9107697,0.08923032
20671,0.018473955,0.981526
64965,0.8849612,0.11503882
52048,0.787134,0.21286605
17553,0.001344423,0.99865556
62645,0.74247706,0.2575229
45484,0.70005614,0.2999439
5680,0.49811876,0.50188124
41552,0.23882286,0.7611771
30037,0.14565533,0.85434467
64006,0.9620186,0.037981395
45295,0.85481125,0.14518878
21788,0.6173177,0.38268232
3529,0.6612251,0.33877492
5270,0.26300767,0.7369923
23006,0.025851268,0.97414875
64160,0.35638472,0.64361525
21305,0.007847783,0.99215215
65199,0.9274641,0.072535835
10445,0.29625577,0.7037443
52716,0.6239929,0.3760071
23301,0.007862362,0.9921376
45596,0.38044327,0.6195567
34692,0.7479491,0.25205088
14801,0.04848252,0.9515175
47166,0.9175326,0.08246744
7519,0.15355901,0.84644103
45218,0.8899288,0.11007121
23758,0.030134525,0.9698655
17287,0.01690121,0.9830988
61543,0.80073094,0.19926903
14114,0.09199748,0.90800244
47497,0.37239772,0.6276023
11169,0.018948453,0.98105156
24882,0.03560442,0.9643956
49668,0.45534724,0.54465276
60170,0.41925266,0.5807473
27070,0.0019677887,0.99803215
13513,0.039317638,0.96068233
64187,0.918083,0.08191697
37673,0.14467707,0.85532296
56545,0.9815252,0.01847485
44296,0.7770625,0.22293752
31163,0.6888198,0.31118014
61073,0.79511535,0.20488462
2067,0.9366906,0.063309394
7328,0.78584784,0.21415216
54192,0.67850703,0.32149303
23096,0.0027397028,0.99726033
60784,0.50504255,0.49495745
10108,0.6742634,0.32573658
25889,0.13596092,0.86403906
7854,0.033014808,0.96698517
53799,0.86758596,0.13241406
32140,0.1539997,0.84600025
64692,0.75975096,0.24024898
60612,0.43110698,0.5688931
36802,0.0028291754,0.99717087
51865,0.7346923,0.26530772
25751,0.25246114,0.7475389
54052,0.5902318,0.40976825
36093,0.00478608,0.99521387
39735,0.0005695741,0.99943036
26799,0.5072153,0.4927847
40155,0.009907278,0.9900927
17372,0.0015624997,0.99843746
50695,0.7407514,0.25924864
53586,0.6481126,0.35188738
26663,0.002739579,0.99726045
5325,0.48719415,0.5128059
45964,0.79637897,0.20362103
37714,0.13572286,0.8642771
36200,0.059475295,0.94052476
36537,0.010463363,0.98953664
53569,0.86930704,0.13069299
30559,0.37837118,0.62162876
59264,0.46912307,0.53087693
45129,0.7764104,0.22358966
49495,0.87406206,0.12593791
64102,0.92202,0.07797997
35243,0.72939396,0.2706061
51527,0.87119955,0.12880047
62403,0.6778276,0.3221724
63796,0.50961983,0.49038017
28369,0.011355199,0.98864484
17265,0.0072609447,0.992739
60434,0.19133878,0.80866116
64582,0.41714147,0.58285856
35392,0.6838104,0.31618962
31675,0.09041392,0.909586
268,0.4261722,0.57382786
18432,0.0056809,0.99431914
2445,0.09413819,0.9058618
61108,0.9058835,0.094116524
52492,0.8230036,0.17699644
36447,0.019857327,0.9801427
31998,0.057213493,0.9427865
11969,0.7344056,0.26559442
10973,0.07708649,0.9229135
15649,0.089977,0.910023
19329,0.0026453487,0.9973546
57854,0.9751177,0.024882294
33475,0.34179243,0.6582076
40801,0.115733825,0.8842662
21474,0.075654715,0.92434525
57653,0.9998499,0.00015007633
7893,0.5880163,0.41198373
5096,0.5540614,0.4459386
40683,0.008274841,0.9917251
61576,0.9244928,0.075507194
59324,0.47463122,0.52536875
38879,0.023649018,0.9763509
41999,0.016008515,0.98399144
37866,0.037661396,0.96233857
31986,0.021803567,0.9781965
55477,0.22804786,0.77195215
59644,0.63124764,0.36875233
58995,0.6429112,0.35708883
52659,0.60627943,0.39372063
44625,0.85105973,0.14894031
4441,0.6709035,0.3290965
20804,0.26840624,0.7315938
12137,0.029356262,0.97064376
2047,0.08944594,0.9105541
44263,0.8520107,0.14798921
31929,0.17955673,0.8204433
43626,0.92430526,0.075694725
48358,0.78568465,0.21431535
17330,0.00038741037,0.9996126
56309,0.98414814,0.015851816
37274,0.0029620104,0.997038
54301,0.92888933,0.07111074
56198,0.9507376,0.049262363
10728,0.30135754,0.69864243
36634,0.3691585,0.6308415
55119,0.50769806,0.49230194
55668,0.49722123,0.50277877
61719,0.7092751,0.29072487
35372,0.92008185,0.07991819
26366,0.0024881186,0.99751186
17437,0.021041157,0.9789588
13632,0.36517242,0.6348276
3814,0.31788003,0.68211997
41910,0.0016287023,0.9983713
64516,0.910333,0.0896671
58641,0.8866914,0.11330858
50228,0.8977589,0.10224109
28056,0.006893734,0.9931063
20652,0.17492098,0.825079
3987,0.81394774,0.18605228
55572,0.6478237,0.3521763
10980,0.5591034,0.4408966
52377,0.85341144,0.14658849
4835,0.63456273,0.3654373
49099,0.9604135,0.03958643
18102,0.019601123,0.98039883
26873,0.012130073,0.9878699
57835,0.98382473,0.016175242
728,0.31699625,0.6830038
55096,0.6469453,0.35305467
60139,0.5864926,0.41350746
29702,0.014427173,0.9855729
59606,0.9605992,0.039400794
29254,0.03117733,0.96882266
41109,0.23744456,0.76255536
60041,0.4845548,0.51544523
9798,0.13656479,0.8634352
7212,0.79374796,0.20625201
44827,0.9544398,0.045560163
52006,0.9588595,0.04114053
35428,0.9053195,0.09468048
63048,0.7535869,0.24641308
30043,0.00082406786,0.99917597
17600,0.031930827,0.9680692
43428,0.95290935,0.047090672
22429,0.05166432,0.9483357
61798,0.945834,0.05416602
30168,0.14511138,0.8548886
40745,0.06875013,0.9312499
3727,0.6706095,0.32939053
7110,0.22732238,0.77267754
49100,0.5907175,0.40928254
51945,0.77242076,0.2275792
20385,0.7056521,0.29434788
2993,0.5764538,0.4235462
39853,0.005304189,0.99469584
25879,0.17332712,0.82667285
20984,0.72282165,0.27717835
61095,0.83215207,0.16784792
4850,0.032284636,0.9677154
3285,0.6088747,0.3911253
17996,0.51883966,0.48116034
39089,0.0005181514,0.99948186
45833,0.88752186,0.11247818
42683,0.78212017,0.21787988
14760,0.2854051,0.7145949
37928,0.065107994,0.93489194
18882,0.0032607708,0.9967392
47962,0.29238918,0.7076108
3381,0.20975085,0.79024917
43974,0.4021629,0.5978371
34737,0.79883546,0.20116457
2005,0.24004512,0.7599549
5361,0.0124576995,0.98754233
17233,0.0026026259,0.9973974
48359,0.7124011,0.28759897
63634,0.93399584,0.06600419
16459,0.00830386,0.9916962
13743,0.8664768,0.13352317
5777,0.46313256,0.5368675
48121,0.9187091,0.0812909
6180,0.39777657,0.60222346
53697,0.86922723,0.13077275
20954,0.042379465,0.9576205
6265,0.4606575,0.5393425
61918,0.6569741,0.34302595
2252,0.6226152,0.37738484
28284,0.0063035437,0.9936965
4879,0.90704405,0.09295593
33343,0.21090518,0.7890948
31799,0.053237826,0.94676214
24094,0.0018564555,0.99814355
26026,0.054584987,0.945415
17008,0.005413443,0.9945866
20309,0.0011338546,0.9988662
21927,0.06774192,0.93225807
34395,0.7145259,0.2854741
18841,0.00042558767,0.99957436
53327,0.23163235,0.76836765
38532,0.0323664,0.96763355
45044,0.9361824,0.06381762
1049,0.42598355,0.5740165
54737,0.90430284,0.095697135
3578,0.13864505,0.8613549
51999,0.52720225,0.47279772
31721,0.28206572,0.71793425
14237,0.01499665,0.9850034
6964,0.9623799,0.037620105
53243,0.74463016,0.25536987
54211,0.6884883,0.31151173
44759,0.77265877,0.22734118
49134,0.9519809,0.048019122
21349,0.076622784,0.9233772
56189,0.9485825,0.051417466
21710,0.28200856,0.7179915
40167,0.0047296574,0.9952703
13082,0.0014333213,0.9985667
35473,0.7822773,0.21772273
34714,0.7126444,0.28735557
56480,0.97326463,0.02673532
5913,0.9461875,0.05381249
21491,0.4610662,0.5389338
20845,0.5342755,0.46572453
23031,0.023933224,0.9760668
48326,0.7709151,0.22908491
20514,0.7472236,0.25277638
55797,0.64830637,0.35169363
31925,0.25454894,0.74545103
5360,0.091883935,0.9081161
20457,0.4869319,0.5130681
24813,0.2171906,0.78280944
51215,0.80299664,0.19700336
42282,0.023617167,0.97638285
19925,0.0005713293,0.9994287
6426,0.62750345,0.37249652
60258,0.21446435,0.78553563
33149,0.20127165,0.79872835
3087,0.12976676,0.87023324
13290,0.25768778,0.74231225
962,0.27614126,0.7238588
15175,0.19377728,0.80622274
60509,0.28379622,0.7162038
43102,0.01703634,0.9829637
9006,0.3765005,0.6234996
34753,0.64461285,0.35538715
30162,0.11238269,0.88761735
36417,0.0020065838,0.99799347
6501,0.81015295,0.18984708
15363,0.18378735,0.8162127
7916,0.5484094,0.4515906
22038,0.12540969,0.8745903
289,0.3399278,0.6600722
64690,0.8119101,0.1880899
49534,0.65536094,0.34463903
13094,0.0008377096,0.9991623
15894,0.021664843,0.9783352
846,0.15676728,0.8432327
6389,0.36716542,0.63283455
34638,0.35179392,0.64820606
24614,0.020587577,0.97941244
436,0.05276092,0.94723904
45079,0.8838047,0.116195336
53267,0.8813418,0.11865822
36694,0.012603194,0.9873968
55329,0.5006363,0.49936378
35393,0.83443344,0.16556655
35886,0.094569996,0.90543
31808,0.26859456,0.7314055
52315,0.7766104,0.22338967
41758,0.0026325178,0.99736756
28165,0.023979355,0.9760207
20932,0.17069109,0.8293089
27868,0.0047120717,0.9952879
10449,0.5621661,0.4378339
56344,0.9560346,0.04396537
62372,0.95048815,0.049511835
10035,0.601249,0.398751
30388,0.0033432976,0.99665666
45529,0.9124609,0.08753908
37740,0.00042604885,0.999574
45524,0.89819646,0.10180357
5357,0.63534284,0.36465722
36337,0.15818857,0.8418114
44252,0.6721993,0.32780063
27169,0.26093435,0.73906565
12854,0.05212925,0.9478708
51509,0.95439935,0.045600634
60850,0.9689754,0.031024646
30345,0.013940312,0.98605967
22969,0.0094437,0.9905563
51151,0.88703424,0.11296578
37614,0.0072498727,0.99275017
8965,0.01037422,0.98962575
62284,0.7145259,0.2854741
58537,0.9006809,0.099319115
6201,0.44201177,0.5579883
26888,0.004845511,0.9951545
62534,0.87950206,0.12049793
32962,0.23390663,0.7660934
55664,0.5270103,0.47298962
39670,0.00015795113,0.99984205
31218,0.0922497,0.9077503
22588,0.517861,0.482139
11482,0.37529287,0.6247071
29568,0.102626555,0.8973735
18389,0.0037249774,0.99627507
39426,0.09332806,0.906672
51585,0.3255939,0.6744061
61156,0.9406033,0.0593967
12925,0.4974709,0.50252914
1119,0.6541567,0.34584332
55924,0.9997787,0.00022136424
10605,0.7993505,0.20064951
48029,0.3889974,0.61100256
2506,0.68084717,0.31915283
5072,0.926377,0.07362298
35553,0.25884625,0.7411538
17163,0.0018289969,0.998171
7030,0.35132095,0.648679
34048,0.3522481,0.64775187
10340,0.7310556,0.26894438
62013,0.95796967,0.042030383
1957,0.2871107,0.7128893
58869,0.7543031,0.24569689
14319,0.12316342,0.8768366
62831,0.6634818,0.3365182
9215,0.487201,0.512799
28321,0.010152777,0.98984724
460,0.3992264,0.60077363
54845,0.6041364,0.39586356
36953,0.0055104317,0.99448955
8947,0.83293825,0.16706175
26120,0.0076900925,0.9923099
36637,0.085023075,0.9149769
53002,0.94651824,0.053481776
11286,0.0016458639,0.9983542
36806,0.0012651666,0.9987349
62698,0.69368327,0.30631676
48933,0.94686925,0.053130735
20318,0.00062388496,0.9993761
23737,0.068467505,0.93153256
52674,0.79606867,0.20393132
17611,0.016053805,0.9839462
48226,0.7826092,0.21739076
2498,0.353739,0.64626104
18702,0.0012603722,0.99873966
17516,0.0026813748,0.9973187
47879,0.86542064,0.13457936
62017,0.7264184,0.2735816
38008,0.0007290016,0.999271
53239,0.90616024,0.09383979
52471,0.950234,0.049766023
50793,0.62445664,0.3755434
26589,0.64049524,0.35950473
24553,0.005512295,0.9944877
25723,0.26405522,0.73594475
19429,0.0025979003,0.9974021
49362,0.44331992,0.5566801
59551,0.52767503,0.472325
15174,0.0033232458,0.9966768
50803,0.7867794,0.21322064
10730,0.13640127,0.86359876
30646,0.0048420583,0.9951579
16228,0.005583758,0.99441624
64327,0.86229336,0.13770667
43052,0.7682813,0.23171869
9135,0.62974447,0.3702555
32612,0.6574529,0.3425471
37387,0.11548056,0.8845194
32433,0.089320734,0.9106792
63131,0.8205078,0.17949218
36779,0.0019714255,0.9980286
18408,0.022867752,0.97713226
60742,0.93036693,0.06963309
3741,0.649804,0.35019597
21825,0.5170933,0.4829067
61485,0.9891238,0.010876202
19936,0.00064636586,0.9993536
49629,0.89074975,0.10925026
59603,0.987318,0.012682057
25048,0.009277598,0.9907224
6454,0.60200965,0.39799035
19251,0.008454969,0.9915451
59974,0.3590848,0.64091516
30312,0.56503195,0.43496808
38814,0.01165131,0.9883487
15125,0.06865341,0.9313466
19825,0.009349974,0.99065
24650,0.010996502,0.9890035
32508,0.070666425,0.92933357
59210,0.6965973,0.30340275
53917,0.8129876,0.1870124
7029,0.5138014,0.4861986
16759,0.028066063,0.9719339
27522,0.39761573,0.60238427
33996,0.19792305,0.80207694
50483,0.54852986,0.45147017
14046,0.049866896,0.9501331
26744,0.011441922,0.98855805
64643,0.81625056,0.18374941
49429,0.89708847,0.1029115
660,0.23231937,0.7676807
30441,0.009380481,0.99061954
30318,0.23091821,0.7690818
49901,0.71698445,0.28301555
34854,0.27192822,0.7280718
63613,0.8970823,0.102917664
41296,0.036243103,0.963757
28594,0.07132815,0.92867184
21026,0.16032812,0.83967185
59252,0.6378024,0.36219764
49360,0.880211,0.119789
40274,0.0013607116,0.9986393
63271,0.32157418,0.6784258
42430,0.0029458138,0.9970542
38379,0.06068822,0.93931174
49728,0.90209264,0.09790738
19316,0.030243866,0.9697562
43970,0.8741632,0.12583682
45178,0.9038509,0.096149094
9678,0.0068784626,0.99312156
57974,0.98286045,0.017139535
47244,0.5984507,0.40154925
49553,0.8212075,0.17879243
45335,0.9316954,0.06830459
29165,0.0016817374,0.9983183
50246,0.8578049,0.14219514
44786,0.94298154,0.0570185
26202,0.010024851,0.98997515
20082,0.000238117,0.9997619
10442,0.626794,0.373206
44802,0.8722452,0.1277548
59727,0.8051682,0.19483176
3698,0.15117931,0.8488207
52102,0.73728937,0.26271063
5944,0.9502277,0.049772333
19763,0.0054011336,0.99459887
56898,0.98250544,0.017494554
9076,0.77299714,0.22700286
2479,0.84780353,0.15219645
33162,0.49798363,0.50201637
59305,0.10908955,0.89091045
50250,0.7839717,0.21602826
42699,0.0065620947,0.99343795
39309,0.050074436,0.94992554
33090,0.35324258,0.6467574
27630,0.026839964,0.97315997
34544,0.6838032,0.31619674
22147,0.0063781748,0.9936219
3935,0.27544618,0.7245538
32891,0.34831002,0.65168995
53384,0.8148463,0.1851537
2680,0.5958735,0.40412655
57083,0.85984707,0.14015295
64127,0.9241347,0.075865366
23544,0.0051325206,0.99486744
3614,0.24671699,0.753283
58565,0.91185546,0.08814455
366,0.15087974,0.8491203
26927,0.054982986,0.94501704
7556,0.76987016,0.23012978
24589,0.0015941103,0.9984059
43960,0.5931333,0.40686673
62288,0.90825886,0.091741174
11034,0.51371217,0.4862879
3710,0.45251405,0.54748595
53785,0.7253795,0.27462047
40674,0.12641402,0.873586
43852,0.9158289,0.08417114
55875,0.6908795,0.30912048
58899,0.52820385,0.47179613
830,0.39949745,0.6005025
8462,0.11138449,0.88861555
45593,0.51675546,0.4832445
10178,0.71825266,0.28174737
53136,0.5108934,0.48910657
21655,0.15698539,0.8430146
34019,0.25831392,0.7416861
9889,0.5789057,0.4210943
46717,0.8209551,0.17904493
6720,0.23466961,0.7653304
48493,0.72849435,0.27150568
13311,0.16851822,0.8314818
59796,0.12670746,0.87329257
39506,0.024754595,0.97524536
48274,0.89174587,0.10825414
52929,0.91829896,0.08170106
47341,0.831953,0.16804698
11786,0.28115886,0.71884114
36264,0.013671655,0.9863283
31731,0.4429448,0.5570552
57309,0.9998386,0.00016133889
5035,0.5692731,0.43072692
8738,0.004022222,0.9959778
25831,0.072377115,0.9276229
16887,0.00957677,0.9904232
2167,0.6501146,0.34988537
3013,0.5445582,0.4554418
24242,0.0037234633,0.99627656
480,0.6424176,0.35758236
42657,0.01972466,0.98027533
64388,0.86082953,0.1391705
61652,0.77793527,0.22206481
27163,0.015925262,0.9840747
38671,0.045585155,0.95441484
34254,0.4209372,0.57906276
4336,0.006054568,0.9939454
20392,0.5498853,0.45011473
18289,0.007166435,0.9928336
5590,0.57216746,0.42783257
18617,0.00069693837,0.9993031
55517,0.62288284,0.37711716
63116,0.6871007,0.31289926
4731,0.6369557,0.36304438
38179,0.0012041453,0.99879587
22060,0.20493546,0.7950645
32969,0.33990407,0.6600959
17788,0.00055343896,0.9994466
16847,0.0013063553,0.99869365
41827,0.7980088,0.20199122
34716,0.6107483,0.38925168
10606,0.110230304,0.8897697
63894,0.5545863,0.4454137
54422,0.9282885,0.07171152
43806,0.9623146,0.03768539
35079,0.48212317,0.51787686
5776,0.024479175,0.97552085
13083,0.47347298,0.526527
48254,0.45178512,0.5482149
23111,0.09731554,0.90268445
35548,0.8879116,0.11208843
38029,0.0015270378,0.998473
24558,0.20366682,0.7963332
6406,0.83198893,0.16801111
44737,0.89448047,0.10551951
12978,0.65438366,0.3456164
8788,0.6644482,0.33555183
12447,0.047454573,0.9525454
25341,0.0047555678,0.99524444
28722,0.0074732383,0.99252677
374,0.08435104,0.91564894
62364,0.9829032,0.017096838
9246,0.9027842,0.097215794
39846,0.118973695,0.88102627
5379,0.1858202,0.81417984
52250,0.415504,0.58449596
11172,0.2542172,0.7457828
36182,0.012621064,0.987379
59635,0.36927235,0.63072765
39782,0.00059845235,0.99940157
62503,0.79145724,0.2085428
20923,0.07708989,0.92291015
10883,0.6829644,0.3170356
56791,0.84982777,0.15017226
8872,0.67718625,0.32281375
28415,0.1553537,0.8446463
40158,0.0029625217,0.99703753
42585,0.05368635,0.9463137
12733,0.67586994,0.32413006
10913,0.81077945,0.18922053
38985,0.0013339353,0.99866605
21918,0.0038284243,0.99617153
50706,0.9071838,0.092816174
15906,0.0071056364,0.99289435
8101,0.8227883,0.1772117
25714,0.05323711,0.9467629
8121,0.638641,0.36135906
20513,0.40827528,0.5917247
14814,0.008639259,0.9913607
34520,0.8727827,0.1272173
44886,0.9592292,0.040770765
29813,0.04874646,0.9512535
62758,0.9809606,0.019039351
51108,0.8925217,0.10747832
23271,0.0026813883,0.99731857
40424,0.017461697,0.9825382
23015,0.027692325,0.9723077
58759,0.58578837,0.41421166
5736,0.85487795,0.145122
60966,0.9980938,0.0019062563
49378,0.8655715,0.13442858
15668,0.0006704227,0.99932957
32948,0.2388819,0.76111805
38673,0.040041845,0.9599582
4163,0.2138211,0.78617895
3672,0.3809525,0.6190475
37444,0.15687932,0.8431207
21795,0.271998,0.72800195
38824,0.005131774,0.9948683
9285,0.73516214,0.26483783
3923,0.00092634995,0.9990736
28861,0.00881415,0.99118584
62796,0.7600078,0.23999223
45321,0.86720073,0.13279921
3009,0.7246407,0.27535924
43143,0.05747208,0.94252795
53906,0.74800396,0.25199604
47982,0.9290703,0.07092968
59700,0.5100754,0.4899246
41911,0.013830505,0.98616946
11447,0.016171033,0.98382896
6653,0.46880874,0.5311913
54214,0.53634155,0.46365848
43326,0.35143828,0.6485618
42267,0.09877633,0.90122366
42132,0.0051792064,0.9948207
27480,0.07830386,0.9216961
60600,0.35447493,0.64552504
33573,0.43078327,0.5692167
51417,0.8942332,0.10576676
34965,0.7255987,0.27440134
55326,0.47241947,0.5275805
41677,0.0048740595,0.99512595
34826,0.61803484,0.3819652
9749,0.010552251,0.9894477
16233,0.0014595913,0.9985404
58549,0.9183543,0.081645735
40009,0.010105129,0.9898949
39494,0.07902519,0.92097485
39701,0.006293927,0.99370605
58421,0.97572154,0.024278436
8435,0.293867,0.70613307
57018,0.9695285,0.03047146
18248,0.004359378,0.99564064
54514,0.6954156,0.3045844
38890,0.00045961802,0.99954045
25947,0.0068672397,0.99313277
54678,0.5827562,0.41724378
7517,0.7157429,0.28425714
28020,0.016975455,0.9830245
31585,0.32837167,0.6716283
8268,0.23312256,0.7668775
58354,0.98454905,0.015450948
53723,0.38004062,0.61995935
10202,0.799162,0.20083807
2860,0.7705094,0.22949055
53098,0.83909976,0.16090025
53104,0.6262288,0.37377116
33020,0.2532528,0.7467472
24416,0.0011441911,0.9988558
58014,0.9669152,0.03308486
40287,0.044542853,0.95545715
30209,0.0070581315,0.99294186
55155,0.63201976,0.36798024
27976,0.022828922,0.97717106
35838,0.045702484,0.9542975
32124,0.09680084,0.9031991
22219,0.011250691,0.98874927
49337,0.14735422,0.85264575
20203,0.0836628,0.9163372
39443,0.35236198,0.647638
18802,0.0009018497,0.9990982
64709,0.8295917,0.17040831
28001,0.03865143,0.96134853
10332,0.9213333,0.07866665
18139,0.002534125,0.99746585
5499,0.2584468,0.7415531
573,0.22633925,0.7736608
43839,0.6988405,0.30115953
62591,0.8163901,0.18360992
56454,0.935696,0.06430406
48400,0.16671179,0.8332882
35278,0.70679283,0.2932072
28439,0.0033462988,0.9966537
62298,0.7549626,0.24503735
8679,0.34678006,0.65322
35230,0.6551722,0.34482774
39970,0.017214566,0.9827854
48585,0.44703484,0.55296516
20942,0.18855588,0.8114441
40144,0.00018878828,0.99981123
9387,0.44727364,0.5527264
42518,0.009440699,0.99055934
20993,0.13481216,0.8651879
44077,0.41734186,0.5826582
19687,0.0016995458,0.9983005
50413,0.68599355,0.31400645
6963,0.7672458,0.23275414
36410,0.012076287,0.9879237
50116,0.3543886,0.64561135
53140,0.3274585,0.6725415
25802,0.26764444,0.7323556
16058,0.0020418842,0.99795806
27073,0.17120333,0.8287966
61218,0.9132097,0.08679037
18035,0.0050140372,0.99498594
14371,0.21934187,0.7806581
7972,0.9527175,0.04728249
9115,0.04128929,0.9587107
56167,0.7978816,0.20211835
61666,0.9829032,0.017096838
21943,0.44912452,0.5508755
30232,0.7298245,0.2701755
16095,0.00085298356,0.99914706
132,0.015759215,0.9842407
22972,0.018084524,0.9819155
45465,0.79233086,0.20766912
20293,0.0007234473,0.9992766
35418,0.61504143,0.3849586
13815,0.078753136,0.9212469
39545,0.0013663572,0.99863356
50096,0.34430033,0.6556997
23797,0.17186555,0.8281345
63723,0.54504377,0.45495623
62430,0.9742639,0.025736123
60926,0.8490142,0.15098578
24374,0.0065495325,0.9934504
13335,0.28627244,0.71372753
54633,0.9760094,0.023990605
42712,0.007617353,0.9923827
19205,0.0093651,0.99063486
18575,0.005834839,0.99416524
58427,0.9772627,0.022737326
44770,0.9301922,0.06980784
64001,0.9499543,0.050045703
53426,0.56623197,0.43376806
47307,0.87495494,0.125045
60095,0.41167954,0.5883205
38594,0.034472074,0.96552795
24294,0.0007788353,0.9992212
27964,0.014101032,0.985899
26069,0.03327127,0.96672875
9065,0.70118546,0.2988145
44798,0.6334537,0.36654627
46156,0.8654168,0.13458316
49356,0.84803444,0.15196559
26530,0.14035518,0.8596448
46417,0.95433885,0.04566109
56225,0.9792213,0.020778736
54723,0.8380562,0.16194384
18529,0.011772799,0.9882272
3792,0.76593155,0.2340684
35986,0.10365923,0.8963408
226,0.6271669,0.37283307
39809,0.00070309086,0.9992969
3733,0.55773705,0.442263
17494,0.003736975,0.99626297
39485,0.052448027,0.947552
50100,0.6051346,0.39486536
6593,0.58265114,0.4173489
23463,0.032437634,0.9675624
51197,0.92528135,0.07471867
53341,0.90712905,0.09287096
52838,0.6671596,0.33284038
8447,0.41382802,0.586172
44854,0.7951759,0.20482412
54313,0.93035686,0.069643185
43671,0.9233792,0.076620825
17198,0.011942179,0.98805785
21344,0.16322951,0.8367705
20883,0.06345934,0.93654066
29712,0.28853434,0.7114656
48408,0.6564489,0.34355116
62359,0.77353173,0.22646828
271,0.4167431,0.5832569
44026,0.7626953,0.2373047
63678,0.2824229,0.7175771
20973,0.07680033,0.9231997
37173,0.51505,0.48495004
23944,0.05841544,0.9415846
44596,0.92710906,0.07289096
37762,0.0022172895,0.99778277
25242,0.027974585,0.97202533
33822,0.24223188,0.7577681
51348,0.76475644,0.23524359
30328,0.17760225,0.8223977
50976,0.57917315,0.42082685
17087,0.00084972644,0.9991503
23215,0.001963082,0.9980369
3480,0.28282714,0.7171729
2987,0.3712622,0.6287378
37398,0.4859793,0.51402074
42093,0.017213682,0.9827863
9264,0.5458829,0.45411715
34473,0.7977051,0.2022949
40647,0.036270916,0.963729
765,0.18193682,0.8180632
6951,0.0134186065,0.98658144
50331,0.94725984,0.052740198
36301,0.035461836,0.9645382
21064,0.15377937,0.8462206
8824,0.62238204,0.377618
50148,0.94745314,0.052546907
53027,0.79278576,0.20721422
28028,0.016109454,0.9838905
39731,0.00057077577,0.99942917
6604,0.8492444,0.15075561
53843,0.8832056,0.11679441
33743,0.27137154,0.7286285
48446,0.9467329,0.05326716
50855,0.814941,0.18505906
13073,0.4796454,0.5203546
31755,0.11938793,0.880612
61170,0.61255515,0.3874449
36797,0.0011940667,0.9988059
49928,0.90115476,0.098845236
30126,0.14264132,0.85735863
31083,0.015524121,0.9844759
19635,0.00085796573,0.99914205
45158,0.9801846,0.019815404
19838,0.0005185565,0.9994815
30874,0.39441514,0.60558486
63902,0.35954058,0.6404594
56248,0.9232691,0.07673088
24516,0.0008846505,0.9991153
31996,0.18383946,0.8161606
18627,0.0004935871,0.99950635
64497,0.7813695,0.21863054
9374,0.3820487,0.6179513
23230,0.108188264,0.8918118
15839,0.0050447606,0.99495524
12962,0.43673217,0.5632678
15868,0.009222546,0.9907775
63456,0.046715047,0.9532849
55629,0.4454891,0.55451083
52251,0.57724386,0.4227562
39394,0.00045644207,0.9995435
9995,0.3448551,0.65514493
64890,0.85072225,0.14927779
41004,0.15412447,0.8458755
33274,0.5345651,0.46543488
48734,0.9825485,0.017451484
13029,0.28962833,0.7103716
12112,0.023786008,0.976214
25936,0.008994813,0.9910052
30702,0.0032870192,0.99671304
21340,0.52264184,0.47735822
25008,0.003431371,0.99656856
47671,0.48521504,0.514785
18898,0.0032466499,0.9967533
13236,0.1438957,0.85610425
56114,0.8979482,0.1020518
58501,0.91831326,0.08168673
42926,0.30308443,0.69691557
55260,0.4747883,0.5252117
33267,0.3518484,0.6481516
1603,0.47577873,0.52422124
7894,0.8779636,0.12203637
18815,0.0005419426,0.999458
53882,0.28418863,0.7158114
26002,0.02291705,0.97708297
54555,0.7032499,0.2967501
58146,0.99389195,0.006108015
56695,0.7376629,0.26233706
59921,0.7103624,0.28963763
38917,0.002904084,0.99709594
43603,0.8780561,0.121943906
28039,0.06849796,0.93150204
26857,0.0036503964,0.9963496
8950,0.6329679,0.36703217
43564,0.9805008,0.01949914
2564,0.94327956,0.056720365
63454,0.03126016,0.96873987
9243,0.4729306,0.52706933
62083,0.90429974,0.095700316
33247,0.45364553,0.5463544
17869,0.0076426766,0.9923574
22629,0.28452477,0.71547526
54160,0.93783534,0.062164653
63844,0.77595437,0.22404566
24761,0.2499121,0.7500879
10731,0.7264035,0.27359653
50862,0.829197,0.17080297
33676,0.46544468,0.53455526
38827,0.003973408,0.99602664
5232,0.54372555,0.4562744
3387,0.24598072,0.7540193
15346,0.89671105,0.10328901
11070,0.042063918,0.9579361
30219,0.5636568,0.43634316
28984,0.08587702,0.914123
62787,0.6273271,0.37267295
21968,0.3190751,0.6809249
50328,0.85357714,0.1464228
55711,0.13733526,0.86266476
52761,0.8435077,0.15649226
16407,0.00071944523,0.99928063
56377,0.82461095,0.17538902
27841,0.6740733,0.32592675
16135,0.052601058,0.947399
51008,0.8760094,0.12399067
61740,0.85941184,0.14058821
32013,0.040323712,0.95967627
44116,0.72331303,0.2766869
912,0.2661906,0.7338094
56019,0.9873974,0.012602588
37712,0.08216735,0.9178327
7614,0.6301469,0.36985308
3477,0.19259681,0.80740315
42211,0.015577759,0.9844222
64970,0.6826642,0.31733578
45441,0.82185465,0.17814536
58594,0.67214835,0.32785162
51414,0.41228205,0.58771795
50010,0.90417206,0.09582794
60425,0.51025075,0.48974922
56078,0.96286434,0.037135668
5048,0.18315576,0.8168442
13363,0.0496667,0.9503333
30122,0.23284793,0.767152
33277,0.3756821,0.62431794
33473,0.22053108,0.77946895
7889,0.519063,0.48093697
23720,0.002404478,0.9975955
39855,0.010219429,0.98978055
25886,0.08221593,0.9177841
26144,0.15965274,0.8403473
11697,0.6175112,0.38248882
35042,0.7837667,0.21623327
58783,0.9780131,0.021986859
25704,0.8726654,0.12733455
64667,0.91060203,0.08939799
40142,0.0008103357,0.9991897
40781,0.082184575,0.9178154
7806,0.44067106,0.559329
30508,0.0027473136,0.99725264
19822,0.0053117014,0.9946883
11726,0.0014192712,0.9985807
45421,0.9500388,0.049961217
18192,0.0013801464,0.9986198
58932,0.49622124,0.50377876
3734,0.097403646,0.90259635
2454,0.6021226,0.3978774
14471,0.73186785,0.26813212
22410,0.036322698,0.96367735
27283,0.0009974836,0.9990025
35578,0.6513917,0.34860834
55619,0.6063337,0.39366633
34711,0.5031971,0.4968029
7068,0.37750372,0.6224963
35561,0.51240724,0.48759276
1817,0.4612514,0.5387486
63724,0.5747421,0.42525786
60995,0.94613594,0.05386404
44462,0.94516397,0.05483608
57389,0.8843086,0.11569142
60690,0.33153632,0.66846365
47026,0.81983066,0.18016937
32420,0.38818225,0.6118177
16219,0.25832266,0.74167734
11156,0.44792256,0.5520774
4756,0.43315303,0.56684697
48354,0.86877805,0.1312219
47963,0.79806745,0.20193262
4820,0.10262503,0.8973749
48817,0.7882046,0.21179536
6812,0.27503085,0.72496915
14755,0.6109625,0.38903755
48034,0.33466998,0.66533005
6437,0.7818276,0.21817237
54316,0.50233597,0.49766406
31992,0.055650942,0.94434905
60545,0.28547612,0.71452385
57027,0.9747823,0.025217706
42292,0.8275456,0.1724544
16695,0.0056099906,0.99438995
50035,0.76527137,0.23472862
22074,0.59146446,0.40853554
49715,0.91665435,0.0833457
61067,0.8535317,0.14646827
47359,0.73685795,0.26314208
39178,0.00018560817,0.99981445
64659,0.6052991,0.39470088
48447,0.8817757,0.11822436
5362,0.35118395,0.6488161
64811,0.87477255,0.12522744
18539,0.0012848042,0.99871516
19082,0.023363605,0.97663635
13657,0.61275333,0.3872466
26737,0.34016347,0.6598366
11718,0.3654818,0.63451815
1414,0.9189301,0.0810699
11185,0.7474772,0.25252283
58805,0.92473555,0.0752645
21971,0.33240876,0.6675913
45992,0.71224385,0.28775612
14105,0.30368924,0.6963108
50543,0.8927225,0.10727755
62571,0.97006613,0.029933916
4582,0.8122953,0.1877047
50024,0.762299,0.23770103
43381,0.62241095,0.37758905
28501,0.5699754,0.43002465
26226,0.017893245,0.98210675
23367,0.0035745676,0.99642545
34694,0.54730237,0.45269766
38255,0.09238458,0.90761536
29705,0.062145576,0.9378544
52016,0.4196312,0.58036876
13990,0.2595011,0.7404989
64121,0.9376376,0.0623624
54476,0.87656116,0.12343888
20556,0.5766112,0.4233888
41994,0.23039684,0.76960313
42739,0.13797612,0.8620239
33620,0.3414119,0.6585881
51692,0.55959904,0.44040093
58391,0.94141096,0.058589015
142,0.03665416,0.9633459
16318,0.00910123,0.9908987
63391,0.24116686,0.75883317
22464,0.04566981,0.95433015
21270,0.4382125,0.5617874
49427,0.55263144,0.44736853
33176,0.24344279,0.7565572
42965,0.009715053,0.990285
22814,0.03400941,0.96599054
2312,0.77496856,0.2250314
43582,0.9971956,0.0028044388
15383,0.1412967,0.8587033
59654,0.53164303,0.468357
12426,0.02883745,0.97116256
36378,0.005457745,0.99454224
34052,0.263228,0.73677206
5029,0.12652786,0.87347215
31065,0.044235382,0.9557646
40472,0.054379143,0.94562083
45212,0.7381228,0.26187718
42650,0.0032558462,0.99674416
32938,0.21106827,0.7889317
17797,0.0021407255,0.9978593
25628,0.01169855,0.98830146
9538,0.31354403,0.6864559
39126,0.003293325,0.99670666
47216,0.10903912,0.8909609
54331,0.84402454,0.15597548
16409,0.01120471,0.9887953
45954,0.7911684,0.20883158
44970,0.9488587,0.051141363
11174,0.42310712,0.57689285
7632,0.591488,0.40851206
56634,0.6951851,0.30481488
11002,0.09700949,0.90299046
41368,0.002265917,0.99773407
18028,0.0016859792,0.998314
8680,0.63007677,0.36992323
76,0.026607022,0.97339296
55592,0.45478827,0.54521173
54918,0.5849084,0.41509157
53491,0.8753229,0.12467715
62935,0.54383653,0.4561635
51907,0.76778376,0.23221622
26595,0.3829879,0.61701214
29162,0.45355377,0.5464462
35645,0.06724418,0.9327558
45530,0.78155017,0.21844976
2855,0.5561629,0.44383708
46529,0.52085143,0.4791486
49040,0.21888895,0.78111106
36955,0.08049568,0.91950434
30687,0.0028832282,0.9971168
54832,0.8450641,0.1549359
15708,0.0048103896,0.99518955
53744,0.70623523,0.29376477
22466,0.033826724,0.96617323
20523,0.4141682,0.58583176
4060,0.633424,0.36657602
28045,0.5324441,0.46755585
46255,0.8996399,0.10036005
34362,0.38513103,0.61486894
41925,0.033517063,0.96648294
51745,0.9328244,0.06717567
51328,0.83255684,0.16744319
47580,0.60269743,0.39730254
22758,0.010735233,0.9892647
20109,0.00022678135,0.9997732
20386,0.5751671,0.4248329
7139,0.701072,0.298928
44630,0.97175443,0.02824557
52296,0.67488873,0.32511124
56703,0.97668844,0.023311622
34501,0.9053195,0.09468048
5387,0.86165804,0.13834196
12630,0.017236242,0.98276377
15971,0.0016241758,0.9983758
32752,0.116116606,0.8838834
8911,0.84012306,0.15987688
30974,0.58689916,0.41310084
23629,0.0075180377,0.9924819
48659,0.88259226,0.11740774
45389,0.89995515,0.10004481
13172,0.15313494,0.84686506
13859,0.05105606,0.948944
43604,0.8851807,0.11481929
51744,0.89737004,0.10262995
56132,0.97546357,0.02453645
49270,0.8653839,0.13461609
3725,0.13862532,0.86137474
27665,0.010389559,0.98961043
53753,0.5120178,0.4879822
41515,0.47130528,0.52869475
1313,0.4469779,0.55302215
62976,0.86829764,0.13170236
3335,0.7200812,0.27991876
5108,0.7268908,0.27310923
42325,0.03313602,0.96686405
5755,0.81918955,0.18081047
43509,0.76795006,0.23204991
29318,0.08481151,0.91518855
5634,0.058573768,0.9414263
44555,0.9397194,0.060280565
62489,0.9778466,0.022153387
53905,0.9323599,0.06764011
4801,0.7025041,0.29749587
41668,0.021441914,0.97855806
23658,0.021458426,0.97854155
58579,0.8661179,0.13388216
8845,0.5623998,0.43760023
18299,0.0015031284,0.9984969
7746,0.38286078,0.6171392
54147,0.75516224,0.24483772
47889,0.7909331,0.20906685
51200,0.9252659,0.07473406
55244,0.41199064,0.5880094
17749,0.0021074675,0.99789256
56630,0.9267134,0.07328661
23763,0.11691168,0.88308835
7929,0.6715293,0.32847068
17239,0.01329051,0.9867094
1160,0.21582556,0.78417444
39027,0.0025014835,0.99749845
35783,0.32233343,0.67766654
63196,0.68150926,0.31849074
2886,0.5368642,0.46313578
2515,0.09725204,0.902748
3864,0.5831751,0.4168249
45656,0.7518023,0.2481977
29102,0.090261005,0.909739
17789,0.017770791,0.98222923
31126,0.0029079088,0.9970921
9513,0.07485078,0.9251492
33204,0.39110187,0.6088981
8545,0.13262513,0.8673749
52498,0.9757883,0.024211735
56699,0.8217475,0.17825253
58738,0.7103598,0.28964016
47965,0.55541193,0.44458807
17487,0.034690738,0.96530926
36641,0.08472394,0.9152761
51963,0.8540348,0.14596526
10526,0.20152418,0.7984758
39183,0.00041231696,0.9995877
56061,0.8638216,0.13617842
10424,0.06452654,0.9354735
39481,0.49029568,0.5097043
40956,0.0033534472,0.9966466
40898,0.026789898,0.9732101
57120,0.9594536,0.040546473
40980,0.041641023,0.95835894
12801,0.12845972,0.87154025
11516,0.3582323,0.6417677
60698,0.33317703,0.666823
43817,0.8873402,0.11265979
178,0.19441167,0.80558836
28671,0.0049303602,0.9950696
44628,0.95711243,0.04288758
26724,0.0046684607,0.99533147
769,0.5946053,0.40539467
32218,0.12157964,0.87842035
10481,0.3485603,0.65143967
40170,0.0050216266,0.99497837
49164,0.5639894,0.43601057
44997,0.92865896,0.07134107
45265,0.8185301,0.1814699
19382,0.016175127,0.98382485
48415,0.95861065,0.041389354
54474,0.8977333,0.1022667
50381,0.8782369,0.12176308
16198,0.07313076,0.9268693
414,0.22928973,0.7707103
15589,0.0067677097,0.99323237
38898,0.04119125,0.9588087
24831,0.13191521,0.8680848
28836,0.027489781,0.9725103
24062,0.005902842,0.9940971
5533,0.8200079,0.17999205
51967,0.51737905,0.48262092
32275,0.06634434,0.9336556
18288,0.33179313,0.66820693
15366,0.04751429,0.9524857
23208,0.005259784,0.9947402
29514,0.008505149,0.9914949
23267,0.008654006,0.99134594
60789,0.94003296,0.059966974
53617,0.7013417,0.2986583
36976,0.16596006,0.83404
24752,0.26825273,0.73174727
44845,0.93151975,0.06848027
10009,0.6053968,0.39460322
58038,0.9925721,0.0074279266
39169,0.0019491267,0.9980509
65069,0.87403446,0.12596555
18952,0.00091655034,0.9990834
38145,0.048646066,0.9513539
14746,0.29197288,0.7080271
39275,0.14763469,0.8523653
17410,0.0017717775,0.99822825
30143,0.34509087,0.65490913
50474,0.8954508,0.10454919
29098,0.0036983094,0.99630165
11775,0.008421941,0.9915781
30759,0.36386448,0.63613546
6595,0.84960794,0.15039209
20650,0.5425459,0.45745412
26468,0.76273566,0.23726432
53095,0.5632631,0.43673685
23131,0.009657945,0.990342
2380,0.16808607,0.8319139
53255,0.95380664,0.046193372
41894,0.7885448,0.21145521
17192,0.009860079,0.9901399
42570,0.03568686,0.9643131
33582,0.5249085,0.47509146
40251,0.0020329105,0.99796706
43186,0.0010550921,0.99894494
53839,0.4226699,0.5773301
25260,0.008324426,0.9916755
49970,0.5720419,0.42795807
52408,0.6034282,0.39657182
43235,0.818649,0.18135099
42314,0.44212192,0.557878
53070,0.38867253,0.61132747
60706,0.4816864,0.5183136
8187,0.836532,0.16346802
10306,0.049993884,0.9500061
52488,0.9334585,0.06654149
40548,0.000119540884,0.99988043
56697,0.8719109,0.12808909
4659,0.1239989,0.87600106
11520,0.2746748,0.7253252
50073,0.30849096,0.69150907
15501,0.0012470828,0.99875295
44992,0.8752362,0.12476381
48706,0.7963397,0.20366031
23680,0.031610154,0.9683898
27180,0.017835593,0.9821644
62910,0.5749954,0.42500457
33156,0.37738258,0.6226174
64842,0.80075014,0.19924988
28654,0.003134748,0.9968652
60914,0.9471539,0.052846055
10903,0.6543689,0.34563112
56058,0.8527644,0.14723551
59633,0.120516285,0.8794837
18244,0.0012836538,0.99871635
46923,0.9665637,0.033436302
42162,0.063802265,0.93619776
16984,0.016831383,0.9831686
63789,0.9260062,0.073993795
27877,0.018624077,0.98137593
46648,0.9341089,0.06589113
18941,0.21585003,0.78415
54844,0.62302494,0.37697503
46835,0.82966053,0.17033952
45726,0.08676497,0.913235
11518,0.14667453,0.85332555
23361,0.011026225,0.98897374
23528,0.011876958,0.988123
50139,0.81305593,0.18694402
63940,0.9601717,0.03982838
19987,0.008236671,0.99176335
6159,0.74598867,0.25401136
45060,0.9495334,0.05046667
31346,0.359963,0.640037
44514,0.9329814,0.06701859
31490,0.10929463,0.89070535
55626,0.66955453,0.3304455
19543,0.0057920227,0.994208
28397,0.24788566,0.75211436
44952,0.8426629,0.1573371
19519,0.0022236558,0.9977763
22854,0.00087251177,0.99912745
5655,0.7644097,0.23559022
9793,0.16703415,0.8329658
49623,0.8100317,0.18996835
41279,0.1332765,0.86672354
28476,0.027407173,0.9725928
53182,0.52088076,0.47911918
13604,0.53589934,0.46410063
12799,0.2114278,0.7885722
23212,0.0040151454,0.9959849
25752,0.5676103,0.43238968
22187,0.06539943,0.93460053
31653,0.31137022,0.68862975
31174,0.21412013,0.7858799
884,0.38112697,0.61887306
60710,0.69211894,0.30788106
25113,0.010907475,0.98909247
17333,0.001029239,0.99897075
9365,0.88335985,0.11664017
38791,0.0038366492,0.99616337
35227,0.7815077,0.21849236
14715,0.46952933,0.53047067
37598,0.002094229,0.99790573
65190,0.71635747,0.28364256
24479,0.00058911194,0.99941087
48925,0.91697294,0.08302709
40885,0.016315453,0.98368454
25938,0.13113995,0.8688601
28651,0.011409349,0.98859066
60599,0.27277124,0.7272287
3657,0.82246584,0.17753415
20040,0.010401961,0.98959804
10942,0.573866,0.426134
35376,0.819327,0.18067303
9998,0.23161173,0.7683883
37733,0.0003671866,0.99963284
14950,0.010037167,0.98996276
35150,0.74549156,0.2545084
39414,0.44667083,0.55332917
37158,0.030265318,0.9697346
52810,0.9418034,0.058196653
55366,0.49559164,0.5044083
8095,0.8483727,0.15162732
63911,0.6581813,0.34181872
32109,0.31539062,0.6846094
3061,0.7740029,0.22599703
32655,0.1065832,0.89341676
62888,0.7360413,0.2639587
30197,0.62000793,0.37999207
56523,0.87207717,0.12792277
23702,0.20337564,0.79662436
63296,0.46430424,0.5356958
26133,0.0260846,0.9739154
31753,0.18630703,0.8136929
19784,0.0012157758,0.99878424
36461,0.0958356,0.90416443
61945,0.8410305,0.15896955
59521,0.75319505,0.24680497
26717,0.008379582,0.9916204
61351,0.6021686,0.39783138
30111,0.14781521,0.8521848
12640,0.21697031,0.7830297
23065,0.0035865325,0.9964135
22356,0.03282536,0.9671746
52226,0.82529515,0.17470486
29719,0.15220971,0.8477903
18929,0.0010102302,0.99898976
44417,0.8080913,0.19190875
11682,0.7905986,0.20940149
44527,0.85499734,0.14500262
44383,0.8697673,0.13023277
43811,0.9841451,0.015854927
43360,0.5132981,0.48670194
17021,0.0019718646,0.9980281
62746,0.81179774,0.18820223
54280,0.90909207,0.09090797
40774,0.060512118,0.9394878
61396,0.8278253,0.17217472
63317,0.40549454,0.5945055
48379,0.8820593,0.117940724
8044,0.6074787,0.39252132
1759,0.25021482,0.7497851
23956,0.009488295,0.9905117
64766,0.8488411,0.15115897
19703,0.0003967633,0.9996032
40462,0.034933336,0.9650666
36059,0.007184707,0.99281526
54596,0.45948225,0.5405178
52026,0.7633524,0.23664758
24237,0.0021943653,0.99780566
13179,0.0038778987,0.99612206
33877,0.3117249,0.6882751
34996,0.7934232,0.20657685
42811,0.6929638,0.30703616
22377,0.010225276,0.9897747
15259,0.005790924,0.99420905
30361,0.015281882,0.98471814
64601,0.87338376,0.12661621
53721,0.84573644,0.1542635
4067,0.34807974,0.65192026
15738,0.0069532287,0.9930468
23381,0.007278799,0.99272114
22391,0.16321431,0.8367857
32666,0.28940728,0.7105927
7359,0.00086043484,0.99913955
10838,0.33763075,0.6623692
62602,0.77613366,0.2238663
18346,0.43290502,0.567095
18453,0.00046173084,0.9995383
4115,0.8181988,0.18180123
20613,0.19144006,0.80855995
14807,0.58377934,0.4162206
30839,0.012410431,0.9875896
25293,0.0013172415,0.9986828
13956,0.01911235,0.98088765
61078,0.972948,0.027051928
29061,0.010159621,0.9898403
18724,0.00042827742,0.99957174
2727,0.7089117,0.2910883
1012,0.83325005,0.16674995
51027,0.86691046,0.13308954
9219,0.77868885,0.22131114
58118,0.97107005,0.028929979
58123,0.9942562,0.00574377
37669,0.052355,0.94764495
1372,0.76032495,0.23967506
4029,0.8397836,0.16021638
6271,0.62846375,0.37153625
30418,0.001328784,0.9986713
35024,0.63947284,0.36052716
59316,0.6759837,0.3240163
30796,0.0080282455,0.99197173
10961,0.0051691383,0.9948309
26821,0.11513406,0.88486594
3188,0.67582786,0.3241721
58335,0.9519611,0.048038945
1547,0.39993262,0.6000674
3606,0.13278802,0.86721194
63666,0.47649604,0.52350396
63120,0.79770684,0.20229314
4467,0.2942714,0.70572865
35802,0.2679274,0.7320726
8089,0.003253232,0.9967468
27890,0.005023328,0.9949767
26769,0.14073923,0.85926074
20527,0.3824826,0.61751735
63538,0.31126863,0.68873143
8097,0.65335155,0.34664848
26201,0.019577067,0.98042285
17047,0.0036098834,0.99639004
3750,0.46274683,0.53725314
8325,0.5930436,0.4069564
59282,0.530573,0.46942693
39743,0.0015295504,0.9984705
51786,0.88443804,0.11556195
19154,0.05851689,0.94148314
16468,0.00032615365,0.99967384
32194,0.40021577,0.59978426
18964,0.0018535393,0.99814653
16512,0.003283935,0.99671614
42898,0.09114613,0.9088539
6473,0.953251,0.046748985
48411,0.6884139,0.31158605
35580,0.79883546,0.20116457
45214,0.9613959,0.03860409
14935,0.23805484,0.7619452
702,0.50379735,0.49620268
58124,0.988792,0.011208019
1015,0.6751029,0.32489708
49583,0.6791361,0.32086393
46977,0.70362854,0.29637146
59702,0.11480829,0.88519174
29454,0.02035249,0.9796475
24679,0.0070808865,0.99291915
17975,0.021103138,0.9788969
13450,0.54105747,0.4589425
49544,0.5205617,0.47943828
23113,0.008833655,0.9911664
46922,0.8516104,0.14838952
9903,0.14426382,0.8557362
7159,0.5602765,0.4397235
22830,0.0151563445,0.9848437
38116,0.002121701,0.9978783
60330,0.2852633,0.71473676
27657,0.4245057,0.57549435
25858,0.13960607,0.8603939
22475,0.09591942,0.9040806
37069,0.37513036,0.6248697
10792,0.0010244006,0.99897563
7667,0.51782733,0.4821727
19878,0.0021144454,0.9978855
59794,0.71534973,0.28465027
16469,0.0010318299,0.9989681
29470,0.0034482072,0.99655175
49228,0.70968646,0.29031357
15531,0.012000757,0.9879993
28125,0.006884107,0.99311596
2944,0.7314836,0.26851648
39153,0.05864198,0.94135803
30089,0.05433689,0.94566315
58133,0.98987585,0.010124188
40066,0.0046283873,0.99537164
11517,0.17689164,0.8231083
1578,0.7612185,0.23878148
26768,0.51796776,0.4820322
44622,0.90515137,0.09484864
39875,0.03560925,0.9643907
62915,0.89240575,0.107594185
10706,0.8379634,0.16203657
13951,0.020615455,0.97938454
38775,0.01347403,0.98652595
51676,0.91175824,0.088241704
28304,0.022524418,0.9774755
60350,0.5123839,0.48761615
11911,0.5291413,0.47085875
45130,0.9042672,0.09573279
43992,0.6908025,0.3091975
10055,0.43140745,0.5685926
26240,0.0377959,0.9622041
38452,0.001798656,0.9982014
56895,0.9991417,0.0008582903
59146,0.27015963,0.72984034
12266,0.19128591,0.8087141
29218,0.0032041904,0.99679583
25502,0.02691825,0.97308177
31817,0.122813545,0.8771865
64832,0.81521344,0.18478657
23504,0.021535862,0.9784641
11473,0.059880108,0.94011986
16994,0.01859429,0.9814057
52441,0.04301558,0.95698446
17746,0.03167124,0.9683288
32563,0.19755849,0.80244154
51724,0.93794346,0.06205655
18665,0.00075754017,0.9992424
22024,0.4537937,0.5462063
36154,0.015149073,0.98485094
62513,0.82741356,0.17258646
7801,0.4465905,0.5534095
46463,0.4915286,0.50847137
5748,0.8288855,0.17111446
20602,0.44861186,0.5513882
46166,0.5644053,0.4355947
16449,0.0028233943,0.99717665
39248,0.0022300251,0.99776995
57592,0.99979454,0.00020552966
61011,0.5051219,0.4948781
3893,0.09320508,0.9067949
26354,0.0037175068,0.9962825
43802,0.8578858,0.14211422
41509,0.29997015,0.70002985
61754,0.61537355,0.38462645
27749,0.009410679,0.9905894
7857,0.018020986,0.981979
46182,0.53000283,0.46999717
47975,0.8933137,0.10668628
58632,0.8531829,0.14681707
11978,0.7336909,0.26630905
61343,0.7526442,0.24735576
936,0.29901057,0.7009894
8183,0.2186386,0.7813614
56763,0.9711495,0.0288505
16951,0.009086716,0.9909133
53805,0.5626164,0.4373836
40137,0.0019913465,0.99800867
15515,0.096881375,0.9031186
22733,0.060577758,0.9394222
23610,0.005207772,0.99479216
48282,0.9355376,0.06446241
29214,0.265049,0.734951
52487,0.68711734,0.31288266
35151,0.6222432,0.3777568
11983,0.51044637,0.4895536
1844,0.4346111,0.56538886
35117,0.88758993,0.11241005
33069,0.29135236,0.70864767
15671,0.45346877,0.54653126
63088,0.8177083,0.18229166
47561,0.95299315,0.04700689
44105,0.53957385,0.46042615
6166,0.57521147,0.42478856
32272,0.10047664,0.8995234
56823,0.99730057,0.0026994103
6789,0.40918154,0.59081846
18598,0.0012221588,0.9987778
62074,0.9056338,0.09436623
22357,0.008339047,0.99166095
18494,0.0031658707,0.9968341
31030,0.014703255,0.9852968
59430,0.5560959,0.44390404
2935,0.6998873,0.30011272
58471,0.99547523,0.004524725
63326,0.44862044,0.55137956
32571,0.21302609,0.7869739
14765,0.65245026,0.34754977
55020,0.82747775,0.17252225
63338,0.3564417,0.64355826
58492,0.951779,0.048221003
50496,0.8977765,0.10222349
33984,0.43861073,0.56138927
52848,0.7888351,0.2111649
22396,0.05317242,0.94682753
43512,0.8501302,0.1498698
36390,0.016873255,0.9831268
8509,0.93655586,0.063444205
22002,0.34665242,0.6533476
56386,0.999703,0.00029702476
61355,0.88609225,0.11390775
11148,0.11565653,0.88434345
55142,0.96495163,0.035048414
12835,0.7704884,0.22951165
29279,0.036541898,0.96345806
41618,0.08472882,0.9152712
39216,0.00035556316,0.9996444
63047,0.82149065,0.17850935
49417,0.5582161,0.4417839
30985,0.03954204,0.9604579
15095,0.004787469,0.99521255
15829,0.0017736591,0.99822634
44975,0.90819645,0.09180361
33976,0.2934244,0.7065756
36297,0.105822064,0.894178
61413,0.7646682,0.23533177
34690,0.7543959,0.24560404
20449,0.6171248,0.38287523
27408,0.07295707,0.92704296
49908,0.86020666,0.1397934
31307,0.09860167,0.90139836
35263,0.7515289,0.24847105
15724,0.0050468286,0.9949531
33974,0.37311992,0.62688005
7170,0.22055459,0.7794454
36678,0.005719442,0.9942806
9723,0.79800075,0.20199928
53289,0.4587712,0.5412288
33993,0.5024631,0.49753696
40306,0.013258825,0.9867411
50501,0.95993006,0.040069886
16112,0.00076423044,0.99923575
45814,0.6426786,0.35732138
55043,0.7665924,0.23340765
41074,0.123193026,0.876807
8315,0.5635732,0.43642682
60151,0.8586438,0.14135617
61240,0.7967617,0.20323831
56796,0.97804755,0.021952473
42935,0.71031785,0.28968212
18039,0.0016441763,0.9983558
29914,0.36042094,0.63957906
19748,0.0017656107,0.9982344
23913,0.0028750924,0.99712485
23016,0.008892621,0.9911074
24085,0.0020156135,0.9979844
38507,0.00842531,0.9915747
13169,0.3421156,0.6578844
60118,0.8256097,0.17439036
46704,0.81799173,0.1820083
1016,0.5562472,0.44375286
39737,0.0017414287,0.99825853
35340,0.52815163,0.4718484
52630,0.7409236,0.25907636
62457,0.8678902,0.13210985
12349,0.018543491,0.9814565
56487,0.8790141,0.120985925
49430,0.70319146,0.29680854
13360,0.19844694,0.8015531
65240,0.794207,0.20579304
32898,0.34589222,0.6541078
31935,0.08527247,0.91472757
3438,0.30998126,0.6900187
40850,0.028986307,0.9710137
44761,0.9249623,0.07503767
6723,0.03703618,0.9629638
31558,0.33898798,0.661012
6075,0.68906486,0.31093517
57824,0.9736015,0.026398532
11167,0.6025545,0.39744547
15003,0.030993525,0.96900654
5098,0.24285433,0.7571457
52186,0.72393614,0.27606383
15177,0.12150158,0.8784985
12960,0.019967694,0.9800323
52853,0.6615739,0.3384261
33783,0.2726784,0.7273216
65014,0.8580521,0.14194794
26810,0.21298529,0.7870147
3690,0.44933164,0.5506684
26495,0.64542145,0.35457852
25601,0.019065117,0.9809349
64624,0.7483378,0.25166216
44025,0.80281234,0.19718766
8064,0.2844412,0.71555877
48624,0.62777185,0.37222815
58859,0.58910877,0.41089123
21248,0.54182523,0.45817474
30754,0.10772461,0.89227533
14157,0.41729426,0.58270574
39123,0.0005358834,0.9994641
40013,0.0015645579,0.99843544
26745,0.002136397,0.9978636
57241,0.84285814,0.15714183
37619,0.004157319,0.99584264
17355,0.03756466,0.96243536
22406,0.0042364243,0.99576354
46609,0.87550855,0.12449144
41636,0.033469014,0.9665309
8507,0.77755624,0.22244373
62095,0.6819343,0.3180657
29710,0.03646876,0.96353126
39440,0.05431771,0.94568235
36464,0.010097052,0.989903
60510,0.41981113,0.5801889
54752,0.83309925,0.16690078
56678,0.96996963,0.030030303
20257,0.0070336284,0.9929664
7953,0.7086563,0.2913437
9877,0.069322325,0.93067765
53815,0.85471326,0.14528671
29746,0.18190889,0.8180911
28271,0.31056678,0.6894332
12301,0.001395261,0.9986047
26991,0.12882805,0.87117195
37934,0.0022228982,0.99777704
42968,0.023922715,0.97607726
31763,0.6836516,0.31634837
53121,0.9552556,0.04474432
34141,0.5045417,0.49545828
15390,0.7371426,0.26285738
23668,0.3891429,0.61085707
41364,0.0057821763,0.9942179
30377,0.02803747,0.9719625
51447,0.812992,0.18700801
47016,0.603036,0.396964
36907,0.013934119,0.98606586
61284,0.911816,0.08818403
38550,0.030202866,0.9697971
59530,0.6438528,0.35614723
30493,0.0041187196,0.9958813
62222,0.6623771,0.33762288
1572,0.87454164,0.12545832
34784,0.7152055,0.28479454
3052,0.6866246,0.31337544
29588,0.01462456,0.9853755
52817,0.840435,0.15956496
3541,0.65661365,0.34338635
5863,0.6273535,0.37264654
54880,0.56408495,0.43591505
28793,0.018738598,0.9812614
62309,0.9980241,0.001975897
59495,0.7844325,0.21556747
31010,0.006350995,0.99364895
54879,0.79447657,0.2055234
19106,0.0003806781,0.99961925
15527,0.0019911344,0.9980089
22437,0.07220977,0.9277902
7786,0.83376384,0.16623613
50394,0.7503963,0.24960367
118,0.07733308,0.9226669
8786,0.48307568,0.5169243
50710,0.7029365,0.29706347
40139,0.00034355637,0.99965644
17005,0.0006962665,0.9993037
56720,0.97156256,0.028437495
12369,0.34231198,0.657688
22200,0.007438143,0.9925619
33396,0.18692064,0.81307936
48604,0.6781289,0.3218711
29569,0.13384971,0.86615026
25453,0.004885819,0.9951142
4211,0.063845456,0.9361545
25480,0.0019781722,0.99802184
58567,0.8150274,0.18497255
16800,0.005111961,0.994888
49524,0.8719181,0.12808193
39109,0.0029209598,0.997079
31322,0.11403329,0.8859668
33962,0.43412572,0.5658742
45778,0.5135716,0.48642835
6690,0.42666,0.57333994
32090,0.23045382,0.76954615
36584,0.28170618,0.71829385
21660,0.07405027,0.9259497
32742,0.10870058,0.8912994
55672,0.69503486,0.30496508
11597,0.7998706,0.20012937
40604,0.13852026,0.8614797
28155,0.011967767,0.9880322
38782,0.0020738759,0.9979261
60988,0.88799036,0.1120096
60042,0.5934587,0.40654132
50401,0.80714804,0.19285195
14680,0.31265733,0.6873427
46395,0.48754787,0.51245207
56860,0.99417996,0.005820109
60080,0.79280233,0.20719764
61675,0.9238989,0.07610114
37434,0.18563254,0.8143675
59819,0.85431486,0.14568514
15192,0.261344,0.738656
49422,0.7975643,0.2024356
4769,0.9011433,0.098856635
30640,0.011431286,0.9885688
5156,0.6959834,0.30401656
49574,0.8508822,0.14911784
3244,0.72722185,0.27277812
25165,0.011547858,0.98845214
29476,0.0010607606,0.9989392
59310,0.6985295,0.30147052
3922,0.7356157,0.2643843
23332,0.005303776,0.99469614
49796,0.7010494,0.29895058
33419,0.12795421,0.8720458
46992,0.8265498,0.17345014
37737,0.15276685,0.8472332
11946,0.5047405,0.4952595
9388,0.08984466,0.91015536
20460,0.74546283,0.25453722
50124,0.81876135,0.18123865
58443,0.94263196,0.057368103
15205,0.34128472,0.65871525
5085,0.070671946,0.9293281
22431,0.020556048,0.9794439
10136,0.12934448,0.8706556
34124,0.22370934,0.77629066
54002,0.4469014,0.5530986
32478,0.15399946,0.84600055
64235,0.8060555,0.1939445
21078,0.12755041,0.8724496
47664,0.87023866,0.12976138
9425,0.6526594,0.34734055
48383,0.6065211,0.39347887
11133,0.060030665,0.93996936
39996,0.01162382,0.9883762
43615,0.9978917,0.0021083443
1881,0.34017923,0.6598208
45461,0.9259298,0.07407024
31473,0.650692,0.349308
3215,0.79342514,0.2065749
43178,0.028445132,0.9715549
28112,0.1873917,0.81260824
17646,0.0010040251,0.99899596
48795,0.8345175,0.16548248
7218,0.00391748,0.99608254
25323,0.004937814,0.9950622
43710,0.8987574,0.10124261
45709,0.949605,0.050395038
25106,0.71205646,0.28794354
12176,0.003021155,0.9969789
41049,0.28480387,0.71519613
33912,0.18122226,0.81877774
38484,0.044159826,0.9558402
42861,0.008651895,0.9913481
6846,0.62934506,0.37065497
1941,0.62905246,0.37094754
16639,0.0048752395,0.99512476
22179,0.15161154,0.84838843
3127,0.042351823,0.95764816
35300,0.48564583,0.51435417
13585,0.7248424,0.27515754
52791,0.9980609,0.0019391574
50389,0.80355054,0.19644944
4113,0.5102047,0.48979533
52748,0.87005377,0.12994622
8986,0.3521685,0.6478315
7813,0.07743387,0.9225662
21821,0.002945565,0.99705446
12772,0.15371257,0.84628737
7777,0.51892453,0.48107547
6323,0.2368399,0.7631601
60920,0.71397585,0.28602412
64458,0.8882126,0.11178735
52280,0.5651155,0.4348845
1887,0.581565,0.41843498
29532,0.06369195,0.93630797
64313,0.84403366,0.15596633
2090,0.8498365,0.15016344
17579,0.0017599058,0.9982401
18999,0.001998129,0.9980019
47200,0.79331577,0.20668425
21362,0.030782742,0.96921724
24674,0.017648079,0.98235196
5381,0.637153,0.3628469
41392,0.0061767995,0.9938232
58373,0.98942906,0.010571002
52648,0.7205107,0.2794893
33187,0.3273706,0.6726294
24234,0.0009111676,0.9990889
62150,0.73528516,0.2647149
31429,0.49608016,0.50391984
23655,0.06430705,0.93569297
58329,0.9251683,0.074831754
42864,0.023113178,0.9768868
2707,0.9010502,0.098949775
42502,0.031893376,0.9681066
47972,0.42562,0.57438
59484,0.6749142,0.32508588
43796,0.82402205,0.17597796
7593,0.58561707,0.414383
23461,0.0065778797,0.9934221
60883,0.98822045,0.011779513
20198,0.0057380325,0.994262
16532,0.0060286117,0.9939714
14010,0.4296335,0.5703665
42574,0.80526406,0.19473597
4025,0.08155675,0.91844326
39525,0.05053446,0.9494656
340,0.02207358,0.97792643
2418,0.87987196,0.120128065
47853,0.45085886,0.5491411
49075,0.6636609,0.33633912
27022,0.12508695,0.8749131
62148,0.76717854,0.2328214
59153,0.68663067,0.3133693
29983,0.007488214,0.99251175
681,0.45212963,0.54787034
37984,0.0013817231,0.99861825
16773,0.00042631838,0.99957365
330,0.09773247,0.9022676
57904,0.97210914,0.027890839
24959,0.22790585,0.77209413
61902,0.99843425,0.0015657854
30623,0.04166497,0.958335
24279,0.0025624814,0.9974375
6512,0.61450833,0.3854916
26785,0.1368244,0.8631756
10266,0.5889318,0.41106817
45606,0.90324056,0.09675948
45903,0.88022155,0.11977851
65018,0.7254651,0.27453488
17208,0.012978765,0.98702127
2129,0.9050045,0.09499546
13067,0.23105834,0.7689417
36913,0.01670881,0.98329127
46093,0.89244205,0.10755794
57481,0.9958741,0.0041259043
61850,0.9518424,0.0481576
23407,0.0017724166,0.99822754
62186,0.9956376,0.0043624425
19758,0.0009397912,0.9990602
19594,0.0018696205,0.9981304
25428,0.0049811876,0.99501884
37935,0.0025200949,0.99748
25477,0.0072320304,0.99276793
47303,0.95229363,0.047706336
64602,0.41173348,0.58826655
13377,0.4535205,0.5464795
28527,0.021519288,0.9784807
40864,0.11632032,0.8836797
10505,0.81676286,0.1832371
55984,0.95308316,0.046916813
15806,0.0027598448,0.9972402
29646,0.2870894,0.7129106
54172,0.7281852,0.27181482
26494,0.33921927,0.6607808
58582,0.64747876,0.35252127
49707,0.7861561,0.21384384
40246,0.0027671142,0.99723285
22608,0.120127924,0.8798721
14887,0.35032842,0.6496716
5402,0.74696976,0.25303018
30299,0.2016271,0.7983729
54890,0.37120593,0.6287941
37124,0.032835368,0.9671647
41649,0.027537817,0.97246224
17271,0.024311613,0.9756884
26890,0.0050593866,0.99494064
18717,0.0011707509,0.9988293
61677,0.8505944,0.14940557
16745,0.00086840376,0.9991316
4803,0.8938891,0.10611081
17366,0.0012040868,0.99879587
18650,0.00021093513,0.99978906
20057,0.0011290342,0.9988709
50429,0.6421376,0.35786238
37948,0.009508204,0.9904918
3401,0.75870115,0.24129884
8920,0.7108566,0.28914335
64525,0.50974166,0.4902583
51611,0.73956096,0.260439
43117,0.78154296,0.21845704
6338,0.78888094,0.21111907
26971,0.3127692,0.6872308
28289,0.059203204,0.9407968
47074,0.91506046,0.0849395
59106,0.4262634,0.57373655
13225,0.034542795,0.96545726
61473,0.5693522,0.43064773
38302,0.0075592906,0.9924407
30628,0.17252989,0.8274701
31587,0.30005744,0.6999426
10735,0.46739987,0.53260016
9306,0.8853029,0.11469709
13635,0.42495236,0.5750477
57237,0.7667418,0.23325822
42127,0.078671165,0.92132884
29328,0.43231046,0.5676896
52738,0.7659191,0.23408094
38472,0.036063366,0.96393657
24563,0.0010597177,0.9989403
8592,0.53094614,0.46905386
12164,0.0523747,0.9476252
6004,0.90896994,0.091030106
64200,0.9348551,0.06514497
61063,0.87950206,0.12049793
60762,0.9196787,0.08032136
28318,0.023282118,0.9767179
3728,0.5353683,0.46463165
53376,0.9309248,0.06907526
2819,0.9099423,0.090057686
12539,0.021961648,0.97803843
65063,0.79791516,0.20208482
56304,0.67791325,0.3220868
11451,0.016304841,0.98369515
57575,0.9998808,0.00011916986
22014,0.2740665,0.7259335
33855,0.25742233,0.7425777
25554,0.7766352,0.22336479
51296,0.8966775,0.10332256
397,0.6271291,0.37287095
51246,0.6620107,0.33798924
51687,0.27711132,0.7228887
6916,0.8006184,0.19938159
25525,0.16567513,0.8343249
51055,0.82719064,0.17280942
49781,0.5122336,0.48776639
40602,0.07536284,0.9246372
20469,0.2852521,0.7147479
9993,0.07882102,0.921179
30296,0.07203699,0.92796296
10596,0.22889608,0.7711039
47167,0.881362,0.11863794
41040,0.0011211172,0.9988789
39354,0.31900984,0.6809901
12258,0.07466799,0.92533195
2536,0.6524331,0.34756687
63918,0.34362286,0.65637714
24440,0.0020319335,0.997968
40067,0.00044649624,0.9995535
61761,0.91490275,0.085097216
32372,0.31851476,0.68148524
5940,0.7736873,0.22631271
45202,0.65902066,0.34097934
64945,0.8763247,0.12367532
34972,0.8535317,0.14646827
14577,0.74467623,0.25532377
17536,0.010394146,0.9896059
13389,0.5538158,0.44618425
40329,0.011957886,0.9880421
58571,0.4950363,0.5049637
44594,0.9586669,0.04133303
33574,0.3443854,0.6556147
30724,0.25592238,0.74407756
49048,0.67906195,0.32093802
7921,0.20934752,0.7906525
14477,0.33210924,0.6678908
13341,0.10384073,0.89615923
57898,0.98614615,0.0138538545
18508,0.00087258744,0.99912745
19611,0.010631138,0.98936886
6760,0.66033113,0.33966884
29447,0.0058668004,0.9941332
24470,0.0010403314,0.99895966
18757,0.00047903348,0.999521
2678,0.23036064,0.7696394
55906,0.52309996,0.47690007
57537,0.8322282,0.16777182
37687,0.0071520465,0.9928479
5248,0.8895237,0.11047631
43045,0.12896387,0.8710362
21909,0.22647275,0.77352726
5726,0.82867163,0.17132841
51754,0.92711717,0.07288289
21068,0.093996786,0.90600324
51950,0.53404,0.46596006
42688,0.10847852,0.89152145
5949,0.58088994,0.41911006
40927,0.0090711685,0.9909288
6441,0.8217913,0.17820874
65013,0.7958551,0.2041449
30097,0.30095086,0.6990492
50443,0.8670151,0.13298492
19534,0.00028045152,0.99971956
27688,0.0009845275,0.99901545
44023,0.924068,0.075932026
50308,0.9342506,0.065749384
14982,0.2969897,0.7030103
34447,0.71687895,0.28312102
41533,0.09802208,0.9019779
31196,0.21194224,0.7880577
29421,0.0022073174,0.9977927
37885,0.06341481,0.93658525
34863,0.7150987,0.28490132
57790,0.993778,0.0062220893
12443,0.13663623,0.86336374
44147,0.59572667,0.40427333
63578,0.9193069,0.08069317
25475,0.0007187575,0.9992812
21037,0.0577319,0.94226813
56748,0.9711364,0.028863622
17015,0.002740237,0.99725974
14232,0.116456285,0.8835437
51921,0.7295668,0.2704332
62422,0.9997161,0.00028390175
35604,0.64640296,0.353597
4741,0.21682623,0.7831738
58259,0.9939526,0.0060474453
1455,0.7903744,0.20962562
15335,0.52485675,0.47514328
45834,0.9465047,0.05349529
13933,0.6391862,0.36081377
13273,0.3119672,0.6880328
11748,0.7265706,0.2734294
8161,0.09098348,0.9090165
64474,0.5974426,0.40255743
26966,0.02182979,0.9781702
60953,0.44588324,0.5541168
24788,0.2993993,0.7006007
12286,0.5144551,0.4855449
22790,0.012506119,0.9874938
18892,0.0034188903,0.99658114
34942,0.76145935,0.23854068
947,0.32324323,0.67675674
46133,0.7801667,0.21983337
13938,0.022976728,0.97702324
15517,0.0438272,0.95617276
3550,0.63880473,0.36119527
54492,0.8553473,0.14465277
1512,0.44331118,0.55668885
2467,0.67927414,0.3207259
33758,0.3293187,0.6706813
14091,0.05808504,0.941915
6683,0.3698357,0.6301643
34143,0.18270272,0.8172972
27604,0.049726628,0.9502734
6631,0.8335652,0.1664348
33960,0.40948433,0.5905157
39458,0.061276175,0.93872386
29904,0.05202531,0.9479747
15097,0.70521563,0.2947843
53345,0.20738277,0.7926172
49486,0.48467883,0.51532114
55222,0.2964286,0.70357144
17581,0.006307428,0.99369264
59130,0.38153023,0.61846983
35279,0.67663616,0.32336384
47472,0.90935105,0.09064892
17678,0.020735815,0.9792642
34790,0.47209397,0.527906
41645,0.045185994,0.95481396
50763,0.816871,0.183129
2627,0.6471819,0.3528181
62729,0.37680236,0.6231977
34585,0.7815639,0.21843614
26412,0.006235341,0.99376464
48430,0.40920672,0.5907933
32112,0.14952186,0.8504782
21934,0.01005084,0.9899491
41893,0.028284756,0.9717153
40536,0.00057833595,0.9994217
21063,0.13386714,0.8661329
30631,0.059495274,0.9405047
20651,0.27647883,0.7235211
39231,0.0007144402,0.99928564
61112,0.99781585,0.0021840837
42418,0.14494456,0.85505545
644,0.08390137,0.91609865
11512,0.17277868,0.8272213
57451,0.98907894,0.010921102
12865,0.03202204,0.96797794
18420,0.001827368,0.99817264
9552,0.6750728,0.3249272
34793,0.6120806,0.38791943
31092,0.013337838,0.9866622
30865,0.1383891,0.86161095
25156,0.01316698,0.98683304
45886,0.94039834,0.059601694
61662,0.767262,0.23273799
32449,0.09574019,0.90425986
29230,0.20147471,0.7985253
25793,0.2516295,0.7483705
60013,0.6489794,0.35102057
17662,0.005335147,0.9946648
60858,0.9815207,0.018479303
4103,0.8165002,0.18349978
45575,0.32343078,0.6765692
8361,0.49537325,0.50462675
31695,0.23242454,0.76757544
59629,0.8726182,0.12738185
6347,0.043307208,0.9566928
301,0.31364402,0.686356
31344,0.117002934,0.88299704
14918,0.05254842,0.94745153
59884,0.8900924,0.10990767
5631,0.17636165,0.8236383
32014,0.04655975,0.9534403
14448,0.6516509,0.34834915
16294,0.0017047459,0.99829525
53427,0.82827693,0.17172305
17738,0.0021628712,0.9978371
37662,0.15959816,0.8404018
38765,0.09208864,0.90791136
20901,0.04436839,0.9556316
14473,0.4139624,0.58603764
17660,0.01983691,0.9801631
53613,0.5610245,0.43897545
7974,0.01566843,0.9843316
31056,0.41585782,0.5841422
5206,0.65878373,0.34121624
15191,0.0014157513,0.9985843
59831,0.89150685,0.108493105
59357,0.35712358,0.64287645
55936,0.99699557,0.00300444
53868,0.476286,0.523714
49443,0.5572516,0.44274846
59948,0.106398314,0.89360166
8145,0.6087477,0.39125228
15777,0.0045539364,0.9954461
32049,0.13070063,0.8692994
23887,0.015566839,0.9844332
17533,0.014956215,0.98504376
10058,0.45963955,0.5403604
1371,0.5096066,0.4903934
12399,0.59032226,0.40967777
7968,0.3262881,0.6737119
34424,0.66096616,0.33903387
42802,0.00425722,0.99574274
2474,0.7458093,0.25419074
34392,0.7698238,0.23017627
39573,0.00031272793,0.9996873
11790,0.6241546,0.37584534
31436,0.16250116,0.83749884
60303,0.24118285,0.75881714
28132,0.05316102,0.946839
24838,0.0074919784,0.992508
55726,0.87518466,0.12481535
24118,0.0009902555,0.9990097
29277,0.15948704,0.84051293
35733,0.44752204,0.5524779
24331,0.0019864826,0.9980135
20394,0.59631115,0.40368882
23976,0.002209358,0.9977907
15071,0.042284083,0.9577159
22983,0.01869377,0.98130625
51780,0.9363131,0.06368687
53318,0.42343923,0.57656074
34349,0.5711853,0.42881468
34422,0.8568571,0.1431429
57356,0.9983392,0.0016607859
45474,0.84786755,0.15213251
33779,0.21641123,0.7835888
57314,0.99978775,0.00021222867
34613,0.70005274,0.29994723
46075,0.65569425,0.34430575
30549,0.102792636,0.8972074
49220,0.5676847,0.4323153
15613,0.0140316095,0.98596835
53757,0.33946657,0.6605334
34067,0.10390197,0.8960981
12279,0.23035271,0.76964736
62647,0.6909589,0.3090411
61615,0.62908953,0.37091044
24872,0.17345609,0.82654387
64027,0.9455993,0.054400716
35476,0.749945,0.25005502
17068,0.0142982155,0.9857018
793,0.5787448,0.42125514
10062,0.12020085,0.8797992
54061,0.5881708,0.41182917
14266,0.045701515,0.9542985
43887,0.54719704,0.45280296
28151,0.7702045,0.22979556
1765,0.18275991,0.81724006
26696,0.010160349,0.9898397
36850,0.004581156,0.9954189
59351,0.4878846,0.5121154
58428,0.9880304,0.011969599
39922,0.0032010877,0.9967989
10300,0.04558009,0.95441985
54432,0.6169778,0.38302216
53683,0.80566466,0.1943353
14131,0.016855791,0.98314416
60847,0.599971,0.400029
45041,0.93811274,0.061887212
49005,0.7114126,0.28858742
36329,0.16281542,0.8371846
25102,0.21845682,0.7815432
41269,0.30863327,0.69136673
58025,0.9747662,0.025233757
25054,0.039572395,0.9604276
31619,0.1593109,0.8406891
14340,0.011558432,0.9884416
17476,0.0052133454,0.9947866
27937,0.13535504,0.86464494
57546,0.999848,0.00015202723
18937,0.0028243714,0.9971756
6363,0.525014,0.47498602
25220,0.2024357,0.79756427
55662,0.6277172,0.37228283
18008,0.01011876,0.9898812
10573,0.19358021,0.80641985
51343,0.48434487,0.5156551
55972,0.73660225,0.26339778
28928,0.03183397,0.96816605
11562,0.032062683,0.9679373
33446,0.21444617,0.7855538
7125,0.028136099,0.97186387
42785,0.7991269,0.20087305
1056,0.35668057,0.6433194
3653,0.17429715,0.8257029
9844,0.90188235,0.09811768
60201,0.7707686,0.22923146
50775,0.3418558,0.65814424
26478,0.25009835,0.7499016
44982,0.9599297,0.040070232
25356,0.0026023036,0.99739766
64896,0.7837773,0.21622266
33152,0.42609102,0.573909
29676,0.23848854,0.7615115
28323,0.023020674,0.9769793
52147,0.7560588,0.24394117
44423,0.6689873,0.3310127
33025,0.46074852,0.5392515
11923,0.11247287,0.8875271
473,0.9418694,0.05813064
53252,0.8352039,0.16479611
13901,0.005920592,0.9940795
30379,0.0036414654,0.9963586
51763,0.7171917,0.2828083
32765,0.17722252,0.82277745
16056,0.0004184276,0.99958163
18667,0.0009217058,0.9990783
53705,0.8529808,0.1470192
63166,0.40413418,0.59586585
7406,0.0032884702,0.9967115
33095,0.42837957,0.57162046
13639,0.4694531,0.5305469
9622,0.9094169,0.090583056
27458,0.03224311,0.9677569
60660,0.2850993,0.71490073
10908,0.45447108,0.54552895
22647,0.27613056,0.7238695
64647,0.76727986,0.23272009
26755,0.4549257,0.54507434
15678,0.0063268533,0.9936732
57633,0.9994105,0.0005895549
2657,0.32550025,0.67449975
15555,0.005697014,0.994303
44280,0.9440805,0.055919513
45205,0.89252424,0.10747571
5737,0.24073286,0.75926715
18172,0.0011361992,0.9988638
30152,0.0022267448,0.99777323
41760,0.1719725,0.8280275
9982,0.7520003,0.24799974
45016,0.9367052,0.06329482
21526,0.58035487,0.41964516
41241,0.06654512,0.9334549
12808,0.015103309,0.98489666
27621,0.05983811,0.94016194
33270,0.45111752,0.5488825
3695,0.014733162,0.9852668
49979,0.93673676,0.063263245
45881,0.9272531,0.07274686
33691,0.51528513,0.48471484
46285,0.26663578,0.7333642
19731,0.0054084593,0.99459153
43199,0.82928807,0.17071193
42382,0.39001492,0.60998505
34249,0.26937607,0.73062396
44365,0.9906025,0.009397489
258,0.31064638,0.68935364
51737,0.8971228,0.10287717
18497,0.018733392,0.9812666
39156,0.0008065216,0.9991935
52588,0.89929986,0.10070014
55770,0.91369647,0.08630349
43921,0.48997754,0.51002246
51982,0.7302085,0.2697915
39528,0.061979417,0.9380205
23839,0.045047563,0.9549525
32652,0.636406,0.363594
13596,0.5621618,0.43783823
43283,0.30174902,0.698251
11933,0.30326432,0.6967356
1127,0.8560337,0.14396633
20197,0.0008181565,0.9991818
5970,0.08014882,0.91985124
40395,0.056710415,0.9432896
5753,0.5958447,0.40415525
53261,0.52027494,0.4797251
4719,0.5415953,0.4584047
44347,0.9360894,0.06391058
62918,0.89974195,0.10025804
58406,0.90372485,0.09627518
59977,0.6325542,0.3674459
28254,0.04086825,0.9591317
13757,0.63663757,0.36336246
49529,0.87835324,0.12164677
39889,0.00090887933,0.99909115
55666,0.82756984,0.17243017
40547,0.0010390948,0.99896085
38264,0.00760575,0.9923942
31878,0.21104519,0.78895485
37250,0.4353378,0.5646622
59892,0.84831774,0.1516822
38035,0.01258815,0.98741186
5316,0.8487737,0.15122633
143,0.20194645,0.7980535
62692,0.9503093,0.049690723
39007,0.018976156,0.9810238
30432,0.005835547,0.9941645
18616,0.00042058903,0.99957937
31179,0.021185495,0.97881454
40644,0.17853917,0.82146084
16827,0.0030498772,0.9969502
14896,0.012325776,0.9876743
54935,0.80892104,0.19107895
7799,0.1314894,0.8685106
17022,0.020214356,0.9797856
49113,0.90782213,0.092177846
35832,0.06649456,0.9335055
51727,0.9788123,0.021187779
25330,0.0009363707,0.9990637
53413,0.572632,0.42736802
46326,0.96706766,0.032932367
43138,0.001779792,0.99822015
26726,0.015667308,0.9843327
41484,0.017750893,0.98224914
50930,0.91912013,0.080879845
34220,0.27266845,0.7273315
45382,0.9103048,0.08969526
5344,0.7433855,0.2566145
62452,0.9399701,0.06002988
18822,0.0002739201,0.9997261
18202,0.0015166701,0.99848336
14212,0.0847283,0.9152717
48087,0.7854793,0.21452074
32414,0.43857405,0.5614259
20707,0.20786163,0.7921384
25873,0.061301246,0.9386987
58252,0.994786,0.005213907
48648,0.7249157,0.2750843
22768,0.01726101,0.982739
14512,0.13281338,0.8671866
4032,0.051535964,0.9484641
49324,0.81659657,0.18340345
38075,0.10452411,0.8954759
26307,0.0053041866,0.99469584
41477,0.028429992,0.97156996
3352,0.05679469,0.94320536
14392,0.41108155,0.5889184
38759,0.0535575,0.94644254
46476,0.66789067,0.3321093
10410,0.59756273,0.4024373
4610,0.8353158,0.16468422
30556,0.25036865,0.74963135
46927,0.8028806,0.19711943
58739,0.77034014,0.22965986
23811,0.003270928,0.996729
8197,0.79492813,0.2050718
42200,0.108196035,0.891804
59862,0.65210354,0.3478965
26190,0.06493512,0.93506485
38259,0.029049017,0.970951
11404,0.0085191615,0.9914808
49542,0.77279115,0.22720885
27340,0.0064631617,0.9935368
47924,0.76242703,0.23757292
42074,0.039270047,0.96072996
20075,0.00025570247,0.99974424
4843,0.29364568,0.7063544
21086,0.08629358,0.9137064
49407,0.495762,0.50423807
12766,0.5305767,0.46942323
36742,0.042960905,0.95703906
22741,0.009252912,0.9907471
30083,0.26848045,0.7315195
7471,0.29071853,0.70928144
50569,0.81256247,0.18743755
43573,0.93384475,0.06615523
51852,0.87851834,0.121481664
62409,0.590365,0.40963504
8754,0.32357708,0.67642295
64055,0.8200858,0.1799142
58256,0.9937152,0.006284751
48413,0.46814877,0.5318512
18242,0.0013694239,0.99863064
12725,0.09329734,0.90670264
45056,0.93858624,0.061413802
63631,0.839661,0.16033906
53388,0.8024784,0.19752166
26632,0.0005720774,0.99942786
18397,0.011396233,0.9886037
55877,0.6921412,0.30785882
64113,0.8901248,0.109875225
41475,0.044024594,0.9559754
59961,0.80456626,0.19543377
44519,0.87844163,0.12155832
29847,0.0056336485,0.99436635
41690,0.75326425,0.24673574
27662,0.0011563072,0.99884367
18361,0.0034864978,0.99651355
45844,0.71127945,0.28872055
54653,0.58220977,0.41779023
56921,0.9724113,0.027588775
10583,0.71848476,0.2815152
30878,0.05384129,0.9461587
31288,0.20187871,0.79812133
55299,0.686627,0.31337303
40189,0.11638761,0.8836124
6463,0.9132043,0.08679572
9311,0.511167,0.48883298
4128,0.50955606,0.49044394
57279,0.9163622,0.08363772
6255,0.6988899,0.30111003
28383,0.30518585,0.69481415
21163,0.2551439,0.74485606
29432,0.016487565,0.98351246
9212,0.48926446,0.5107355
23930,0.00432013,0.99567986
11814,0.23214638,0.7678536
17835,0.012543591,0.9874564
55434,0.6267465,0.37325355
65050,0.810674,0.18932602
9300,0.82023007,0.17976995
7755,0.09393848,0.9060615
40153,0.0011977558,0.9988022
46620,0.8564552,0.14354481
61988,0.98238784,0.017612144
16502,0.02242007,0.97758
16010,0.8670813,0.13291875
9463,0.86033314,0.13966686
18195,0.08192049,0.9180795
52130,0.40503606,0.5949639
57412,0.8508959,0.14910413
10019,0.25859854,0.7414015
20607,0.51866275,0.48133722
2329,0.53652257,0.46347743
61197,0.74066883,0.2593312
45907,0.8733,0.12669998
37825,0.03897884,0.9610212
51264,0.7910347,0.20896529
23790,0.107931785,0.8920682
47246,0.9378953,0.062104646
28917,0.019435065,0.980565
51925,0.88673264,0.11326739
60033,0.3403265,0.6596736
11717,0.0007526482,0.99924743
17909,0.0028822084,0.99711776
47082,0.9553108,0.044689216
48969,0.9171193,0.082880646
14222,0.17343932,0.8265607
30234,0.55951613,0.44048384
7682,0.4523431,0.54765683
52870,0.609822,0.39017802
5579,0.15355086,0.84644914
37828,0.044062015,0.955938
49359,0.73999566,0.2600043
37538,0.071940705,0.9280593
19462,0.0037800558,0.99621993
15520,0.014839838,0.9851601
8834,0.28983304,0.710167
59986,0.7391171,0.2608829
39607,0.00040330194,0.99959666
54357,0.5912077,0.40879232
24003,0.0017264589,0.9982735
20975,0.075984634,0.9240154
40289,0.004410488,0.9955895
349,0.7471529,0.25284705
22448,0.0033754734,0.9966246
36832,0.008814933,0.991185
8998,0.8154326,0.18456738
34510,0.69880235,0.30119762
9830,0.29212433,0.70787567
15992,0.0038430896,0.9961569
44746,0.93224114,0.067758866
21334,0.374924,0.625076
65196,0.84934926,0.15065072
51302,0.765631,0.234369
52128,0.8319096,0.16809036
28161,0.0016420229,0.99835795
11845,0.17690419,0.8230958
30094,0.20394355,0.79605645
37392,0.02250556,0.9774944
17848,0.0008769291,0.99912304
41171,0.071236126,0.92876387
11947,0.8268102,0.17318974
43889,0.7544037,0.24559627
39721,0.008235359,0.9917646
19088,0.0037067619,0.99629325
6333,0.9130877,0.086912304
54071,0.7583336,0.24166635
20285,0.00014830045,0.9998517
30543,0.6922839,0.307716
32248,0.7274687,0.2725312
546,0.3501718,0.6498282
182,0.15002485,0.84997517
7024,0.95549417,0.04450585
47535,0.93723994,0.06276006
22319,0.0013765849,0.9986234
56940,0.9630106,0.03698939
54222,0.8719156,0.1280844
53562,0.7735497,0.22645031
32574,0.2489206,0.75107944
3242,0.68083173,0.31916827
40567,0.016992461,0.98300755
11275,0.49413213,0.50586784
47543,0.28654736,0.71345264
8743,0.557664,0.442336
62583,0.8371281,0.16287191
1682,0.3997368,0.6002632
33795,0.3195816,0.6804184
64340,0.38279372,0.6172062
18358,0.19884805,0.80115193
40314,0.026464427,0.97353566
33146,0.43961748,0.56038254
11146,0.8023224,0.19767763
51942,0.71304595,0.28695402
28280,0.20863426,0.79136574
967,0.66685224,0.33314782
38545,0.02870919,0.97129077
2961,0.5238655,0.47613448
18909,0.004215913,0.9957841
18253,0.006170416,0.99382955
36394,0.013382998,0.98661697
50372,0.36847356,0.6315264
44993,0.89929193,0.10070807
45283,0.9648502,0.03514979
59194,0.43722016,0.56277984
31424,0.2651213,0.7348787
29539,0.06701221,0.9329878
2545,0.8240654,0.17593461
3638,0.14088571,0.85911435
24149,0.005260126,0.99473995
59291,0.67422396,0.3257761
35833,0.18422695,0.815773
31250,0.13761845,0.8623816
16479,0.0014266043,0.9985734
19913,0.00031078912,0.9996892
36787,0.01211444,0.9878856
33725,0.22129701,0.778703
33890,0.39363104,0.60636896
38563,0.019528678,0.9804714
8022,0.5932951,0.40670493
58072,0.9557267,0.044273283
61912,0.6255337,0.37446627
1999,0.70568204,0.29431796
34178,0.18838303,0.81161696
61036,0.79145724,0.2085428
48833,0.94879156,0.051208466
41369,0.026714282,0.9732858
26336,0.00155279,0.99844724
43577,0.9026936,0.09730637
62196,0.9871388,0.012861187
9721,0.027322033,0.97267795
12690,0.26559886,0.73440117
24413,0.0023093338,0.9976907
18158,0.0018442877,0.99815565
15004,0.03707792,0.96292204
22748,0.014292921,0.9857071
16906,0.001253227,0.99874675
25496,0.010378265,0.98962176
27997,0.011730452,0.98826957
34773,0.9396018,0.060398147
10213,0.78720653,0.21279351
25861,0.009216291,0.9907837
24129,0.00096573477,0.9990343
57393,0.9354233,0.064576715
20359,0.5857366,0.41426343
41156,0.004896374,0.9951036
61317,0.9432954,0.056704614
19752,0.060371798,0.93962824
39459,0.02641301,0.97358704
44279,0.811294,0.188706
15218,0.02386163,0.97613835
5763,0.3924985,0.6075015
2659,0.8442206,0.15577938
56722,0.9763523,0.02364767
41480,0.027306769,0.97269326
55221,0.61466604,0.38533396
55194,0.45974964,0.54025036
21535,0.03179567,0.9682044
52307,0.59850484,0.40149513
44833,0.937972,0.062027965
1144,0.48299152,0.5170085
34174,0.17155342,0.82844657
5388,0.4629548,0.5370452
30735,0.020340856,0.9796592
64674,0.85483414,0.14516585
37933,0.032726754,0.9672733
57371,0.9889921,0.011007906
15275,0.18315826,0.8168418
63845,0.30697808,0.6930219
52383,0.6898701,0.31012988
6387,0.65849924,0.34150076
46785,0.88917506,0.11082496
20041,0.0012574369,0.99874264
61402,0.89250964,0.107490316
2331,0.86076564,0.13923436
1006,0.7879724,0.21202761
38909,0.0003059329,0.9996941
26111,0.016457435,0.98354256
52238,0.6498282,0.3501718
13553,0.0030042145,0.9969958
55497,0.5334664,0.4665336
14944,0.024716293,0.9752837
26882,0.0056767003,0.9943234
4717,0.8439915,0.15600848
36160,0.039803457,0.9601965
45098,0.48179135,0.5182086
26929,0.007216358,0.99278367
45086,0.82927334,0.17072669
4683,0.9692926,0.030707354
13662,0.11938153,0.8806185
52241,0.8995787,0.10042136
38054,0.018726682,0.9812733
13361,0.07302945,0.92697054
34746,0.88934547,0.110654555
61775,0.8694834,0.1305166
5139,0.25945178,0.7405482
52905,0.9088685,0.09113156
11431,0.05923451,0.94076544
55499,0.8051961,0.19480391
32577,0.17271157,0.82728845
37735,0.009806635,0.9901933
23155,0.011083225,0.98891675
63510,0.7050829,0.2949171
40475,0.0013263127,0.9986737
24262,0.00227188,0.99772817
37215,0.28967562,0.71032435
49878,0.8613163,0.13868368
9917,0.68324566,0.31675437
31554,0.06488644,0.93511355
35563,0.31330934,0.6866906
39560,0.0047645224,0.9952355
5812,0.7472716,0.2527284
62906,0.89850974,0.10149026
55212,0.74855304,0.251447
59740,0.83764344,0.16235659
40277,0.00066104665,0.9993389
30583,0.18717568,0.8128243
45364,0.9200912,0.07990873
12462,0.6119435,0.38805652
58707,0.97433347,0.025666503
41709,0.0020705005,0.99792945
35873,0.014178024,0.985822
58748,0.91523296,0.084767066
13846,0.09184882,0.9081512
16167,0.016221246,0.9837788
40030,0.009399945,0.9906
2952,0.84014636,0.15985359
10974,0.005241061,0.9947589
47577,0.7142308,0.28576922
18116,0.090987444,0.90901256
27061,0.003826628,0.99617344
46757,0.87298656,0.12701342
27781,0.013057911,0.9869421
55839,0.82049984,0.17950024
17037,0.014107186,0.98589283
4465,0.7989493,0.20105073
55045,0.90855426,0.09144571
51351,0.5333227,0.4666773
52021,0.86202717,0.13797286
31851,0.4752587,0.5247413
59668,0.57581824,0.4241818
19460,0.0071640094,0.99283594
44589,0.86530703,0.13469294
1095,0.5471487,0.45285127
15695,0.014181249,0.9858188
52651,0.84300643,0.15699357
5383,0.6152417,0.38475832
58888,0.75952935,0.24047063
29726,0.3363809,0.66361916
48285,0.88912547,0.11087451
26364,0.0009787119,0.9990213
9980,0.55007654,0.4499235
3999,0.38459882,0.61540115
31520,0.14367335,0.8563267
58023,0.9825522,0.01744778
58513,0.9245758,0.07542416
34944,0.7615417,0.23845828
44164,0.924277,0.075722925
37410,0.028872048,0.9711279
51987,0.88242894,0.11757105
16349,0.005868097,0.99413186
54625,0.8440242,0.1559758
52113,0.39735648,0.60264355
22259,0.0037684203,0.9962316
48227,0.90467656,0.09532341
19159,0.0257867,0.9742133
33991,0.5385038,0.46149617
24230,0.0022213906,0.9977786
55559,0.42133012,0.5786699
57118,0.919339,0.08066096
6022,0.070946395,0.9290536
11268,0.22409007,0.77590996
23241,0.041223366,0.9587766
7336,0.10947759,0.8905224
37383,0.44649935,0.55350065
50805,0.7340255,0.26597458
61790,0.962372,0.037627958
39232,0.0011197552,0.9988802
64568,0.7148692,0.2851308
6711,0.03577051,0.9642295
10729,0.26112592,0.73887414
65089,0.8824036,0.11759637
7771,0.28902167,0.71097827
21061,0.18147966,0.8185203
24112,0.009626294,0.99037373
14867,0.007966971,0.99203295
31959,0.072888575,0.92711145
61631,0.79147196,0.20852801
30355,0.0033471845,0.9966528
55806,0.4424845,0.5575155
33448,0.16672614,0.8332739
18846,0.0022580244,0.99774194
2836,0.14335592,0.85664403
21828,0.19270235,0.80729765
46907,0.7933689,0.20663108
38735,0.013609628,0.98639035
9082,0.7058517,0.29414833
26351,0.00047130333,0.99952877
42622,0.024116293,0.9758838
46471,0.6589516,0.34104836
53102,0.5142682,0.48573178
26661,0.0075814277,0.99241865
20649,0.5521222,0.44787782
10222,0.47103,0.52897
42496,0.04759466,0.95240533
58617,0.8982457,0.10175431
47468,0.61257184,0.3874282
21765,0.02209583,0.9779042
37702,0.0021984512,0.9978015
51209,0.81494176,0.1850582
45249,0.94062114,0.0593788
12878,0.8382903,0.16170977
31239,0.043711636,0.95628834
22735,0.060109977,0.93989
23430,0.07059314,0.9294069
51788,0.94040406,0.059595987
31832,0.16184236,0.83815765
34675,0.584545,0.41545498
37703,0.0032388344,0.99676114
21760,0.004875929,0.99512404
33154,0.3150313,0.6849687
42340,0.20302401,0.796976
49735,0.9302135,0.06978646
20576,0.70529616,0.29470378
27946,0.022887515,0.9771124
32143,0.1303009,0.8696991
39046,0.006274935,0.9937251
9907,0.56213737,0.4378627
10471,0.28740844,0.7125916
9216,0.46279597,0.53720397
55804,0.54170847,0.45829153
51349,0.73150843,0.26849154
34284,0.20710751,0.7928925
39261,0.0014288363,0.99857116
59917,0.8811019,0.118898146
43877,0.89313835,0.10686169
38396,0.011823106,0.9881769
36595,0.016940901,0.98305905
45515,0.7151594,0.28484055
58856,0.07859758,0.92140245
40578,0.04958327,0.95041674
52032,0.86298156,0.13701843
15045,0.008346838,0.99165314
28278,0.12770325,0.8722967
58182,0.9955381,0.0044619027
11227,0.022149086,0.97785085
61150,0.7736565,0.22634353
25792,0.25530306,0.744697
31809,0.3443527,0.6556473
39254,0.0014922325,0.9985078
40969,0.01922778,0.98077226
34119,0.48760605,0.512394
35451,0.49277875,0.5072213
19424,0.0013133528,0.9986866
37750,0.71200633,0.2879937
37989,0.00032735328,0.99967265
23079,0.0042753518,0.9957247
48355,0.96090394,0.039096076
47013,0.82444733,0.17555271
8316,0.9129132,0.0870868
33694,0.30081344,0.69918656
63368,0.5963583,0.40364176
14724,0.14042611,0.85957384
64809,0.7990885,0.20091149
7937,0.5601522,0.43984783
12689,0.33067656,0.66932344
50365,0.7559943,0.24400568
6816,0.41251075,0.5874892
31882,0.56630623,0.43369377
36965,0.014713177,0.98528683
29644,0.21713239,0.7828676
11276,0.3268125,0.6731875
40616,0.12314156,0.8768584
33379,0.17846873,0.82153124
49818,0.78930646,0.21069354
8351,0.38444933,0.6155507
48115,0.9628694,0.037130598
56792,0.90961117,0.09038887
13160,0.064872354,0.9351276
4047,0.14592953,0.8540704
42173,0.016309509,0.98369056
58301,0.97579783,0.024202194
7501,0.7746641,0.22533594
50287,0.86181515,0.13818482
11407,0.066404514,0.9335954
43336,0.6178625,0.38213745
37008,0.6045541,0.39544588
39304,0.025527302,0.9744727
10901,0.73879874,0.26120132
22763,0.004191925,0.9958081
20625,0.34142575,0.6585743
36303,0.17110583,0.8288942
36108,0.003299118,0.9967008
14672,0.2580301,0.74196994
6379,0.27933222,0.7206678
45783,0.9172583,0.082741626
17231,0.0024302076,0.99756974
45625,0.82498974,0.17501026
29342,0.4924203,0.5075797
8875,0.24589482,0.7541052
35158,0.7526442,0.24735576
38261,0.005446686,0.9945533
51360,0.7374449,0.26255515
26060,0.008463295,0.99153674
20582,0.5747241,0.4252759
50699,0.5508381,0.44916186
28970,0.32024324,0.67975676
35809,0.39041716,0.60958284
16335,0.01583685,0.98416317
45704,0.9326675,0.06733253
763,0.24601063,0.75398934
11513,0.075402595,0.92459744
59686,0.15331411,0.8466859
9923,0.82547975,0.17452027
48984,0.4775185,0.5224815
24222,0.0074343127,0.99256563
33100,0.3903821,0.6096179
37723,0.06454508,0.93545496
2037,0.6866035,0.31339654
12024,0.66570354,0.33429646
45352,0.63455784,0.36544216
59388,0.645606,0.354394
31656,0.19819294,0.80180705
11876,0.8758548,0.12414514
26531,0.07917583,0.92082417
12101,0.031560097,0.9684399
17575,0.003097932,0.9969021
40936,0.0066459966,0.99335396
60833,0.40106365,0.5989364
55764,0.87515223,0.124847814
16748,0.009652628,0.9903474
29793,0.077696316,0.9223036
28462,0.010128461,0.98987156
43840,0.41230953,0.5876905
24745,0.3117999,0.6882001
26074,0.006990139,0.9930099
13482,0.25113094,0.74886906
35291,0.6120806,0.38791943
34028,0.25995392,0.7400461
9455,0.7039566,0.29604343
50582,0.8201786,0.17982134
10347,0.27303857,0.7269614
13456,0.49713653,0.50286347
14442,0.6451049,0.3548951
51922,0.36815456,0.6318455
51812,0.83807534,0.16192466
19989,0.14934778,0.8506522
20624,0.89600724,0.10399274
51309,0.7440875,0.2559125
10218,0.014547921,0.9854521
23421,0.011900473,0.9880995
61165,0.621878,0.37812197
18742,0.0018275331,0.9981724
26314,0.003227377,0.9967726
36665,0.17990014,0.8200999
55505,0.9140106,0.08598944
19781,0.00031304473,0.99968696
15712,0.007854556,0.9921455
54894,0.7487173,0.25128272
3005,0.93233025,0.06766972
34967,0.11828193,0.88171804
19700,0.02067933,0.97932065
44665,0.944801,0.055199012
3546,0.20781486,0.7921852
49943,0.63372046,0.3662796
307,0.17843463,0.8215654
17741,0.048361786,0.9516382
36798,0.0015277758,0.99847215
31525,0.20121288,0.7987871
8441,0.09242768,0.9075724
29472,0.003958459,0.99604154
48821,0.8432325,0.15676747
31263,0.11163619,0.8883638
10480,0.74514055,0.25485948
12043,0.01778927,0.9822107
40844,0.10272162,0.89727837
46367,0.7701136,0.22988637
2463,0.93247485,0.06752511
13641,0.32982317,0.67017686
6089,0.9560367,0.043963343
36376,0.09301998,0.90698
52965,0.4048667,0.59513336
47279,0.96888405,0.0311159
33002,0.12059167,0.8794083
2328,0.43535674,0.56464326
10770,0.7300137,0.2699863
21870,0.6314378,0.3685622
39556,0.0020330555,0.99796695
39945,0.006541942,0.9934581
37307,0.03268895,0.9673111
56325,0.9490931,0.050906826
22742,0.0071438784,0.99285614
44511,0.9553159,0.044684097
65026,0.77573675,0.22426318
332,0.54934746,0.4506526
57017,0.9740422,0.025957853
47544,0.9155563,0.08444367
36729,0.03912602,0.960874
16916,0.011690491,0.9883095
2018,0.47881627,0.5211837
28691,0.006433371,0.9935667
56095,0.9049191,0.09508093
13955,0.2376253,0.7623747
32009,0.15467323,0.8453268
39024,0.0026630533,0.9973369
7804,0.070857346,0.9291426
46052,0.9295467,0.07045331
48011,0.6586869,0.34131312
17561,0.00156941,0.99843055
3081,0.593554,0.40644598
9951,0.055533748,0.9444663
17632,0.0016343421,0.9983657
38003,0.020776011,0.9792239
65006,0.87064356,0.12935643
60874,0.84471977,0.15528028
9800,0.4764552,0.5235448
14365,0.28643963,0.7135604
2899,0.2442696,0.7557304
63347,0.3744632,0.62553686
30982,0.06611096,0.93388903
1634,0.4633059,0.5366941
25057,0.0064643687,0.99353564
51555,0.5984237,0.4015763
57037,0.9631968,0.03680324
60282,0.21470094,0.785299
22973,0.019448107,0.9805519
37207,0.6730536,0.32694638
49674,0.83959484,0.16040517
21790,0.8751547,0.12484531
17510,0.01022339,0.9897766
4783,0.74034554,0.25965452
34552,0.7014677,0.2985323
20048,0.0034243795,0.99657565
36676,0.02866349,0.97133654
44610,0.9669767,0.033023316
45526,0.34056827,0.65943176
39638,0.0012113953,0.99878865
1536,0.93844384,0.061556183
20135,0.00050677964,0.99949324
11311,0.085288346,0.9147116
52030,0.90775603,0.09224394
19083,0.009570585,0.9904294
27400,0.03271616,0.9672839
45306,0.94099975,0.059000257
32076,0.15632023,0.8436797
34294,0.27044883,0.72955114
55041,0.61016035,0.38983968
55088,0.80920607,0.19079396
291,0.3251065,0.6748935
62912,0.34482002,0.65518
22043,0.29437497,0.70562506
31573,0.029813288,0.9701867
61052,0.85115314,0.14884686
33067,0.30476406,0.6952359
5489,0.89258116,0.10741887
39242,0.0047283825,0.9952716
15112,0.6083542,0.3916458
44543,0.91828835,0.081711635
43131,0.016652932,0.983347
2920,0.69985175,0.3001482
12414,0.3798129,0.62018716
27571,0.012476879,0.98752314
8484,0.26929933,0.7307007
46684,0.93267286,0.067327164
62795,0.88235193,0.11764809
56614,0.87378824,0.12621179
1073,0.27781647,0.7221835
29692,0.52223265,0.47776735
15224,0.22337042,0.77662957
36245,0.2023507,0.79764926
32227,0.029584583,0.9704155
50675,0.98354363,0.016456354
23420,0.0854482,0.91455173
53020,0.87120163,0.12879832
27564,0.0528647,0.9471353
24764,0.28425187,0.71574813
50953,0.90099835,0.0990017
25325,0.02685198,0.97314805
48350,0.89315695,0.106843
37639,0.0042739185,0.9957261
58226,0.9830052,0.016994698
38601,0.11412615,0.88587385
26331,0.22677977,0.7732202
33413,0.18029861,0.81970143
52020,0.63863134,0.3613686
48952,0.79996186,0.20003816
26403,0.00075688143,0.99924314
37728,0.023887489,0.9761125
38020,0.001411285,0.99858874
5666,0.958077,0.041923
21468,0.021693056,0.9783069
43220,0.737037,0.26296297
4858,0.11372835,0.88627166
60634,0.5476695,0.45233056
53749,0.75720286,0.24279718
64057,0.840143,0.15985702
30366,0.0026578838,0.99734217
23039,0.0049578235,0.9950422
64663,0.78390294,0.21609709
63242,0.7576151,0.24238488
27829,0.0018063819,0.9981937
53844,0.9035688,0.096431255
39536,0.000813424,0.9991866
25869,0.06636055,0.93363947
26216,0.6657343,0.33426574
56111,0.9553521,0.044647805
27385,0.25123388,0.7487661
13578,0.8257615,0.1742385
9248,0.51487637,0.48512366
19929,0.00078212674,0.99921787
49085,0.91461086,0.085389085
63331,0.6881234,0.31187662
1938,0.4787322,0.5212678
28373,0.039236296,0.96076375
58940,0.46757704,0.53242296
26844,0.13789117,0.86210877
62156,0.9945826,0.0054173875
36690,0.063389614,0.9366104
29495,0.001612797,0.9983872
14104,0.019385183,0.98061484
44033,0.89907587,0.10092418
6200,0.47861317,0.5213868
63480,0.82452047,0.17547952
28635,0.042090654,0.9579094
27704,0.015161526,0.9848385
26064,0.013319583,0.98668045
24492,0.0028609738,0.9971391
64371,0.8132036,0.1867964
19390,0.1327708,0.86722916
20141,0.00016840658,0.99983156
56716,0.9525627,0.04743727
33388,0.23298803,0.76701194
44918,0.9678898,0.032110214
1060,0.8302413,0.16975868
49876,0.5147434,0.48525667
19331,0.004099583,0.99590045
31705,0.35331875,0.64668125
58766,0.90803355,0.09196646
13900,0.1749716,0.82502836
40654,0.096957155,0.90304285
61313,0.67627907,0.32372096
33826,0.38989013,0.61010987
45581,0.48900694,0.51099306
44231,0.91819423,0.08180569
64060,0.87081563,0.12918438
42317,0.67845845,0.32154152
41006,0.12208899,0.877911
65178,0.71997,0.28002995
38105,0.0038537928,0.9961462
21449,0.7232382,0.27676177
541,0.46756917,0.5324308
6893,0.17211618,0.8278838
56118,0.93294513,0.06705489
10006,0.36255038,0.6374496
46623,0.6879113,0.31208876
60355,0.5423333,0.45766667
40489,0.00082101685,0.99917895
18083,0.2181136,0.7818864
17374,0.0014108677,0.9985891
14894,0.0462591,0.9537409
44188,0.79157925,0.20842078
53833,0.8802098,0.119790204
35245,0.5048534,0.49514654
20862,0.07894086,0.92105913
43975,0.19123788,0.80876213
51372,0.6998538,0.30014622
53704,0.6582185,0.34178153
3531,0.88554794,0.114452
44573,0.96035403,0.039645955
27642,0.004998199,0.99500173
19944,0.0004364852,0.9995635
4948,0.67870116,0.32129884
14864,0.6060861,0.39391398
53330,0.96172345,0.03827654
18833,0.0004238312,0.99957615
6610,0.7415737,0.25842634
2356,0.7921131,0.20788684
33086,0.5151469,0.48485306
61584,0.76799035,0.23200965
43453,0.91504025,0.08495966
48304,0.91512096,0.08487908
26195,0.04355615,0.9564438
27716,0.01709522,0.9829048
19071,0.0017188787,0.9982811
50963,0.76019305,0.23980694
53256,0.84766483,0.15233523
37147,0.07248855,0.9275114
4985,0.022623422,0.9773766
50845,0.65521157,0.34478843
58088,0.9969312,0.0030687312
37799,0.020949459,0.9790506
30044,0.0012287844,0.99877125
52335,0.61342764,0.38657242
31919,0.05806872,0.94193125
885,0.65439427,0.3456058
51978,0.92934614,0.070653886
28153,0.0037341658,0.9962658
43474,0.9764555,0.023544552
38745,0.0029336293,0.99706644
63889,0.86582696,0.13417298
32643,0.086578615,0.9134214
18268,0.19660851,0.80339146
22551,0.0046140263,0.99538594
51736,0.21956332,0.7804367
53164,0.83739585,0.16260414
42218,0.149078,0.85092205
33468,0.23872145,0.76127857
50556,0.9092067,0.0907933
55308,0.7284478,0.2715522
20050,0.0030005162,0.9969995
51569,0.93293065,0.06706935
61695,0.8490142,0.15098578
36639,0.006382367,0.99361765
55680,0.63263285,0.36736715
52218,0.5989868,0.40101323
8905,0.27524096,0.72475904
46217,0.8820173,0.1179827
47646,0.6255715,0.37442854
13216,0.1572544,0.8427456
18603,0.0011635832,0.99883646
58959,0.6714746,0.32852536
9318,0.624024,0.37597606
60468,0.39762402,0.602376
17758,0.004228731,0.9957712
26283,0.02481105,0.97518903
62494,0.9980731,0.0019268402
50650,0.8818311,0.11816885
12084,0.058638517,0.9413615
52963,0.3261932,0.67380685
51058,0.8627516,0.13724841
5758,0.5066868,0.4933132
50345,0.9197906,0.080209434
35769,0.089312986,0.910687
5819,0.71543986,0.28456014
28841,0.616437,0.383563
49519,0.7956002,0.2043998
21998,0.75854087,0.24145912
1714,0.86706567,0.1329343
9573,0.5068134,0.4931866
52478,0.8960044,0.103995584
35913,0.018928006,0.981072
48404,0.7319765,0.2680235
16143,0.0017579667,0.998242
4221,0.29382274,0.70617723
11315,0.6446655,0.35533455
13490,0.0027631775,0.99723685
33899,0.28771693,0.71228313
21694,0.2140574,0.78594255
23393,0.009991972,0.990008
41824,0.07457019,0.9254299
9299,0.5258411,0.47415885
6371,0.028849484,0.9711505
29678,0.15569173,0.84430826
34495,0.5252548,0.47474518
21465,0.007036356,0.9929636
61831,0.8158518,0.1841482
47400,0.9202625,0.07973748
11324,0.013275512,0.98672456
47969,0.76323605,0.23676395
54507,0.6111171,0.38888285
63933,0.95816904,0.04183099
17141,0.01966469,0.98033535
16278,0.0007581725,0.9992418
36118,0.058367956,0.94163203
59236,0.40447083,0.59552914
4343,0.08397298,0.916027
57636,0.9995952,0.0004048175
13922,0.02501639,0.97498363
48991,0.8792212,0.1207788
60954,0.98039687,0.019603124
15234,0.009045168,0.9909548
30599,0.030743562,0.9692564
10126,0.200356,0.799644
63160,0.78991157,0.21008842
55874,0.50621843,0.49378157
58861,0.29047564,0.7095244
33792,0.23995723,0.7600428
64268,0.29662362,0.70337635
22427,0.025892347,0.9741077
13627,0.034252897,0.9657471
43276,0.94772923,0.0522708
12103,0.21331835,0.78668165
39766,0.0009944647,0.9990056
38538,0.11808185,0.88191813
63369,0.77306473,0.22693525
1203,0.2733211,0.72667885
46114,0.73761314,0.26238683
40546,0.00088906795,0.9991109
63878,0.062464237,0.93753576
36354,0.020758485,0.97924155
62978,0.8641659,0.13583405
41346,0.058662307,0.94133776
37510,0.0133402785,0.98665977
18274,0.77079993,0.22920004
11127,0.12121456,0.87878543
11864,0.648293,0.35170695
63151,0.9841239,0.01587607
21949,0.020180127,0.97981983
58548,0.91629976,0.083700195
26445,0.5424939,0.45750615
33819,0.35296103,0.647039
36598,0.07583221,0.92416775
27267,0.012124309,0.9878757
9706,0.080727786,0.9192722
60854,0.44175488,0.5582451
17734,0.002263592,0.99773645
9586,0.060793802,0.9392061
28405,0.012188689,0.98781127
7723,0.68386495,0.31613508
48291,0.98917353,0.0108264685
34086,0.28655684,0.7134432
28199,0.4590572,0.5409427
17240,0.0030074527,0.9969926
59083,0.4442622,0.5557378
44331,0.8527066,0.14729334
37065,0.24927297,0.750727
38215,0.00051173574,0.99948823
40275,0.0012506442,0.9987494
58326,0.8390874,0.16091257
16193,0.008206169,0.9917938
59404,0.66252613,0.3374739
37282,0.06885176,0.93114823
27481,0.27538761,0.7246124
59216,0.68377256,0.31622744
12433,0.6600721,0.33992788
46331,0.6971629,0.30283707
50121,0.9415651,0.05843491
31334,0.04801837,0.95198166
52804,0.63720953,0.36279047
5112,0.7360034,0.26399666
59506,0.2590643,0.74093574
32295,0.21117344,0.7888266
153,0.043208636,0.95679134
13742,0.25054663,0.74945337
21754,0.20989926,0.7901007
45318,0.91200787,0.0879922
30320,0.56633,0.43366995
22436,0.0013369138,0.99866307
44034,0.8357334,0.16426659
36341,0.034737412,0.9652626
16457,0.000838622,0.99916136
3016,0.01502883,0.9849711
63825,0.6987582,0.30124184
35422,0.5252548,0.47474518
12116,0.19294678,0.8070532
12843,0.40995538,0.5900446
19466,0.0037715395,0.99622846
43835,0.7716476,0.22835238
23078,0.014328146,0.9856719
30825,0.2982337,0.7017663
4229,0.19643512,0.80356485
25818,0.012099611,0.9879004
7156,0.37780213,0.6221978
54957,0.6070894,0.39291057
35076,0.6448633,0.35513672
3277,0.6221992,0.37780082
62496,0.94023263,0.05976734
14115,0.28715074,0.7128493
42610,0.7517299,0.24827011
51567,0.7420008,0.25799918
27983,0.040329445,0.95967054
45797,0.9095301,0.09046985
34002,0.30218223,0.69781774
61261,0.9415907,0.05840927
54654,0.6641603,0.33583972
55268,0.77322453,0.22677541
21720,0.06162425,0.9383757
44712,0.92411923,0.07588078
52247,0.88659966,0.11340033
12939,0.0149094025,0.9850906
11498,0.05627795,0.943722
6862,0.104428716,0.89557123
36403,0.0075061107,0.99249387
39468,0.059592754,0.9404073
19630,0.0009673564,0.9990326
64275,0.7597115,0.24028854
60699,0.413032,0.58696806
33746,0.31377834,0.68622166
469,0.900711,0.099289
31208,0.3826966,0.61730343
47770,0.2415677,0.7584323
6207,0.80366904,0.196331
60056,0.43549383,0.5645062
11584,0.36354718,0.6364528
32820,0.7609568,0.23904318
47593,0.86352444,0.1364756
49838,0.57083094,0.4291691
29517,0.3264087,0.67359126
10907,0.4275369,0.57246304
47939,0.9203668,0.07963322
10558,0.8092128,0.19078724
8532,0.804614,0.19538599
43622,0.9102476,0.08975237
62525,0.79444385,0.20555615
150,0.04538647,0.9546135
13205,0.30352667,0.69647336
4667,0.1842098,0.8157902
16070,0.0014604965,0.99853957
61136,0.9459848,0.054015208
56788,0.94535345,0.054646503
50730,0.7036205,0.29637948
1421,0.9410726,0.058927417
55035,0.70270145,0.29729852
14406,0.084565334,0.9154347
51282,0.65184057,0.34815946
21665,0.22509843,0.77490157
63743,0.37296253,0.62703747
38524,0.046159655,0.9538403
24197,0.007344616,0.9926554
61585,0.8745455,0.12545455
23744,0.0024447772,0.9975552
11462,0.10562882,0.8943712
27933,0.038523823,0.9614762
40099,0.004034491,0.9959655
65041,0.8256718,0.17432821
29747,0.00093829574,0.99906176
17771,0.12044163,0.8795583
22012,0.35730752,0.64269245
41065,0.21593273,0.7840673
18986,0.0047943364,0.99520564
34899,0.4917446,0.5082554
8937,0.46054775,0.53945225
55070,0.6456908,0.35430926
47381,0.729581,0.27041897
9095,0.030674014,0.96932596
13559,0.026422357,0.9735777
28572,0.0030277085,0.9969723
63175,0.7929872,0.2070128
7863,0.17467688,0.8253231
30226,0.17330159,0.8266984
36532,0.009620527,0.99037945
29314,0.4234366,0.57656336
22057,0.54011625,0.45988378
22016,0.15667333,0.8433266
59567,0.97280335,0.02719666
15769,0.0011284096,0.9988716
5275,0.88217413,0.11782591
63675,0.37544826,0.6245517
2919,0.8000774,0.19992264
13340,0.8163257,0.1836743
30748,0.010205835,0.98979414
49575,0.8399958,0.16000417
21411,0.036318526,0.96368146
5450,0.7149858,0.28501418
61854,0.8604769,0.13952312
62793,0.5518617,0.44813827
46637,0.78447306,0.21552692
43990,0.8914276,0.108572416
23841,0.013339361,0.9866606
48901,0.9472327,0.05276729
15369,0.8160463,0.18395373
46047,0.97299767,0.027002297
21249,0.17169012,0.8283099
7165,0.8583296,0.1416704
55616,0.7297377,0.27026233
23174,0.0018587445,0.9981413
27635,0.004283847,0.99571615
10860,0.30827034,0.6917296
14062,0.7835925,0.2164075
22959,0.0044871275,0.9955129
11414,0.015010638,0.9849894
40608,0.58911914,0.41088083
62012,0.77852374,0.22147624
7901,0.6136314,0.38636854
56931,0.9552042,0.044795856
60194,0.7259734,0.27402657
4772,0.0602585,0.9397415
9776,0.7832533,0.21674666
21049,0.11342369,0.88657635
36256,0.7253832,0.2746168
41431,0.18998416,0.8100158
38996,0.015141555,0.9848585
45981,0.982438,0.017561937
52622,0.2767744,0.72322565
12971,0.0010605525,0.99893945
52135,0.51493967,0.48506033
11505,0.30417478,0.6958252
18891,0.0031664006,0.9968336
13141,0.19721912,0.80278087
56900,0.9989417,0.0010583018
49084,0.5435033,0.45649672
19048,0.0020755492,0.99792445
32866,0.4258053,0.5741947
9278,0.7962087,0.20379128
10744,0.0035642055,0.99643576
37875,0.1356616,0.8643384
26476,0.12347149,0.87652856
16205,0.0006158979,0.99938405
48167,0.97461265,0.025387365
58400,0.9797917,0.020208329
57474,0.99960333,0.0003967104
17697,0.062104996,0.937895
58721,0.8173213,0.18267877
9725,0.6481274,0.35187265
20004,0.010624105,0.98937595
31779,0.3959337,0.60406625
15124,0.16874503,0.83125496
32015,0.023905398,0.9760946
64865,0.886325,0.11367496
19797,0.0028857559,0.9971142
10632,0.15664764,0.8433523
15494,0.00085999514,0.99914
55665,0.33257923,0.66742074
38219,0.00037333032,0.99962664
24404,0.021347927,0.97865206
45878,0.67284214,0.3271578
13699,0.51536614,0.48463392
24219,0.0075405505,0.9924595
30741,0.026835639,0.9731644
43108,0.0056778844,0.99432206
60677,0.24979654,0.75020343
45045,0.93552285,0.06447712
63439,0.10753248,0.8924675
30703,0.016250134,0.98374987
64450,0.77049935,0.2295007
3563,0.2882429,0.71175706
57639,0.9997826,0.00021736445
13368,0.0020367876,0.9979632
2419,0.7344775,0.26552245
49227,0.8837736,0.11622634
17329,0.0008891997,0.99911076
30165,0.30136338,0.6986366
19122,0.017331813,0.9826682
12996,0.34521514,0.6547848
31913,0.15991564,0.8400844
40443,0.037788555,0.9622114
39430,0.0025278484,0.9974721
56723,0.91957474,0.08042529
44010,0.9280697,0.071930304
44049,0.95867735,0.0413227
53886,0.7215327,0.27846727
19749,0.007239566,0.9927604
59783,0.55216455,0.44783545
7823,0.63348776,0.3665123
1710,0.15574276,0.8442573
62391,0.98568153,0.014318437
37833,0.0019264917,0.99807346
26177,0.016152829,0.9838472
32839,0.44002017,0.55997986
30454,0.0027107617,0.9972893
14125,0.03759854,0.9624015
46921,0.88476676,0.11523324
13068,0.15720505,0.84279495
47028,0.7926732,0.20732689
47978,0.68766075,0.31233922
51542,0.7474318,0.2525682
33041,0.8021541,0.19784583
21059,0.11651753,0.8834825
43824,0.9661026,0.033897452
54980,0.6867117,0.3132883
62934,0.96726584,0.032734126
16380,0.0046244366,0.9953755
30052,0.31727335,0.6827266
2016,0.114852935,0.8851471
49532,0.54475886,0.45524108
28709,0.00815358,0.9918465
49229,0.6295421,0.37045792
15053,0.25060678,0.7493933
63428,0.039425097,0.96057487
5419,0.82873476,0.17126524
32796,0.5228838,0.47711623
30852,0.0057020294,0.99429804
371,0.29318312,0.70681685
20064,0.00038417708,0.9996158
55338,0.9279142,0.07208579
2053,0.4869117,0.5130882
30304,0.04214426,0.9578557
21174,0.03164997,0.96835
16378,0.0030923604,0.99690765
52633,0.6515628,0.34843722
9364,0.775294,0.22470598
3075,0.83570224,0.1642977
45131,0.73753744,0.2624625
12647,0.40556532,0.59443474
11917,0.732142,0.26785803
24881,0.12548217,0.87451786
45659,0.771268,0.22873197
50714,0.7921154,0.20788467
2643,0.8109577,0.18904233
64173,0.63597846,0.36402157
52073,0.6961922,0.3038078
23380,0.030384555,0.96961546
20253,0.00075730775,0.99924266
17717,0.0006408686,0.9993592
31564,0.086433165,0.9135668
24001,0.008424617,0.9915754
5562,0.51401144,0.48598853
56866,0.97803646,0.021963531
38805,0.00050252466,0.9994974
767,0.5692891,0.43071088
33157,0.60645914,0.39354086
24613,0.236472,0.763528
25541,0.012674184,0.9873258
56201,0.6332099,0.36679012
19877,0.0016572832,0.99834275
58779,0.8963458,0.10365419
54830,0.757064,0.24293603
47370,0.56288534,0.43711463
38294,0.074022084,0.9259779
53509,0.9049388,0.0950612
36173,0.008473184,0.9915268
6304,0.7514319,0.24856816
58786,0.9433549,0.056645155
52930,0.009198399,0.99080163
10154,0.73356694,0.26643306
15268,0.48522925,0.5147708
16869,0.021289665,0.9787103
37256,0.45551676,0.54448324
59419,0.7203171,0.2796829
47446,0.8719252,0.1280748
9419,0.40222535,0.5977746
63415,0.0073437435,0.99265623
63941,0.9352621,0.06473795
4331,0.5893782,0.41062185
28670,0.046920393,0.9530796
13919,0.0041562263,0.9958438
33261,0.43354568,0.5664543
57839,0.982841,0.017158935
33650,0.33371523,0.6662848
6942,0.2598035,0.7401965
51817,0.8821568,0.11784323
32264,0.08198887,0.9180112
29467,0.0043556127,0.99564445
45770,0.7338113,0.26618865
21020,0.04240534,0.9575947
40204,0.18744765,0.8125524
35979,0.17121783,0.82878214
54893,0.905966,0.094034046
52652,0.9020327,0.09796728
24127,0.0113701755,0.9886298
55295,0.8365848,0.16341524
18782,0.0028269407,0.9971731
53874,0.8580435,0.14195651
29056,0.082931496,0.9170685
11475,0.0762578,0.9237422
59200,0.5231373,0.47686273
29194,0.0113352155,0.98866475
65194,0.84974974,0.15025023
33168,0.38729924,0.61270076
35742,0.10465373,0.89534634
35302,0.6259491,0.37405095
38389,0.097705476,0.9022945
1251,0.42850867,0.5714913
24762,0.3622299,0.6377701
58948,0.47897023,0.5210298
48523,0.6057703,0.39422965
54934,0.31044674,0.6895532
41534,0.08714377,0.9128562
60792,0.80024207,0.19975796
58781,0.94853187,0.051468097
8710,0.70759547,0.29240447
28262,0.05305582,0.9469442
60581,0.25369915,0.7463008
14839,0.20627053,0.7937295
22657,0.0057793316,0.99422073
18143,0.007762512,0.9922375
15800,0.0014880868,0.99851185
37932,0.07762687,0.9223731
3929,0.4197462,0.58025384
30696,0.005516395,0.99448353
10446,0.8526134,0.14738666
22627,0.055347763,0.9446522
16140,0.00026838915,0.9997316
58881,0.33551028,0.66448975
19013,0.00063352345,0.99936646
25097,0.370342,0.62965804
43216,0.53520775,0.46479225
39482,0.017451264,0.9825487
54875,0.68585074,0.31414926
18065,0.00352742,0.99647254
29614,0.020542253,0.97945774
36566,0.019237058,0.98076296
388,0.23776759,0.7622324
32491,0.0936693,0.9063307
10334,0.6938596,0.30614045
26396,0.00041588984,0.99958414
21495,0.16648974,0.8335102
757,0.5048488,0.49515122
24456,0.00095362036,0.9990464
62993,0.5258863,0.47411373
47565,0.91433185,0.0856681
41996,0.118477345,0.8815226
37027,0.26288176,0.73711824
39071,0.00889247,0.9911075
27092,0.028148472,0.97185147
41281,0.25791138,0.7420886
36550,0.00085380324,0.9991462
62837,0.17062153,0.8293785
43480,0.8754011,0.12459892
16560,0.0010484629,0.99895155
47121,0.85570997,0.14429004
12319,0.061916906,0.93808305
15798,0.0014741899,0.9985258
50612,0.86732197,0.13267803
26178,0.006956963,0.99304307
53225,0.8518896,0.1481104
11846,0.49378437,0.50621563
41832,0.800613,0.19938704
55406,0.55334127,0.4466588
55151,0.5169564,0.48304364
15343,0.2374741,0.7625259
51515,0.8903751,0.10962495
42564,0.4256598,0.5743402
7190,0.65743065,0.34256935
28186,0.004007384,0.9959926
35034,0.6848359,0.3151641
18056,0.0064086383,0.99359137
29034,0.35104096,0.64895904
19172,0.020163286,0.97983664
56172,0.99778736,0.0022126737
31227,0.25991163,0.7400884
47716,0.69246584,0.30753416
696,0.67372125,0.32627875
18552,0.0018834923,0.9981165
20908,0.07727135,0.9227286
37089,0.042220566,0.95777947
54011,0.43379006,0.5662099
10996,0.0123568345,0.9876431
16460,0.0023957926,0.9976042
26109,0.0054341443,0.99456584
17949,0.0053891996,0.9946108
33893,0.4014366,0.5985634
42010,0.17969778,0.8203022
60366,0.5853854,0.41461465
33213,0.2085359,0.79146415
21682,0.0038280427,0.996172
44958,0.9648327,0.035167288
41980,0.60345644,0.39654353
20281,0.00042242432,0.9995776
9727,0.017192608,0.9828074
42805,0.077828124,0.92217183
13181,0.39183137,0.6081686
33294,0.3587024,0.6412976
40417,0.017514898,0.9824851
39772,0.0025996973,0.9974003
51629,0.675626,0.324374
27464,0.73814344,0.2618566
19605,0.0033279997,0.9966719
32821,0.36843506,0.631565
18693,0.00041596315,0.999584
53951,0.7750169,0.22498313
52907,0.91893333,0.08106662
15160,0.0023870277,0.99761295
44165,0.9058258,0.094174266
59492,0.685115,0.314885
28107,0.0069365776,0.9930634
37654,0.41450158,0.5854984
55996,0.95150816,0.04849187
64194,0.7272461,0.2727539
17281,0.0004069869,0.9995931
46375,0.9497455,0.05025452
5818,0.83724105,0.1627589
62264,0.51800704,0.48199293
12346,0.009356071,0.99064386
43167,0.025138507,0.9748615
32074,0.6384979,0.36150208
16374,0.038287528,0.9617124
25847,0.094066404,0.90593356
31638,0.33500227,0.6649977
31892,0.101902135,0.8980979
19813,0.0025851743,0.9974148
240,0.22651224,0.7734878
14705,0.4366542,0.56334573
39538,0.00030161598,0.9996984
60357,0.67195696,0.328043
62442,0.6106111,0.3893889
54098,0.706596,0.293404
7923,0.22334473,0.7766552
64085,0.7935574,0.20644258
33869,0.22031109,0.7796889
51547,0.86584663,0.1341534
50270,0.7456019,0.2543981
14487,0.12660171,0.8733983
50907,0.4147441,0.58525586
26609,0.22810385,0.7718962
13503,0.18371145,0.81628853
44283,0.8572512,0.14274874
27787,0.003842865,0.9961571
4378,0.7810434,0.2189566
38951,0.0030791527,0.9969208
30128,0.017014459,0.98298556
63534,0.2973871,0.70261294
40077,0.0070898454,0.9929101
58225,0.98554546,0.014454604
6834,0.80012804,0.199872
62883,0.84991944,0.1500805
15490,0.0008816608,0.9991184
2632,0.7434472,0.25655285
19809,0.000760342,0.9992397
26976,0.383191,0.616809
64829,0.7911393,0.20886077
40839,0.026491895,0.97350806
33919,0.22551632,0.7744837
16934,0.003414646,0.99658537
60264,0.23342752,0.7665725
31945,0.038276836,0.96172315
45440,0.89903665,0.100963384
50426,0.9543544,0.045645583
23222,0.4586627,0.5413374
58693,0.977701,0.022298973
32850,0.23328835,0.76671165
4888,0.41675228,0.5832477
15818,0.001317924,0.9986821
10723,0.6374178,0.36258218
59228,0.29385644,0.70614356
11202,0.752933,0.24706697
60975,0.8442331,0.15576693
3573,0.16141607,0.8385839
23815,0.03150047,0.9684995
23647,0.53266215,0.4673378
9861,0.027644014,0.97235596
21674,0.10358462,0.8964154
1773,0.617688,0.38231203
50265,0.7066733,0.29332665
62609,0.9459848,0.054015208
27845,0.08365368,0.9163463
62948,0.74760634,0.25239363
12329,0.38082483,0.61917514
40052,0.029377582,0.9706224
28640,0.0014241623,0.9985758
49671,0.8805162,0.11948386
38713,0.0046334043,0.9953666
63159,0.83170176,0.16829826
12743,0.18017045,0.8198296
8215,0.7016701,0.29832983
21525,0.89538723,0.104612805
7850,0.6219959,0.3780041
63814,0.36285928,0.63714075
7434,0.83652365,0.16347638
44785,0.9638834,0.0361166
16120,0.0009284822,0.9990715
20936,0.37729985,0.62270015
44823,0.83338016,0.16661985
4471,0.85619026,0.1438098
4227,0.03238781,0.96761215
13006,0.015541517,0.98445845
20357,0.509612,0.49038804
13214,0.668078,0.331922
36931,0.025542742,0.9744572
38846,0.0030141368,0.99698585
23037,0.023515299,0.9764847
48887,0.40050745,0.59949255
54992,0.88233095,0.11766906
14764,0.095373936,0.904626
14011,0.1769178,0.8230822
7732,0.8127851,0.18721491
13191,0.49739316,0.5026068
37700,0.017119432,0.98288053
40861,0.01791529,0.9820847
38339,0.20703366,0.79296637
27303,0.007325319,0.99267465
21512,0.5916502,0.40834978
57540,0.9998373,0.00016267496
9827,0.0058788494,0.99412113
33970,0.4225129,0.5774871
15669,0.0045240335,0.99547595
56818,0.99630415,0.0036958647
14938,0.10117015,0.8988298
43155,0.7736282,0.2263718
36469,0.006816881,0.9931831
22186,0.025650343,0.9743497
62340,0.66096616,0.33903387
37698,0.0019911295,0.9980089
1708,0.5295396,0.47046039
2701,0.7046587,0.29534128
12722,0.33212885,0.6678712
14573,0.135172,0.86482793
15510,0.040683974,0.9593161
35354,0.56885666,0.4311433
6673,0.13104671,0.8689533
43932,0.2234907,0.7765093
56793,0.9503756,0.04962438
4539,0.7398131,0.26018694
44299,0.7496094,0.25039065
63698,0.5942676,0.40573233
1087,0.40749225,0.5925078
39819,0.0002576883,0.9997423
55786,0.89210385,0.107896104
48636,0.33618206,0.663818
51439,0.6084776,0.39152238
41676,0.13559169,0.8644083
11675,0.40536812,0.5946319
5740,0.39570627,0.6042937
12274,0.11768935,0.8823106
52665,0.9818761,0.018123949
28326,0.036172435,0.9638276
47661,0.7596179,0.24038209
47651,0.65064657,0.34935346
16762,0.005474192,0.9945258
31982,0.22054324,0.77945673
43831,0.9161158,0.08388411
61085,0.52747166,0.47252834
39866,0.0030860486,0.9969139
48699,0.7105287,0.2894714
8515,0.8235753,0.17642471
25124,0.05514607,0.94485396
34660,0.5518617,0.44813827
25872,0.25631434,0.74368566
59810,0.17532156,0.8246785
20494,0.35699487,0.64300513
43386,0.20104039,0.7989596
18615,0.003947643,0.9960524
26101,0.0071079377,0.992892
2887,0.7704802,0.22951978
49412,0.67381984,0.32618016
23419,0.030408561,0.9695914
45511,0.84789187,0.1521081
7650,0.13752432,0.86247563
37674,0.16011442,0.83988565
25531,0.018105425,0.98189455
56104,0.95797414,0.042025894
54167,0.96037084,0.039629176
16443,0.0026785315,0.99732155
50819,0.7939779,0.20602205
17150,0.050588936,0.9494111
16053,0.0009544726,0.99904555
63639,0.84842,0.15157998
7481,0.31229264,0.68770736
64614,0.4067187,0.59328127
47120,0.76968235,0.23031768
9199,0.33579603,0.664204
61405,0.6715666,0.32843333
22477,0.1310757,0.86892426
51751,0.459698,0.54030204
36565,0.061878197,0.9381218
27304,0.0021356978,0.9978643
35871,0.14527766,0.8547223
15593,0.0042190505,0.99578094
19716,0.006275909,0.99372405
36165,0.016469814,0.9835302
41080,0.00092987163,0.9990701
41483,0.1034109,0.8965891
12440,0.1839792,0.8160208
10448,0.4091436,0.5908564
61486,0.75626516,0.2437348
22020,0.6430952,0.35690477
29067,0.018329669,0.9816704
63576,0.90712357,0.09287647
34903,0.7109762,0.28902382
14963,0.3273306,0.67266935
51265,0.65860015,0.34139985
46046,0.95365685,0.046343107
47857,0.8932931,0.10670692
44936,0.93994427,0.060055684
60065,0.078635044,0.92136496
37457,0.0066096103,0.99339044
5493,0.85406584,0.14593421
57295,0.78810555,0.21189441
64563,0.82842916,0.17157085
27909,0.028461022,0.971539
36211,0.006367314,0.99363273
24053,0.014336451,0.98566353
5993,0.055858083,0.94414186
177,0.069210336,0.9307897
19187,0.046928126,0.9530719
59786,0.658411,0.34158894
51054,0.74914294,0.25085708
5272,0.91668737,0.08331261
7684,0.15112537,0.8488746
10084,0.114442006,0.88555795
64182,0.81346154,0.1865385
44774,0.853528,0.14647204
18447,0.06380731,0.93619275
3482,0.23621288,0.7637871
41929,0.095886916,0.90411305
22694,0.0019585127,0.9980415
55784,0.5211898,0.4788102
9838,0.7424409,0.25755912
33525,0.22729586,0.7727042
63054,0.9518031,0.048196923
43534,0.4675236,0.53247637
16268,0.0012900365,0.9987099
21553,0.48739186,0.5126081
45564,0.8942391,0.105760805
10589,0.28566083,0.7143392
21844,0.0035547125,0.99644536
10893,0.683199,0.31680104
36514,0.0045300913,0.9954699
9501,0.04850423,0.9514957
58646,0.88363475,0.116365306
45112,0.60164005,0.39835992
61162,0.74247706,0.2575229
26512,0.029071638,0.9709283
26241,0.042684596,0.9573154
23903,0.023865758,0.97613424
2219,0.82140964,0.17859042
29116,0.03333235,0.9666676
35494,0.61284405,0.387156
37724,0.07711028,0.9228897
65004,0.8110706,0.18892935
34111,0.534104,0.465896
32757,0.021607675,0.97839236
56536,0.16301265,0.8369874
29367,0.3416765,0.65832347
33980,0.33498734,0.66501266
55316,0.39027473,0.6097253
42771,0.0067126737,0.99328727
13459,0.66194016,0.33805984
4013,0.39217848,0.6078215
51646,0.9047677,0.09523231
51220,0.7619228,0.23807722
6817,0.52804804,0.47195193
4585,0.91784483,0.08215519
10198,0.7329993,0.26700068
8487,0.52250874,0.47749123
45481,0.96886563,0.031134365
10867,0.6956107,0.30438927
50557,0.5568659,0.44313413
10277,0.20892866,0.7910714
39981,0.0019261241,0.9980738
19589,0.0005412764,0.99945873
14331,0.03274657,0.96725345
52611,0.8037045,0.19629546
11852,0.42615223,0.5738478
58248,0.9873582,0.012641801
32088,0.11050659,0.8894934
5236,0.58934265,0.41065738
3156,0.9004547,0.09954526
32928,0.30376086,0.6962391
57810,0.9852159,0.01478406
9381,0.49236333,0.5076366
4859,0.7843616,0.21563837
28119,0.09724185,0.9027582
28158,0.03936305,0.9606369
7437,0.16618298,0.83381706
60568,0.35660654,0.64339346
51069,0.78860164,0.21139841
15687,0.009185653,0.9908144
24924,0.15230909,0.8476909
35447,0.8355191,0.16448094
34597,0.9457335,0.054266464
8345,0.35615897,0.6438411
31336,0.3650223,0.6349777
60692,0.34172752,0.65827245
38676,0.0067094443,0.99329054
18022,0.002231564,0.9977684
50996,0.7468994,0.2531006
65128,0.8058826,0.19411744
28319,0.06979848,0.9302016
20784,0.37239176,0.62760824
6069,0.96290016,0.03709982
23924,0.00831734,0.99168265
31622,0.322174,0.677826
726,0.32297564,0.67702436
34873,0.66446924,0.3355307
18963,0.0015422544,0.9984578
61865,0.77613366,0.2238663
61570,0.8384134,0.16158655
6664,0.79616046,0.20383954
52745,0.42654055,0.57345945
13057,0.03998378,0.9600162
12789,0.10517176,0.89482826
46745,0.6854592,0.3145408
52592,0.55874646,0.44125357
44353,0.4782334,0.52176654
64539,0.88659656,0.11340343
51044,0.9082675,0.09173251
50197,0.2482176,0.75178236
40065,0.0070643635,0.9929356
730,0.32871187,0.6712881
48979,0.87251157,0.12748842
56520,0.7927339,0.20726606
4652,0.86578256,0.1342174
16965,0.006854946,0.9931451
50171,0.8829578,0.117042206
52169,0.3617521,0.63824785
27619,0.0017079822,0.998292
59427,0.42882127,0.57117873
36519,0.009474322,0.9905256
21562,0.036357313,0.9636427
61256,0.77196294,0.22803707
58703,0.8864242,0.11357583
40901,0.05915251,0.9408475
52949,0.5947824,0.40521756
21877,0.009893111,0.9901068
60001,0.31136674,0.68863326
23467,0.0022222742,0.99777776
7934,0.68336064,0.31663933
42008,0.07949877,0.92050123
41423,0.05289543,0.9471045
38810,0.028219936,0.9717801
52181,0.891149,0.108851075
27624,0.021384845,0.97861516
20798,0.33816022,0.6618398
2069,0.96110094,0.03889913
16974,0.009047908,0.99095213
22799,0.0015379378,0.9984621
50312,0.92966795,0.070332035
18209,0.08190677,0.91809326
56050,0.9785688,0.021431223
10536,0.20644914,0.79355085
47440,0.6973591,0.30264094
31389,0.3855326,0.6144674
47864,0.7521058,0.24789423
36653,0.014599499,0.9854005
11330,0.3114131,0.6885869
55171,0.47359326,0.5264067
50190,0.6664897,0.3335103
3259,0.59478885,0.40521112
41979,0.17464487,0.8253551
23312,0.13214165,0.86785835
14622,0.7159249,0.28407514
52148,0.5661097,0.4338903
63393,0.484722,0.515278
6290,0.6254764,0.37452364
37789,0.0037396266,0.9962604
24501,0.0039915657,0.9960084
31926,0.1375498,0.8624502
22767,0.0033398294,0.99666023
27043,0.104177184,0.89582276
3185,0.84076035,0.15923963
9140,0.6263782,0.37362182
3724,0.013694488,0.9863055
59914,0.89810145,0.10189851
35081,0.6397577,0.36024225
35874,0.028327394,0.9716726
21534,0.03007408,0.96992594
6042,0.3916117,0.6083883
62966,0.9270988,0.072901204
56076,0.99795866,0.002041387
12446,0.41411817,0.5858818
4724,0.45932367,0.5406763
36563,0.23866677,0.76133317
14915,0.096687324,0.9033127
38092,0.015750758,0.9842493
43039,0.015116581,0.9848835
33663,0.3590531,0.6409469
54977,0.7656258,0.23437421
11538,0.17849551,0.82150453
10494,0.32480925,0.67519075
22180,0.0076187397,0.9923813
28864,0.025885455,0.97411454
14344,0.15402134,0.8459787
55026,0.8264113,0.17358868
17698,0.05071172,0.94928825
24850,0.22778614,0.7722139
59232,0.64900714,0.35099286
183,0.11115666,0.8888433
10167,0.08224962,0.91775036
41895,0.009944283,0.9900557
5773,0.7394892,0.26051077
39562,0.010935095,0.98906493
63380,0.14055134,0.8594486
47301,0.7866871,0.2133129
34490,0.5875305,0.41246945
12880,0.053699292,0.94630075
52368,0.9297694,0.07023064
64721,0.9039757,0.096024245
25841,0.0140896095,0.9859104
60152,0.69405055,0.30594942
47570,0.81794906,0.18205093
6618,0.8046346,0.19536543
45322,0.91756606,0.082433924
41757,0.011591963,0.988408
28096,0.28396103,0.71603894
60642,0.27347302,0.726527
57139,0.9581573,0.041842725
18466,0.00046719666,0.9995328
19423,0.0012754058,0.9987245
6919,0.4979213,0.5020787
52465,0.89598554,0.104014516
60241,0.7091691,0.29083094
58480,0.9992113,0.000788689
55016,0.79384345,0.20615655
6494,0.87960756,0.12039247
41817,0.8473701,0.1526299
17912,0.001711648,0.99828833
44112,0.766563,0.233437
5893,0.5225045,0.4774955
23599,0.0062072524,0.9937928
37148,0.0620836,0.9379164
38457,0.0003676074,0.99963236
63541,0.18440592,0.815594
19912,0.00037279638,0.99962723
12688,0.31523812,0.6847619
50179,0.9356872,0.06431273
42834,0.17544994,0.8245501
15463,0.32919505,0.670805
28868,0.0052608075,0.99473923
3176,0.57507765,0.42492238
63053,0.8212635,0.1787365
51758,0.8407557,0.1592443
29761,0.0028429572,0.9971571
3918,0.012887918,0.9871121
37927,0.12409415,0.8759058
46039,0.96242046,0.037579466
64431,0.7863803,0.21361975
47087,0.6170507,0.38294935
1166,0.18326308,0.8167369
28474,0.004750576,0.9952494
3457,0.10888683,0.89111316
12397,0.14743073,0.8525693
45165,0.6025649,0.3974351
56297,0.97387856,0.0261214
35710,0.25680918,0.7431908
64728,0.7509561,0.24904385
46838,0.8306698,0.16933018
49506,0.9177847,0.08221527
16302,0.0023555716,0.99764436
56901,0.9992054,0.0007946127
29146,0.018185265,0.9818147
63442,0.22759357,0.7724064
56282,0.96806693,0.03193305
35178,0.81842464,0.18157533
41555,0.29764298,0.702357
30453,0.00331672,0.9966833
39776,0.00035344684,0.99964654
46723,0.58316064,0.41683942
50441,0.9437821,0.056217942
60626,0.36885256,0.63114744
49809,0.85799503,0.14200494
26820,0.29578727,0.7042128
18075,0.0049210163,0.9950789
389,0.85867935,0.14132059
1350,0.22716144,0.7728386
43632,0.95445853,0.04554153
34890,0.7313947,0.26860526
6743,0.795786,0.204214
32983,0.6903186,0.30968142
48622,0.7356167,0.2643833
19292,0.0023758104,0.9976242
27732,0.020195011,0.97980493
42637,0.020459933,0.9795401
5614,0.5887418,0.4112582
51829,0.95931715,0.040682793
10479,0.13546538,0.8645346
46792,0.7474956,0.25250435
49260,0.7256513,0.2743487
61373,0.8901911,0.10980895
36576,0.25866336,0.74133664
63577,0.89560544,0.104394555
41857,0.8376963,0.16230369
44749,0.9278586,0.0721414
20917,0.060100976,0.939899
29209,0.012852122,0.98714787
6696,0.22370683,0.7762931
34010,0.29241282,0.7075872
56227,0.76782584,0.23217414
47775,0.3406655,0.65933454
14326,0.023560764,0.97643924
12203,0.38299355,0.6170064
17898,0.02303336,0.9769667
47810,0.82706755,0.17293242
2038,0.075811915,0.92418814
38404,0.020279754,0.9797203
46625,0.66325104,0.33674902
26899,0.0020486475,0.9979513
45985,0.8412896,0.15871036
12437,0.30171683,0.69828314
13289,0.2052946,0.7947054
8772,0.7534292,0.24657086
12302,0.6042215,0.39577845
63683,0.21007472,0.7899252
46960,0.8197551,0.1802449
22642,0.22850725,0.7714927
21755,0.26139173,0.7386083
9302,0.4219097,0.5780903
52040,0.7512602,0.2487398
471,0.5719146,0.42808536
60631,0.68146795,0.31853208
6532,0.6962173,0.30378273
23947,0.031755477,0.9682445
26826,0.1991498,0.8008502
62567,0.8852717,0.114728324
50809,0.92215836,0.07784165
59285,0.15058848,0.8494115
25467,0.012418194,0.98758185
63097,0.565817,0.43418297
60543,0.8006271,0.1993729
8566,0.08957012,0.9104299
33554,0.25932595,0.7406741
64609,0.8393203,0.16067968
7673,0.46625397,0.53374606
23526,0.0069064866,0.9930935
52349,0.7401219,0.25987807
35835,0.10127362,0.8987264
41217,0.40585616,0.5941438
42535,0.21946509,0.7805349
63706,0.5471058,0.45289424
38994,0.00024387492,0.99975616
10885,0.74737096,0.25262907
10923,0.42156255,0.57843745
21780,0.0036825654,0.9963174
1740,0.8075858,0.19241425
8995,0.13339226,0.8666078
15287,0.6217804,0.3782196
8580,0.5594873,0.44051272
16206,0.0008619094,0.9991381
30695,0.071449056,0.9285509
16291,0.305188,0.69481194
23657,0.023824614,0.97617537
11318,0.007930495,0.9920695
45817,0.7169573,0.2830427
31294,0.074296884,0.92570317
46821,0.7748202,0.22517979
33535,0.28926688,0.7107331
33824,0.64479095,0.35520902
58776,0.76851475,0.23148525
26185,0.032345165,0.96765476
40384,0.045639645,0.95436037
38990,3.3750548e-05,0.99996626
4133,0.04471384,0.9552861
64369,0.8287425,0.17125751
42868,0.07162025,0.9283797
27508,0.51469934,0.4853007
16961,0.024638452,0.9753616
43407,0.9360812,0.063918844
28465,0.0068262815,0.99317366
3126,0.34777108,0.6522289
22088,0.0097579835,0.99024194
55658,0.6030798,0.39692023
44569,0.9280242,0.071975835
32760,0.2654443,0.7345557
9661,0.020444151,0.9795559
52841,0.9005555,0.0994445
48566,0.97933245,0.020667622
30510,0.003040738,0.9969593
64858,0.858046,0.14195399
43258,0.4465443,0.55345565
22302,0.008651953,0.9913481
25238,0.051585045,0.948415
7436,0.040934097,0.9590659
62191,0.5693522,0.43064773
2610,0.63598233,0.36401764
11403,0.68215555,0.31784448
15466,0.012700626,0.9872994
19966,0.000395734,0.9996043
18538,0.008035395,0.9919646
45767,0.6126007,0.3873993
36355,0.044035587,0.95596445
16164,0.016931422,0.9830686
60589,0.6887545,0.3112455
14361,0.6302118,0.36978826
41977,0.054366596,0.9456334
461,0.8260582,0.17394175
6232,0.5731673,0.42683265
3183,0.1265754,0.8734246
11052,0.34849685,0.65150315
11537,0.051170476,0.9488296
30194,0.22975102,0.77024895
38806,0.00025005295,0.99974996
44406,0.7811817,0.21881829
52520,0.8362357,0.16376433
12233,0.3374589,0.6625411
47443,0.6390584,0.36094153
36487,0.005968804,0.99403113
52076,0.7491968,0.25080314
9379,0.54787606,0.45212394
8426,0.20079513,0.7992049
8536,0.3292276,0.6707724
40242,0.0075874818,0.9924125
64634,0.3098261,0.69017386
38460,0.0009900626,0.99900997
20418,0.64949715,0.35050282
46924,0.76773894,0.23226108
60985,0.9326038,0.06739616
59944,0.1775918,0.8224082
20889,0.05266497,0.947335
58494,0.94637156,0.05362843
54549,0.3477515,0.65224844
53043,0.7397564,0.2602436
18199,0.0074558854,0.9925442
16000,0.057087436,0.9429125
24653,0.012884552,0.9871155
61922,0.9070552,0.09294477
45873,0.9701254,0.029874625
57845,0.9912697,0.008730321
51705,0.909778,0.090222016
40012,0.042026933,0.95797306
20666,0.32866853,0.6713315
3709,0.4344766,0.5655233
27289,0.0016283822,0.99837166
35171,0.6151056,0.38489437
7513,0.05318296,0.9468171
3989,0.43572778,0.5642722
61871,0.95977795,0.040222056
64999,0.023848312,0.97615165
53423,0.74096465,0.25903538
53308,0.86301714,0.13698289
4853,0.8230936,0.1769064
32913,0.19342108,0.80657893
12255,0.48410842,0.5158916
7611,0.60635775,0.39364228
15321,0.6692839,0.33071607
16074,0.0012270007,0.99877304
43365,0.44015884,0.55984116
56348,0.7981233,0.20187674
32610,0.4589472,0.5410528
42987,0.07664536,0.9233547
6017,0.824903,0.175097
34681,0.37178192,0.62821805
26934,0.6219885,0.3780115
35739,0.25250986,0.74749017
43418,0.80367756,0.19632241
25280,0.0036652666,0.9963347
2801,0.37829247,0.62170756
41526,0.090728484,0.90927154
43170,0.139317,0.86068296
28454,0.009850687,0.99014926
43217,0.034898385,0.9651016
41549,0.27093858,0.72906137
22019,0.19256997,0.80742997
57158,0.84240454,0.15759546
20566,0.5589928,0.44100723
29170,0.012439674,0.98756033
36977,0.05062053,0.9493795
21455,0.008417244,0.9915828
50085,0.124406904,0.87559307
52946,0.7332708,0.26672912
44676,0.93427724,0.06572282
23511,0.082348995,0.91765106
4578,0.7255174,0.27448255
17573,0.0007425602,0.9992574
50668,0.89434934,0.10565059
41577,0.1592433,0.8407567
55418,0.22624363,0.7737564
7193,0.083075345,0.91692466
57369,0.9937597,0.0062402356
22661,0.0028246562,0.99717534
22188,0.023157299,0.97684264
54191,0.8389522,0.16104785
21508,0.84948856,0.15051143
5153,0.37884188,0.6211581
25479,0.31086946,0.68913054
21284,0.40621042,0.5937896
39376,0.12140776,0.87859225
62077,0.67203194,0.32796806
33015,0.22911969,0.7708803
40524,0.00043951202,0.9995604
23308,0.0074518602,0.99254817
19428,0.0029803298,0.9970196
24917,0.06466684,0.93533313
17090,0.014458449,0.9855415
26327,0.003271194,0.9967288
39550,0.0011319914,0.998868
30359,0.005190757,0.99480927
263,0.25196615,0.7480339
48849,0.80812585,0.19187415
32428,0.08934758,0.91065246
13746,0.8673096,0.13269044
22653,0.014950598,0.9850494
63153,0.7845805,0.21541944
48827,0.64304656,0.35695344
18765,0.00059484976,0.99940515
33911,0.24471408,0.7552859
25053,0.0343719,0.9656281
28108,0.0023142158,0.9976858
16488,0.019355517,0.9806444
9342,0.82978576,0.17021427
43082,0.04921125,0.9507888
60328,0.33388168,0.6661183
58633,0.056224752,0.9437752
32333,0.113510646,0.8864894
8008,0.06177448,0.93822557
20430,0.3848267,0.61517334
54839,0.77600396,0.22399604
53313,0.73274195,0.26725808
19694,0.04152346,0.95847654
2061,0.4771217,0.5228783
60334,0.56953466,0.43046528
45946,0.8390918,0.16090819
41648,0.036667664,0.9633323
42427,0.050356284,0.9496438
5838,0.01567218,0.9843278
55089,0.6170502,0.38294986
39305,0.00094383734,0.99905616
63503,0.9232766,0.07672338
44122,0.7536405,0.24635947
1440,0.8162316,0.18376836
33210,0.39709765,0.6029023
64691,0.7598224,0.2401776
42839,0.006074,0.993926
54381,0.47660616,0.52339387
46820,0.7169813,0.28301874
24529,0.07672993,0.92327005
64129,0.9248637,0.0751363
63109,0.89845055,0.10154942
47888,0.8868686,0.11313145
52515,0.7298792,0.2701208
61591,0.73700523,0.26299483
27737,0.0006322182,0.9993678
4042,0.066793956,0.9332061
41467,0.018403899,0.98159605
2326,0.76273996,0.23726004
50091,0.68898183,0.31101817
41028,0.0064354134,0.99356455
30872,0.33173984,0.66826016
12606,0.8194149,0.18058506
3949,0.4153842,0.5846158
63872,0.7990994,0.20090063
59065,0.70046645,0.2995336
45376,0.82685244,0.17314756
5245,0.07994541,0.9200546
49810,0.9031362,0.09686378
58535,0.95423245,0.045767583
16979,0.0365302,0.9634698
43141,0.23989582,0.7601042
38912,0.0022363449,0.99776363
39192,0.0010309593,0.9989691
37021,0.31420437,0.68579566
6292,0.7203559,0.27964407
48598,0.97102326,0.02897672
35047,0.77224547,0.22775456
6684,0.023897309,0.9761027
58975,0.4719355,0.52806455
63546,0.43883306,0.56116694
46578,0.7781793,0.22182074
41685,0.19710149,0.80289847
9436,0.46356517,0.5364348
1393,0.95315963,0.046840444
48454,0.9369628,0.06303721
15163,0.11682407,0.8831759
16693,0.0001864834,0.9998135
51078,0.9084889,0.09151102
32466,0.052657,0.94734305
58449,0.93089765,0.069102414
1537,0.4329917,0.56700826
11824,0.004160967,0.995839
65005,0.73207444,0.2679256
49775,0.8442855,0.15571453
28092,0.028358163,0.9716419
7274,0.49399886,0.5060012
52746,0.65088266,0.34911737
49712,0.84719056,0.15280949
13495,0.5622923,0.43770772
64995,0.7903014,0.20969868
1305,0.27360928,0.72639066
44251,0.69769406,0.3023059
59426,0.49599484,0.50400513
49625,0.8375435,0.16245651
29887,0.53550524,0.4644948
61857,0.97984695,0.020153053
50463,0.8723823,0.12761776
36823,0.0058197444,0.9941803
7348,0.026291898,0.9737081
50851,0.76100796,0.23899208
34539,0.37508166,0.62491834
25067,0.062337182,0.9376628
61198,0.71645445,0.28354555
4286,0.2975259,0.7024741
36183,0.015785005,0.98421496
44672,0.9559234,0.044076614
52205,0.8270275,0.17297244
53935,0.81040084,0.18959914
9390,0.5781334,0.4218666
34164,0.35097292,0.64902705
16625,0.024914565,0.9750854
22990,0.053798627,0.9462014
28455,0.00688279,0.9931172
34021,0.44274744,0.5572525
11000,0.0032439213,0.996756
49468,0.8366982,0.1633018
33198,0.35656592,0.64343405
5315,0.91868025,0.0813198
47419,0.8056106,0.1943894
11603,0.75854117,0.2414589
35461,0.37508166,0.62491834
44048,0.9636962,0.036303863
5075,0.6227027,0.3772973
62874,0.7640145,0.2359855
11642,0.7172537,0.28274634
36089,0.006891113,0.99310887
17680,0.046152674,0.9538473
10257,0.011627802,0.98837215
22619,0.082631975,0.91736805
63397,0.35116792,0.6488321
32008,0.18015641,0.81984353
46422,0.9733412,0.02665878
36782,0.0021473425,0.9978527
11959,0.029296238,0.9707037
33515,0.21064109,0.7893589
13638,0.74344194,0.25655803
30409,0.0024937703,0.9975062
27986,0.05680224,0.9431978
53247,0.7626852,0.2373148
14668,0.59579724,0.40420282
57376,0.97108805,0.028911946
17421,0.0028271205,0.99717283
31546,0.048629362,0.95137066
48574,0.6187298,0.3812702
34680,0.8879116,0.11208843
37309,0.009463786,0.9905363
56352,0.9646774,0.035322543
41600,0.19474626,0.8052538
35911,0.40291417,0.59708583
5182,0.7229314,0.2770686
27482,0.51503885,0.4849611
11633,0.5008292,0.49917078
17045,0.0027058546,0.9972941
28599,0.039500117,0.9604998
53808,0.6100806,0.38991946
30090,0.6670967,0.3329033
59158,0.40408102,0.595919
27588,0.002193258,0.9978067
41865,0.3761551,0.6238449
11973,0.22108714,0.77891284
16094,0.0013679764,0.998632
57480,0.9978638,0.0021361602
49600,0.9397613,0.060238715
57088,0.7093537,0.2906463
43678,0.9120717,0.08792825
4156,0.74840766,0.2515923
10533,0.34759313,0.6524068
34272,0.2095017,0.79049826
46725,0.82790065,0.17209934
10764,0.44146568,0.5585343
47768,0.71578413,0.28421584
3395,0.46519294,0.534807
41493,0.48425168,0.5157484
26713,0.0061524003,0.99384755
28959,0.31568173,0.68431824
38270,0.37576526,0.62423474
15550,0.012116892,0.98788303
6424,0.72964066,0.27035934
47703,0.7612363,0.23876369
7728,0.5849006,0.41509944
59735,0.40549952,0.5945004
19432,0.0010258978,0.9989741
57128,0.851334,0.14866605
19163,0.010238816,0.9897612
44437,0.9302613,0.06973873
16969,0.00972089,0.99027914
37478,0.014707967,0.985292
28526,0.030451925,0.96954805
11868,0.21568172,0.78431827
51009,0.72884464,0.27115542
17664,0.043118667,0.9568813
28584,0.21137089,0.7886292
10146,0.6303068,0.3696932
4051,0.44799533,0.5520047
51586,0.7164364,0.2835636
59393,0.5371577,0.4628423
15066,0.8500828,0.1499172
29302,0.39658803,0.603412
42266,0.1735296,0.8264704
31983,0.13744554,0.8625545
7503,0.096339375,0.9036606
56257,0.9193535,0.080646455
7025,0.03892661,0.9610734
9125,0.00918236,0.99081767
15233,0.009372164,0.9906279
32130,0.08549191,0.9145081
40731,0.054195866,0.9458041
51389,0.34555402,0.65444595
36003,0.09425949,0.9057405
52033,0.6068345,0.39316547
58933,0.56869715,0.43130285
12845,0.67608505,0.32391497
12773,0.16638166,0.83361834
51227,0.79581386,0.20418613
11585,0.64924395,0.35075602
18311,0.0007340767,0.99926597
55651,0.7962002,0.20379974
39671,0.0001475409,0.9998524
57869,0.9806567,0.01934336
15656,0.20227526,0.79772466
3527,0.70292616,0.29707384
40418,0.0045762793,0.99542373
54240,0.85154307,0.1484569
63851,0.34633008,0.65366995
15620,0.0034330704,0.9965669
2146,0.19118734,0.8088127
31466,0.18999602,0.810004
64037,0.9542394,0.045760613
50430,0.69679826,0.3032017
40587,0.021987908,0.9780121
49132,0.945256,0.05474405
21530,0.014312307,0.9856877
50671,0.8721977,0.1278023
12094,0.11009374,0.8899063
49390,0.7198623,0.2801377
32361,0.6013703,0.3986297
63970,0.93916684,0.060833186
35694,0.023556435,0.9764435
46342,0.9539259,0.046074048
39321,0.05907114,0.9409288
55706,0.8388338,0.16116627
21849,0.3743454,0.6256546
53357,0.50511706,0.494883
32322,0.20815197,0.791848
43394,0.25004786,0.7499522
47175,0.733596,0.266404
11358,0.1551206,0.8448794
41616,0.03211539,0.96788466
16723,0.019189533,0.98081046
31457,0.13468,0.86532
42952,0.533145,0.466855
54193,0.7224055,0.27759454
36705,0.0033354878,0.99666446
17602,0.0011964338,0.9988036
52177,0.8638381,0.1361619
50020,0.57282746,0.42717254
968,0.30165055,0.6983494
4297,0.43991122,0.5600888
38512,0.008120929,0.9918791
14155,0.11436256,0.8856374
20388,0.75051993,0.24948005
56087,0.97737145,0.02262853
53026,0.89878523,0.101214714
46839,0.65897685,0.34102318
36920,0.012336902,0.9876631
37683,0.3374116,0.66258836
40315,0.0072146123,0.99278545
36064,0.037098795,0.9629012
52676,0.7956844,0.20431556
26235,0.20865577,0.7913442
2470,0.19394113,0.8060589
3515,0.68985355,0.31014645
10408,0.038670056,0.9613299
50247,0.9303369,0.069663115
9689,0.06580941,0.9341906
59297,0.4045793,0.59542066
42276,0.062171258,0.9378287
12822,0.57515776,0.4248422
61033,0.9651932,0.03480681
39617,0.0004161845,0.9995838
11124,0.6194828,0.38051718
45486,0.8163825,0.18361744
30816,0.27259028,0.7274097
47539,0.9220127,0.077987306
41523,0.20561783,0.79438215
57195,0.8913461,0.10865391
62850,0.7479491,0.25205088
43168,0.027059095,0.9729409
48286,0.70186776,0.29813224
21390,0.48208568,0.51791435
32080,0.06990834,0.9300916
16897,0.0019421551,0.9980578
21625,0.44887543,0.5511246
50392,0.9592518,0.040748235
41966,0.19932285,0.8006771
39247,0.00047112003,0.9995289
38837,0.030071981,0.969928
13133,0.0113406675,0.98865926
5580,0.4514531,0.5485469
42470,0.07129925,0.9287007
56528,0.8359945,0.16400547
5790,0.81594545,0.18405457
16634,0.0031460333,0.996854
1080,0.42675412,0.5732459
7811,0.0042243605,0.99577564
12587,0.40716547,0.5928346
55622,0.590214,0.409786
55816,0.49411827,0.5058817
38660,0.00706782,0.9929322
39961,0.009643424,0.9903565
59854,0.7360577,0.26394233
33378,0.17625238,0.8237477
19453,0.0014710167,0.99852896
59968,0.35585862,0.6441414
29451,0.0033079705,0.99669206
41842,0.6860695,0.3139305
55917,0.73920953,0.26079047
48761,0.75796884,0.24203116
27936,0.022357345,0.97764266
10719,0.1839797,0.8160203
41639,0.12186639,0.8781336
17639,0.022711039,0.977289
31131,0.015761614,0.98423845
54656,0.9530303,0.04696968
40648,0.047337748,0.9526622
37638,0.03583188,0.96416813
20150,0.0021931902,0.99780685
24719,0.53842694,0.46157306
58065,0.95592237,0.044077583
62318,0.8610399,0.13896011
1820,0.33131462,0.6686854
27547,0.51536185,0.4846381
42806,0.8108277,0.18917237
5509,0.453176,0.54682404
64449,0.8472236,0.15277642
7395,0.5786295,0.42137057
24206,0.0019372582,0.9980628
7759,0.048028253,0.9519717
19892,0.00068978016,0.99931026
33882,0.2052031,0.79479694
29335,0.3412346,0.65876544
55444,0.5794197,0.42058033
8034,0.3900445,0.6099555
58930,0.5696499,0.4303501
49392,0.7340509,0.26594904
2176,0.81842196,0.18157806
29623,0.048278242,0.9517218
25082,0.1730335,0.82696646
32734,0.55278516,0.44721484
40951,0.013403766,0.98659617
35570,0.7126444,0.28735557
23358,0.0400038,0.95999616
58524,0.9994161,0.0005838967
41653,0.024131285,0.97586864
38378,0.013685481,0.98631454
60025,0.21650833,0.7834917
29835,0.3653148,0.6346852
49452,0.20032321,0.7996768
38340,0.09003551,0.9099645
52912,0.6457672,0.35423273
40975,0.029864712,0.9701352
38941,0.08701752,0.91298246
29069,0.07079233,0.9292077
5828,0.69875175,0.30124825
48375,0.5161807,0.48381934
2104,0.7765194,0.22348057
7869,0.50336313,0.4966369
65051,0.9152399,0.08476019
13967,0.037585273,0.96241474
47153,0.98123217,0.01876782
23265,0.007252306,0.9927477
52689,0.38586375,0.6141363
13012,0.72456735,0.27543268
40866,0.067658775,0.9323413
64290,0.68642426,0.31357574
30635,0.022866225,0.97713375
38819,0.030182792,0.9698173
45450,0.9566492,0.043350797
52107,0.5597521,0.4402479
4911,0.81330585,0.18669419
27036,0.0169945,0.98300546
6840,0.25631976,0.74368024
11131,0.002261725,0.99773824
41920,0.0019960438,0.9980039
52703,0.88348657,0.11651346
39633,0.00028460013,0.9997154
4595,0.4850882,0.5149118
45703,0.919616,0.080384
9665,0.36357883,0.6364212
29591,0.0058298786,0.9941702
36531,0.0020236934,0.99797636
16416,0.0016466161,0.99835336
14748,0.3178112,0.6821888
19396,0.0066986675,0.9933014
24147,0.0030414243,0.9969586
27052,0.0043461234,0.99565387
16771,0.004435841,0.9955642
5696,0.55320865,0.44679135
2542,0.56168807,0.4383119
7180,0.13769403,0.86230594
61141,0.8066855,0.19331448
45861,0.83827144,0.16172858
7459,0.17853588,0.8214642
52528,0.2504056,0.74959445
22544,0.0006547653,0.99934524
20330,0.0050165113,0.99498343
15222,0.027876893,0.97212315
13244,0.10081913,0.8991809
19986,0.021023376,0.9789766
63999,0.9682397,0.031760328
56632,0.93190414,0.068095855
64856,0.7535327,0.24646725
59806,0.45036677,0.54963326
31939,0.23839453,0.7616055
39067,0.13513744,0.86486256
8697,0.41912264,0.58087736
35610,0.84734297,0.15265703
9406,0.03874005,0.96125996
13579,0.55560493,0.444395
8141,0.07608113,0.9239189
9880,0.22713965,0.7728604
54522,0.67378026,0.32621977
56008,0.9911499,0.008850052
54266,0.30407938,0.6959206
1399,0.7295929,0.27040705
32575,0.76947564,0.2305244
58908,0.4938983,0.5061017
51604,0.8287458,0.17125422
24184,0.005647778,0.9943522
26511,0.2849179,0.7150821
39909,0.011254596,0.9887454
54966,0.76482844,0.23517159
48280,0.9652973,0.034702722
9770,0.9540894,0.045910597
26892,0.0037464013,0.9962536
16616,0.0031729783,0.99682695
20123,0.00048481466,0.9995152
35073,0.5639855,0.43601447
5932,0.75445795,0.24554206
8889,0.003372308,0.9966276
12627,0.40284184,0.5971582
27250,0.042261764,0.9577382
1064,0.24411386,0.75588614
61655,0.909326,0.09067402
15581,0.0070851585,0.9929148
39911,0.025406308,0.97459376
16999,0.0024262283,0.9975738
40366,0.0021697825,0.9978302
5138,0.55483335,0.44516665
10293,0.54700464,0.45299533
25424,0.0011362568,0.9988638
28578,0.2703065,0.72969353
13114,0.16247842,0.8375216
4120,0.8712152,0.12878479
7069,0.20048244,0.7995175
48626,0.81147414,0.18852586
17689,0.0018924691,0.99810755
45911,0.9329687,0.06703132
45889,0.8148372,0.18516277
41632,0.08057389,0.91942614
58187,0.84758073,0.15241927
29290,0.04283753,0.95716244
24498,0.011062438,0.9889375
59482,0.4044856,0.5955144
62700,0.8013568,0.19864321
38292,0.039704744,0.9602952
36875,0.041639365,0.9583606
41280,0.18220927,0.81779075
29892,0.35186568,0.6481343
17694,0.009164897,0.9908351
15835,0.0010271373,0.9989729
29330,0.45522335,0.5447766
24505,0.0036140778,0.99638593
54643,0.8719435,0.12805657
11400,0.7829965,0.21700352
59278,0.1856895,0.8143105
2082,0.9269326,0.07306749
2108,0.76956725,0.23043273
38155,0.0073142704,0.9926857
9865,0.022302201,0.9776978
4366,0.6013245,0.39867544
11455,0.02693083,0.97306913
5244,0.6827007,0.31729937
633,0.41356978,0.5864302
21377,0.02684434,0.9731557
8114,0.5874095,0.41259053
43968,0.81609786,0.18390211
33571,0.44924375,0.5507562
16930,0.0747598,0.9252402
7752,0.150701,0.849299
5784,0.7753434,0.22465655
50411,0.51647675,0.48352322
1995,0.44363397,0.556366
40835,0.3818012,0.6181988
40092,0.0016588735,0.9983411
18207,0.008263939,0.991736
46542,0.71666414,0.28333592
12548,0.022714218,0.9772858
51802,0.6240921,0.37590787
32167,0.21157119,0.7884288
12933,0.047509786,0.9524902
52192,0.5836535,0.41634652
62674,0.79007053,0.20992945
8374,0.4052124,0.5947876
63633,0.89329726,0.10670276
28993,0.0033116278,0.9966884
10406,0.3715142,0.6284858
3931,0.042015444,0.95798457
37088,0.08403529,0.91596466
8512,0.69728315,0.3027168
11428,0.00437836,0.9956216
27827,0.001623304,0.9983767
31469,0.10223729,0.8977627
8588,0.3603368,0.63966316
46906,0.8612298,0.13877025
18517,0.005275743,0.9947242
13355,0.7331397,0.26686034
41446,0.21159813,0.78840184
59797,0.41501337,0.5849866
1318,0.35733184,0.6426681
61632,0.19688667,0.80311334
23897,0.013359044,0.986641
64805,0.8456236,0.15437645
55695,0.8898625,0.110137574
58578,0.7143436,0.28565633
21304,0.0008922971,0.99910766
46716,0.8697598,0.13024019
59778,0.35326666,0.6467334
40433,0.030082064,0.96991795
30053,0.28105274,0.7189473
27525,0.5818775,0.4181225
28927,0.021997586,0.97800237
51242,0.85509694,0.14490303
59902,0.90635926,0.09364068
12596,0.6023763,0.39762375
47984,0.32104647,0.6789535
12147,0.9444918,0.055508167
28539,0.044434324,0.95556563
25795,0.23567648,0.76432353
43189,0.08343826,0.9165618
3963,0.005892281,0.9941077
53563,0.7297946,0.27020538
54048,0.9229656,0.07703441
859,0.44175312,0.5582469
28376,0.0856157,0.9143843
52990,0.76291484,0.23708518
14349,0.39874235,0.6012576
17777,0.0011241299,0.9988759
53161,0.46688583,0.5331142
46449,0.91649896,0.08350106
37200,0.58048546,0.4195145
46068,0.6958597,0.30414036
21501,0.25211167,0.74788827
24660,0.0037496665,0.99625033
36448,0.10737677,0.89262325
1065,0.27048925,0.7295108
10428,0.7740784,0.22592157
13013,0.33531576,0.66468424
19341,0.012268351,0.98773164
27768,0.0071708774,0.99282914
14495,0.4759377,0.5240623
58847,0.6718057,0.32819432
33005,0.30011284,0.69988716
59267,0.04769737,0.95230263
32204,0.067547455,0.93245256
52170,0.58198303,0.418017
21761,0.8245499,0.17545009
1807,0.4951215,0.5048785
29854,0.008158726,0.9918413
64753,0.84488195,0.15511802
61446,0.9014623,0.09853769
2478,0.6004748,0.39952523
3182,0.6534951,0.3465049
47668,0.760617,0.23938294
6439,0.8231656,0.17683437
48140,0.93718964,0.0628104
55085,0.43395138,0.5660487
58188,0.6981304,0.30186957
24268,0.0010741446,0.99892586
52958,0.9412338,0.05876615
12502,0.67266643,0.32733357
60877,0.93643,0.06357007
17864,0.0066340226,0.99336594
6756,0.19029137,0.8097086
22774,0.004489322,0.9955107
39103,0.30424115,0.6957589
59956,0.31556895,0.684431
53986,0.6411078,0.35889223
46125,0.75828993,0.24171004
12674,0.5451801,0.45481992
45924,0.9407112,0.059288766
58416,0.9674832,0.032516718
44917,0.9597657,0.04023439
22667,0.005400982,0.994599
7463,0.03968692,0.96031314
29263,0.21907072,0.78092927
51906,0.9763026,0.023697393
58448,0.96358037,0.036419623
44445,0.8927655,0.10723449
60007,0.63881177,0.36118823
14324,0.0022422546,0.99775773
45203,0.92038864,0.07961136
256,0.2790072,0.72099274
54154,0.85081327,0.14918669
14151,0.14050609,0.8594939
16742,0.0062176916,0.99378234
63535,0.6344196,0.36558035
25198,0.038106848,0.9618932
60057,0.17561628,0.82438374
451,0.16224135,0.83775866
9002,0.79580116,0.20419881
31411,0.032721728,0.9672783
16232,0.0060513215,0.9939487
48422,0.9652365,0.034763522
10368,0.12540796,0.87459207
27875,0.0007864805,0.99921346
19952,0.0006533185,0.9993467
29012,0.17403436,0.82596564
51475,0.48548788,0.5145121
7067,0.04281602,0.95718396
26836,0.007325659,0.9926743
48098,0.3807177,0.61928225
39344,0.3272562,0.6727438
47220,0.68816197,0.31183797
43150,0.15841646,0.8415835
51353,0.5694619,0.43053812
51709,0.62418157,0.37581846
20985,0.68787867,0.31212133
23571,0.0008279143,0.9991721
17967,0.036128156,0.9638719
64045,0.9524289,0.04757108
24944,0.1247265,0.87527347
20980,0.054285057,0.94571495
41329,0.014093425,0.9859066
31700,0.16352305,0.836477
19130,0.0035695473,0.99643046
64062,0.7915661,0.20843396
9357,0.7414816,0.25851846
34446,0.65453887,0.3454611
21550,0.03453868,0.9654614
22897,0.0016093986,0.9983907
57091,0.78472143,0.2152786
59743,0.5951904,0.4048096
11640,0.2904511,0.70954883
47882,0.8055203,0.19447973
48583,0.69138014,0.3086199
26097,0.04400228,0.95599765
55554,0.9004421,0.099557824
32981,0.46750507,0.53249496
48850,0.6851017,0.3148983
39973,0.0035654146,0.99643457
53275,0.5982994,0.40170062
7654,0.036889527,0.96311045
53090,0.6068397,0.39316028
32626,0.098614976,0.901385
44753,0.9042198,0.09578024
40078,0.0074895825,0.99251044
46582,0.7975249,0.20247503
60143,0.078187056,0.9218129
47202,0.9692507,0.030749245
26855,0.00472683,0.9952732
59415,0.6266007,0.37339926
40545,0.00048294023,0.9995171
63804,0.12607479,0.8739252
44293,0.42500454,0.57499546
28497,0.013190166,0.98680985
14565,0.061617807,0.93838227
28216,0.08287404,0.91712594
54964,0.5779841,0.42201594
42668,0.78429526,0.21570471
51976,0.62779945,0.37220055
4081,0.038302824,0.9616971
26138,0.0021458413,0.9978542
61953,0.97608155,0.023918377
30551,0.4057171,0.59428287
44220,0.9655727,0.034427308
59336,0.7950143,0.20498572
44762,0.87641335,0.12358667
48199,0.7700469,0.22995311
6827,0.009586598,0.99041337
17750,0.0020507223,0.9979493
22235,0.02409599,0.975904
5522,0.8608001,0.1391999
60305,0.33779258,0.6622074
45683,0.91194993,0.08805003
20028,0.0009075051,0.99909246
34319,0.18129379,0.8187062
37284,0.01094657,0.9890534
13668,0.6278233,0.37217677
36253,0.65542316,0.3445768
19470,0.017712679,0.98228735
19117,0.0030612042,0.9969388
20045,0.0016204888,0.99837947
11895,0.49678773,0.5032123
5950,0.7305766,0.26942343
6031,0.80512774,0.19487227
22755,0.06736088,0.9326392
24338,0.0028839782,0.99711597
48021,0.7504657,0.24953435
43754,0.89762056,0.10237939
54908,0.94895256,0.051047467
38172,0.00024798737,0.999752
41139,0.022040281,0.97795975
9540,0.1920723,0.80792767
7294,0.17140913,0.8285908
37834,0.008680383,0.9913196
24182,0.0014728247,0.99852717
27292,0.0037205575,0.9962794
62812,0.60350376,0.39649624
12927,0.19703685,0.8029632
38826,0.0038433983,0.99615663
45254,0.8629003,0.13709961
7979,0.7711044,0.22889557
26575,0.5043407,0.49565926
13372,0.15274858,0.84725136
55374,0.7256391,0.2743609
3391,0.21138398,0.788616
5762,0.7710571,0.22894293
55307,0.48381308,0.51618695
46066,0.70494,0.29505995
8128,0.14912501,0.85087496
9753,0.7042336,0.29576644
46165,0.5551498,0.44485018
10587,0.14134438,0.8586556
51477,0.6248389,0.37516117
10134,0.32291257,0.6770874
60652,0.29191923,0.70808077
63744,0.7878136,0.21218632
27495,0.3114911,0.6885089
48628,0.73203605,0.267964
9409,0.65977895,0.34022102
8896,0.61383027,0.3861698
51305,0.83131397,0.16868605
11114,0.73875374,0.26124623
59242,0.69017655,0.30982345
54166,0.85944426,0.14055572
7397,0.09359225,0.9064078
44260,0.90816545,0.09183458
64897,0.9111972,0.08880285
10822,0.5152511,0.4847489
64752,0.82947576,0.17052427
40135,0.00024207076,0.99975795
33777,0.41819453,0.5818054
31903,0.39255318,0.6074468
44151,0.818676,0.18132399
1857,0.11980494,0.88019514
3236,0.056871817,0.94312817
30512,0.0485456,0.9514544
43089,0.007053131,0.9929469
982,0.46482933,0.5351707
7443,0.019390093,0.98060995
3745,0.10412376,0.8958762
32144,0.08871941,0.91128063
50422,0.9722951,0.027704978
40634,0.0022389328,0.997761
55999,0.9997677,0.0002322504
26253,0.0065894565,0.9934105
56538,0.7128817,0.2871183
11076,0.1694013,0.83059865
32516,0.2899395,0.71006054
9853,0.047534153,0.9524659
15719,0.013480287,0.9865197
35904,0.0058962335,0.9941037
56893,0.99913317,0.0008668801
26637,0.003993731,0.9960063
28963,0.016869118,0.9831308
64619,0.7561795,0.24382047
63472,0.49499106,0.505009
57,0.33791068,0.6620893
36398,0.012303326,0.9876967
22645,0.05268238,0.9473176
20120,0.0009711925,0.9990288
48070,0.80574244,0.19425751
51897,0.50233984,0.49766013
12532,0.10155685,0.8984431
24462,0.0023576457,0.99764234
27651,0.0022946217,0.9977054
62272,0.8745455,0.12545455
61977,0.99765956,0.0023404541
56415,0.9437374,0.056262553
19545,0.0036216616,0.99637836
5140,0.7998267,0.20017335
14258,0.71637285,0.28362715
61253,0.9809606,0.019039351
39478,0.0076346016,0.9923654
25634,0.01781893,0.9821811
13284,0.08172987,0.9182701
56551,0.7853299,0.2146701
40784,0.05231883,0.9476811
42709,0.033908427,0.9660916
8919,0.88383454,0.11616547
17029,0.0009417811,0.9990582
24483,0.00047769083,0.9995223
60023,0.13514704,0.8648529
14603,0.8870549,0.112945035
50610,0.79024583,0.2097542
6098,0.8667205,0.13327955
6102,0.55766034,0.4423397
52757,0.86614686,0.1338532
13020,0.0113627715,0.98863727
23394,0.023109306,0.9768907
6699,0.43550396,0.56449604
62695,0.55575854,0.4442415
46033,0.8869743,0.11302569
49480,0.85445356,0.14554648
14181,0.109815896,0.8901841
36201,0.016860344,0.9831397
56621,0.8950573,0.10494269
37078,0.0019736313,0.9980263
36772,0.016562097,0.9834379
23955,0.011486515,0.9885134
42037,0.06033826,0.9396617
41162,0.06306565,0.9369343
57327,0.98315156,0.016848477
54310,0.7309215,0.26907846
498,0.49902672,0.5009733
43958,0.88770276,0.11229732
43140,0.36791718,0.6320828
47780,0.85648626,0.14351378
23387,0.0854429,0.91455716
34105,0.6734822,0.32651782
48820,0.8985588,0.10144118
25939,0.012225028,0.98777497
22772,0.019408964,0.980591
17193,0.029094636,0.97090536
58330,0.91140974,0.08859026
22021,0.34093997,0.65906
22269,0.00091879966,0.99908113
16353,0.0029555692,0.9970444
18442,0.0054763,0.99452376
47504,0.6833886,0.3166114
53662,0.8605381,0.13946192
40232,0.0031008509,0.9968991
46239,0.7130526,0.28694743
35289,0.81177336,0.18822663
32386,0.05146051,0.9485395
44204,0.81856483,0.18143523
34234,0.3506917,0.6493083
9472,0.16165441,0.8383455
19214,0.0019212116,0.9980788
49142,0.8094663,0.19053368
56609,0.8476122,0.15238775
62287,0.5338745,0.46612552
33134,0.33046806,0.66953194
17954,0.0021000546,0.9978999
10288,0.32532287,0.6746772
52094,0.27178147,0.7282185
52827,0.3905428,0.6094572
7472,0.83862674,0.16137326
32872,0.45053586,0.54946417
56323,0.87905794,0.12094209
18107,0.014676793,0.9853232
4682,0.7761121,0.22388797
43479,0.9562697,0.043730367
52856,0.64174575,0.3582542
26802,0.2714776,0.7285224
25948,0.011411952,0.9885881
45544,0.8544707,0.14552933
15526,0.0026621658,0.9973379
229,0.51514816,0.48485184
32543,0.15865801,0.841342
1349,0.47313672,0.52686334
44457,0.775301,0.22469899
19356,0.027873302,0.9721267
19381,0.0047208555,0.9952792
42059,0.72400427,0.27599573
51251,0.85308325,0.14691678
59037,0.7038768,0.29612324
46565,0.9248789,0.07512116
2403,0.54187894,0.45812103
63091,0.9996855,0.00031450423
25895,0.65862775,0.34137222
60485,0.24471353,0.75528646
53494,0.73775023,0.2622498
40464,0.016572602,0.9834274
30450,0.0012274975,0.99877244
772,0.3622576,0.63774234
50168,0.933489,0.066511
1167,0.6093997,0.39060032
65166,0.7783376,0.22166245
29630,0.034103032,0.9658969
21354,0.015795914,0.9842041
47940,0.80521923,0.19478075
63905,0.1591093,0.8408907
9393,0.1127878,0.88721216
57690,0.99981564,0.00018439488
21970,0.41647157,0.5835284
46154,0.6826944,0.31730562
59444,0.3318582,0.66814184
18781,0.0005859743,0.9994141
39133,0.0013598624,0.9986401
2957,0.0009532056,0.99904674
34198,0.6401426,0.35985744
40725,0.022278989,0.97772104
7591,0.2648762,0.7351238
37678,0.005073902,0.9949261
24798,0.18039969,0.81960034
8249,0.6875022,0.3124978
50904,0.9008838,0.099116206
54319,0.9463242,0.053675793
61079,0.7853051,0.21469489
14542,0.79523623,0.20476384
6995,0.8433527,0.15664737
27075,0.0009047587,0.9990952
39021,0.010995869,0.9890041
47789,0.7975863,0.20241371
17190,0.0013507091,0.9986493
23987,0.0083120195,0.99168795
41784,0.06653496,0.93346506
13304,0.4804066,0.5195934
6123,0.7829181,0.2170819
14891,0.47713083,0.52286917
35146,0.42469862,0.5753014
46752,0.9517995,0.04820049
25499,0.022930851,0.9770692
7542,0.17544514,0.82455486
5864,0.8787697,0.121230274
18460,0.002711361,0.9972887
58440,0.97037977,0.029620245
24685,0.0035545556,0.9964455
1686,0.13555157,0.8644485
43437,0.84350616,0.15649384
30871,0.06390191,0.9360981
55029,0.8402685,0.15973149
56418,0.79284984,0.20715018
36120,0.041815605,0.95818436
59112,0.30271715,0.69728285
13388,0.0047182534,0.99528176
13932,0.017796688,0.98220336
54433,0.9112775,0.08872258
61650,0.9391583,0.060841653
20791,0.6251956,0.37480438
32586,0.14777005,0.85223
16905,0.006641798,0.9933582
7425,0.22717574,0.7728243
45695,0.77514523,0.2248547
42152,0.024480112,0.9755199
56021,0.92798257,0.07201741
12095,0.2720253,0.7279747
999,0.66109955,0.33890048
21267,0.30627567,0.6937244
35380,0.7035429,0.2964571
34122,0.51650023,0.48349977
17766,0.0035411417,0.9964588
26005,0.009819326,0.99018073
1170,0.37786448,0.6221355
38925,0.026882444,0.97311753
55750,0.16253263,0.8374673
38649,0.03687437,0.9631257
11077,0.045604933,0.9543951
38353,0.04276947,0.9572305
7373,0.47927555,0.5207244
62204,0.99720013,0.0027998805
18300,0.19232172,0.8076783
57716,0.9382994,0.061700564
57590,0.9997428,0.0002572244
1580,0.7151482,0.2848518
19628,0.005054799,0.9949452
24186,0.0016526937,0.9983473
26946,0.4622623,0.53773767
41494,0.527865,0.47213495
31112,0.2565928,0.7434072
37152,0.20147215,0.7985279
33471,0.20902061,0.7909794
8595,0.5513639,0.4486361
32477,0.3694821,0.6305179
17000,0.0022041227,0.99779594
17128,0.0044921297,0.99550784
25700,0.2499172,0.7500828
59241,0.50409913,0.4959009
4919,0.83292013,0.16707988
36259,0.3461584,0.6538417
27094,0.0065862513,0.99341375
32050,0.16183172,0.8381683
26544,0.6282736,0.3717264
21873,0.10552556,0.8944745
27028,0.28239438,0.7176056
17100,0.00068604265,0.99931395
64321,0.83764863,0.16235135
50283,0.9670104,0.032989595
11003,0.4346607,0.5653393
54722,0.86337763,0.13662243
28416,0.002898919,0.997101
39935,0.002182197,0.99781775
45062,0.8939227,0.10607733
27853,0.0057680453,0.9942319
15266,0.0013029415,0.9986971
52106,0.5387864,0.4612136
33125,0.4245443,0.5754557
60408,0.20223318,0.79776686
3530,0.9057268,0.09427315
41356,0.020541957,0.9794581
3146,0.940808,0.059191983
62215,0.94969213,0.050307896
54180,0.56614447,0.4338555
50698,0.7840384,0.21596159
5937,0.32942644,0.67057353
2999,0.41361552,0.5863845
18710,0.00087329035,0.99912673
7998,0.1849665,0.81503344
28789,0.35351577,0.64648426
22334,0.008061297,0.99193865
44939,0.89246255,0.10753747
58965,0.4668773,0.53312266
630,0.020393664,0.97960633
35598,0.5048534,0.49514654
14981,0.0011235869,0.9988764
23605,0.012085734,0.98791426
5674,0.4966968,0.50330323
50110,0.37670103,0.62329894
47021,0.77587456,0.22412549
9738,0.4404139,0.5595861
52340,0.9042783,0.09572175
33367,0.1542776,0.8457224
20368,0.60045445,0.39954555
32474,0.10462554,0.89537454
26657,0.0026791324,0.99732083
30497,0.0025109213,0.9974891
41105,0.03173512,0.9682648
37624,0.54035866,0.4596413
45666,0.9580851,0.041914854
44799,0.8446865,0.1553135
49104,0.91806984,0.08193014
42838,0.8274141,0.17258589
8939,0.8850385,0.114961535
63064,0.67684066,0.32315934
31904,0.28362015,0.7163798
31238,0.10212762,0.8978724
29963,0.27911347,0.7208866
3830,0.024323968,0.97567606
38690,0.0068638264,0.99313617
36816,0.13675596,0.863244
32547,0.14395133,0.85604864
14697,0.24024026,0.7597597
22262,0.0016112523,0.99838877
2372,0.60059863,0.39940134
40149,0.0019721892,0.99802774
23844,0.0032984067,0.99670154
19508,0.009231072,0.99076897
25390,0.0005851146,0.9994149
21505,0.56636184,0.43363822
2809,0.7024252,0.29757485
65183,0.7839615,0.21603855
36522,0.041609798,0.9583902
2655,0.89721245,0.102787554
28367,0.02218491,0.9778151
29812,0.06929061,0.93070936
13351,0.031493913,0.9685061
38801,0.0043521626,0.99564785
52887,0.7841809,0.21581914
31600,0.11203853,0.88796145
29213,0.16762519,0.83237475
12372,0.012170138,0.9878299
42326,0.06525289,0.93474716
40492,0.0016531298,0.9983469
17515,0.0057327463,0.9942673
6105,0.9623094,0.037690535
13452,0.11159168,0.8884083
29961,0.010359701,0.9896403
47329,0.93500054,0.064999424
37497,0.046271034,0.953729
22934,0.001383659,0.99861634
25990,0.1064609,0.89353913
42291,0.8197133,0.1802867
1806,0.5823536,0.41764644
36123,0.0040677823,0.9959323
3077,0.8634897,0.13651028
425,0.414454,0.585546
829,0.39883438,0.60116565
29429,0.0043856623,0.9956143
37729,0.0250625,0.9749375
57780,0.98634595,0.013653996
57993,0.9781149,0.021885099
53437,0.36247182,0.6375281
18585,0.00051982066,0.9994802
47485,0.9482535,0.0517465
7323,0.09352221,0.9064778
20842,0.31376228,0.6862377
28749,0.0015689834,0.998431
13474,0.59050775,0.40949228
44824,0.8094224,0.19057761
23115,0.017687859,0.98231214
61251,0.91278327,0.08721675
31444,0.4527049,0.5472951
49795,0.8765948,0.12340521
26556,0.35420787,0.64579207
48107,0.856731,0.14326905
38637,0.04336944,0.9566305
41172,0.09640638,0.9035936
54438,0.8002606,0.19973934
314,0.3737402,0.62625974
3759,0.4050223,0.59497774
62939,0.8174263,0.18257363
40096,0.00082365796,0.9991763
23799,0.07096935,0.92903066
53192,0.36115846,0.63884157
28721,0.020432036,0.979568
59061,0.025875272,0.9741247
23289,0.0058729113,0.99412704
39510,0.15240128,0.8475987
7841,0.24641936,0.75358063
61705,0.9974832,0.0025168785
44186,0.836098,0.16390201
43026,0.035049114,0.9649509
18613,0.00019866324,0.99980134
54582,0.60409397,0.395906
11709,0.3196578,0.68034214
50019,0.75883156,0.24116848
5959,0.7822219,0.21777807
47321,0.8427645,0.15723553
22504,0.004761297,0.99523866
48433,0.5719306,0.42806935
37788,0.0030786903,0.9969213
42986,0.33430895,0.665691
31610,0.23433714,0.7656629
22913,0.0018833212,0.99811673
12945,0.038180687,0.9618193
34571,0.6507848,0.34921518
25281,0.022420783,0.9775792
6599,0.72774917,0.27225083
37291,0.02930075,0.97069925
27416,0.073103756,0.9268962
29769,0.0030529841,0.996947
41774,0.00993382,0.9900662
40826,0.013976678,0.9860233
57391,0.93958694,0.06041299
25949,0.012935186,0.98706484
61160,0.9001745,0.09982555
60507,0.194858,0.80514205
51138,0.9785947,0.021405308
63714,0.29017156,0.70982844
22112,0.17566396,0.824336
50753,0.9794687,0.020531232
53082,0.83640045,0.16359952
44699,0.9379049,0.06209517
7555,0.053689484,0.94631046
21639,0.0068195737,0.9931804
25138,0.07438043,0.9256196
665,0.12837799,0.871622
60270,0.2873162,0.71268386
5901,0.7597891,0.24021095
64444,0.82749015,0.17250982
11750,0.19039604,0.809604
32954,0.14731371,0.8526862
60876,0.8770624,0.122937635
15220,0.017154016,0.98284596
50466,0.84973633,0.15026371
21883,0.014199834,0.98580015
21874,0.0016879244,0.9983121
15865,0.007583669,0.99241626
43818,0.92699844,0.07300159
27602,0.0075646336,0.9924354
20761,0.3880681,0.61193186
5524,0.6033814,0.39661855
52252,0.77255446,0.22744551
47654,0.940809,0.059190985
62039,0.85796815,0.14203177
82,0.3843909,0.61560917
4428,0.92804086,0.07195906
26255,0.008588067,0.9914119
1988,0.34638885,0.6536112
5591,0.63103175,0.36896822
43273,0.7814987,0.2185014
22612,0.19752899,0.802471
50343,0.88870704,0.11129293
23273,0.0013515566,0.99864846
24773,0.54713565,0.45286435
62308,0.9651107,0.03488928
60646,0.39312983,0.60687023
49419,0.7234096,0.27659035
6500,0.60809046,0.39190954
31504,0.12968741,0.8703126
20070,0.00279981,0.99720025
47852,0.8665945,0.13340546
50548,0.96577936,0.034220625
39358,0.004911909,0.99508816
22680,0.007264521,0.9927355
2022,0.97205466,0.027945304
55424,0.6901908,0.3098092
35586,0.7604291,0.2395709
10046,0.46075165,0.53924835
15446,0.41857746,0.5814225
17359,0.001069751,0.9989303
61858,0.37273458,0.6272654
11443,0.6528156,0.3471844
7550,0.37522912,0.62477094
42731,0.03992179,0.9600782
53425,0.62667197,0.37332803
37195,0.0039080484,0.9960919
63620,0.8186306,0.18136944
30251,0.0148749575,0.98512506
21527,0.021929272,0.9780707
17982,0.024744285,0.97525567
49949,0.7820783,0.21792173
44503,0.94051516,0.059484884
26604,0.19114211,0.80885786
45740,0.91225517,0.08774477
23054,0.010255909,0.9897441
22666,0.21580859,0.7841914
58998,0.5679334,0.43206665
35798,0.5144218,0.48557818
39897,0.0013903732,0.99860954
28022,0.006348128,0.99365187
3035,0.6823811,0.31761885
51501,0.4927278,0.5072722
62941,0.5875239,0.41247618
3732,0.23849487,0.7615051
55059,0.20126677,0.79873323
48182,0.9019737,0.098026276
20060,0.0003040217,0.999696
14289,0.0062587387,0.9937412
53158,0.40856013,0.59143984
20992,0.15065025,0.84934974
34175,0.22146873,0.77853125
48631,0.76432395,0.23567602
35100,0.7673615,0.23263851
40791,0.060396336,0.9396037
22812,0.019959448,0.98004055
53254,0.79118186,0.20881814
44110,0.5957143,0.4042857
41502,0.11899343,0.88100654
54560,0.86344624,0.13655382
21988,0.10815159,0.8918484
30846,0.048342,0.95165795
29348,0.052470393,0.94752955
39997,0.008952776,0.9910472
39070,0.40531123,0.5946888
34524,0.11828193,0.88171804
20090,0.0017564662,0.9982436
43568,0.9691199,0.030880122
17992,0.024572812,0.97542715
7175,0.89674145,0.10325861
60359,0.385518,0.614482
36766,0.07191598,0.928084
54719,0.89958835,0.10041166
39052,0.040122163,0.9598779
45100,0.39553902,0.604461
50844,0.85141665,0.14858337
20337,0.01723545,0.98276454
49398,0.46285418,0.53714585
50313,0.56780875,0.43219128
6677,0.60618633,0.3938137
62417,0.7682225,0.23177749
18256,0.000539375,0.99946064
5670,0.6523657,0.34763432
29756,0.011326124,0.98867387
44352,0.81762856,0.18237148
63684,0.3616284,0.63837165
18183,0.032174136,0.96782583
20122,0.0010887282,0.99891126
3366,0.584537,0.41546297
14037,0.0050470084,0.99495304
7906,0.0788494,0.92115057
3257,0.045419116,0.9545809
34429,0.75067353,0.24932645
10431,0.5037271,0.49627292
7692,0.20705257,0.7929474
30463,0.012308431,0.9876916
25108,0.0043812096,0.99561876
28610,0.0875581,0.91244197
18973,0.001733485,0.9982665
7711,0.6901748,0.30982518
8702,0.53451693,0.46548304
63928,0.65639514,0.34360483
12760,0.8561539,0.14384614
405,0.27731466,0.7226853
28117,0.03331341,0.96668667
11961,0.89046067,0.10953926
59148,0.5258443,0.4741557
39753,0.061354186,0.9386458
33981,0.23217106,0.76782894
11791,0.0018752918,0.99812466
33147,0.1920089,0.8079911
44766,0.9083021,0.09169783
9366,0.45023265,0.5497674
43767,0.21920146,0.7807986
42393,0.0005457638,0.9994542
8256,0.054208294,0.9457917
39191,0.0009287281,0.99907124
4316,0.599013,0.400987
3105,0.6740101,0.32598993
45645,0.9520696,0.04793036
46373,0.9170299,0.08297007
37192,0.71869266,0.28130737
19608,0.0012688924,0.9987311
22308,0.006095646,0.9939043
37279,0.0020247058,0.9979753
47811,0.92310655,0.07689348
50694,0.96847826,0.031521782
23957,0.040006075,0.9599939
40213,0.28314468,0.71685535
50384,0.7977772,0.20222285
44144,0.59340984,0.40659016
27531,0.54760396,0.452396
4270,0.05346302,0.94653696
46328,0.92131203,0.0786879
41089,0.0049065463,0.99509346
39129,0.11510175,0.88489825
37858,0.04365344,0.9563465
56491,0.8805635,0.11943648
43663,0.85238135,0.14761865
29458,0.00056138274,0.9994386
25835,0.016449288,0.9835507
33697,0.36107033,0.63892967
12106,0.013609181,0.9863908
48859,0.55451274,0.4454872
23568,0.017957108,0.98204285
20047,0.00064913405,0.99935085
36187,0.005281259,0.9947187
51884,0.12030504,0.87969494
1135,0.42371753,0.57628244
31323,0.095300734,0.9046993
55457,0.15183198,0.848168
19805,0.0043159174,0.99568415
55071,0.8338627,0.16613732
4915,0.67938703,0.3206129
15176,0.19460717,0.80539286
10725,0.7562969,0.24370317
22228,0.05374228,0.94625777
17502,0.001378421,0.9986216
54952,0.38426143,0.6157386
50183,0.9434319,0.056568123
39531,0.016301433,0.9836986
11958,0.015709644,0.9842904
46774,0.83197594,0.16802405
20094,0.0005141838,0.99948573
8828,0.70039564,0.2996043
9524,0.660993,0.33900705
31572,0.14668258,0.85331744
15245,0.30485573,0.6951443
58163,0.9940749,0.0059251795
8535,0.012111866,0.98788816
7727,0.5780187,0.4219813
32308,0.26297635,0.7370236
31843,0.21199006,0.78800994
38592,0.15405412,0.84594595
19574,0.0003651226,0.99963486
17640,0.0010241708,0.9989759
44731,0.9485654,0.05143461
34240,0.3678071,0.6321929
39456,0.18876062,0.8112394
20180,0.00045165434,0.9995484
39355,0.22805874,0.7719413
24823,0.057411734,0.9425883
35731,0.23679043,0.7632096
10472,0.04922167,0.95077837
44816,0.8727098,0.12729022
7285,0.19335476,0.8066452
58552,0.9557085,0.044291485
11657,0.4614797,0.5385203
15815,0.0046124193,0.9953876
49563,0.8847296,0.11527039
15381,0.36987478,0.6301253
23740,0.020088349,0.9799116
4432,0.82726693,0.17273313
2338,0.78324133,0.21675865
32853,0.2597699,0.7402301
3711,0.06444253,0.9355575
6168,0.64504564,0.35495433
55743,0.6012799,0.39872012
16321,0.00037655263,0.9996234
53258,0.93750143,0.062498588
38380,0.04296751,0.9570325
23188,0.0009262737,0.99907374
29774,0.16750593,0.8324941
11339,0.024897102,0.97510284
3632,0.21410027,0.7858997
658,0.036556844,0.96344316
51324,0.30706757,0.6929324
38670,0.0076217907,0.99237823
15954,0.013336797,0.9866632
53231,0.68807673,0.31192327
38523,0.027609712,0.9723903
41127,0.09003082,0.90996915
45899,0.90572816,0.09427186
18121,0.003784994,0.99621505
4330,0.0027423592,0.99725765
47226,0.9271557,0.07284431
15016,0.0020888818,0.99791116
40627,0.06968315,0.9303169
62349,0.42940703,0.570593
1081,0.5723574,0.42764258
45862,0.6147414,0.38525862
50881,0.8648301,0.13516986
5309,0.8106972,0.18930277
8448,0.5074124,0.4925877
41693,0.86370814,0.13629182
26757,0.6176913,0.38230875
60558,0.21499945,0.78500056
14979,0.018343972,0.981656
51994,0.7735731,0.22642687
35159,0.6828629,0.31713712
27741,0.004297713,0.9957023
595,0.06993097,0.930069
32966,0.33038422,0.6696158
4230,0.076085255,0.92391473
8954,0.92226166,0.077738285
27002,0.17318553,0.8268145
47014,0.69801235,0.30198762
19142,0.11165045,0.88834953
11915,0.11565613,0.88434386
54982,0.90935266,0.09064741
44276,0.8893834,0.11061667
48588,0.48707134,0.51292866
26838,0.0038189795,0.996181
59122,0.54864997,0.45134997
44212,0.43664905,0.563351
23218,0.3079372,0.6920628
15039,0.7510714,0.24892867
64168,0.44849858,0.55150145
44647,0.8388015,0.16119847
45711,0.22933166,0.7706684
36712,0.008268504,0.99173146
12900,0.11204924,0.8879508
994,0.5949477,0.40505233
61159,0.58624846,0.41375157
30395,0.004310221,0.9956898
1616,0.84391373,0.15608624
40701,0.0037566805,0.99624336
17286,0.012147056,0.98785293
9561,0.004202577,0.9957974
43780,0.8666934,0.13330662
15629,0.007588035,0.9924119
25533,0.014170482,0.98582953
12916,0.01249982,0.98750025
64428,0.8092782,0.19072182
23375,0.28659767,0.71340233
50590,0.9748863,0.025113652
19065,0.001336723,0.9986633
55496,0.74144006,0.25856
13649,0.5835843,0.41641566
62681,0.8113022,0.18869786
36248,0.47136512,0.52863485
40596,0.024599671,0.9754004
6998,0.84957737,0.15042259
13077,0.096580446,0.9034195
40452,0.015031091,0.9849689
1465,0.6006272,0.39937282
2930,0.75316167,0.24683835
43250,0.21948828,0.7805117
51989,0.72338104,0.27661896
39955,0.03362333,0.9663767
19046,0.005093542,0.9949065
6621,0.5626961,0.43730387
49962,0.69312304,0.306877
64118,0.94210654,0.057893503
56210,0.9937948,0.0062051695
22067,0.4026421,0.59735787
33385,0.19593577,0.8040642
14688,0.012135126,0.9878649
25865,0.018236341,0.98176366
45752,0.5285572,0.47144288
65138,0.86291295,0.13708706
33944,0.334841,0.665159
11744,0.6160715,0.38392848
9740,0.5515105,0.4484895
56338,0.9136822,0.08631772
37386,0.00064257893,0.9993574
33719,0.36786154,0.6321385
26233,0.036449913,0.96355003
23451,0.0057674604,0.9942325
27907,0.02393523,0.97606474
25038,0.13718808,0.8628119
65232,0.70913506,0.29086497
28835,0.033986803,0.96601313
9129,0.11848376,0.8815162
55855,0.6134785,0.38652146
4965,0.42256603,0.577434
7688,0.6068016,0.3931984
43936,0.7412984,0.2587016
24894,0.03750551,0.9624945
48337,0.6673113,0.3326887
27761,0.00470017,0.9952998
44311,0.6696922,0.3303078
11735,0.08325625,0.91674376
39423,0.007641505,0.9923585
19637,0.0004975627,0.9995024
1036,0.29522583,0.70477414
48466,0.67315733,0.32684267
51056,0.9168826,0.083117455
3491,0.17528771,0.8247123
41008,0.05572551,0.9442745
12300,0.004132108,0.99586797
23910,0.031545907,0.9684541
15094,0.2549319,0.74506813
53567,0.9189124,0.08108762
34335,0.34434462,0.6556553
46611,0.92269605,0.07730392
63337,0.6387728,0.36122718
14187,0.19474578,0.8052542
29267,0.22483422,0.77516574
47933,0.63722336,0.3627766
31002,0.01357404,0.986426
6750,0.002923565,0.9970764
14531,0.84051627,0.1594837
19336,0.003281554,0.99671847
5973,0.5255243,0.47447568
10921,0.19631796,0.803682
23066,0.01325393,0.98674613
14489,0.33199978,0.6680002
22513,0.02067574,0.9793243
5811,0.6840411,0.31595892
57270,0.7867261,0.21327391
63373,0.6823054,0.3176946
4808,0.6202747,0.37972525
15156,0.2286745,0.7713255
4583,0.3327325,0.6672675
64788,0.8339421,0.16605787
20715,0.24964628,0.75035375
64467,0.7964988,0.20350125
17169,0.0068229204,0.99317706
56383,0.9997389,0.00026117117
33906,0.20781635,0.7921837
14304,0.031386156,0.9686139
10074,0.4634937,0.5365063
4164,0.0020277763,0.9979722
1429,0.889687,0.11031294
8879,0.7843799,0.21562009
15151,0.3663523,0.63364774
40379,0.01946541,0.9805346
58546,0.89368176,0.106318206
55701,0.49383408,0.5061659
43136,0.09856913,0.9014309
44605,0.96127933,0.038720652
22089,0.0040522357,0.9959478
35782,0.092463635,0.9075363
33560,0.21260895,0.78739107
6896,0.915585,0.08441503
52889,0.50649023,0.49350974
34614,0.8470251,0.15297486
65159,0.7734815,0.22651845
6020,0.5533494,0.4466506
646,0.108215846,0.8917842
20006,0.00522909,0.99477094
36243,0.17782585,0.82217413
47339,0.89837635,0.10162364
32603,0.45332778,0.5466722
36818,0.0488175,0.95118254
26386,0.0014810679,0.9985189
560,0.021735733,0.9782642
15860,0.004879361,0.9951206
53402,0.9152173,0.08478272
62350,0.98352194,0.016478097
35940,0.06667834,0.93332165
48971,0.53593516,0.46406484
37205,0.28445458,0.7155454
32463,0.23740524,0.76259476
26037,0.010341858,0.9896582
32856,0.3670956,0.6329044
47833,0.82070565,0.17929432
29507,0.019354142,0.98064584
50291,0.903349,0.09665106
18689,0.0005402162,0.9994598
46771,0.8382503,0.16174969
17258,0.0005157464,0.9994842
32259,0.60419863,0.39580134
16472,0.00026466118,0.9997353
36167,0.016526354,0.9834736
36813,0.002408381,0.9975916
45675,0.9407705,0.05922949
64644,0.85953355,0.1404665
838,0.36814648,0.6318535
47823,0.64715946,0.35284057
34849,0.7698238,0.23017627
18813,0.0012727088,0.99872726
22981,0.017392697,0.9826073
29585,0.009573721,0.99042636
30771,0.0026723067,0.9973277
59790,0.49106345,0.5089366
2049,0.46163914,0.53836083
42337,0.0072537647,0.9927462
28627,0.27542642,0.7245736
45682,0.6815992,0.3184008
47418,0.8977099,0.10229012
33441,0.23473103,0.76526904
26547,0.59244096,0.40755904
43939,0.9695301,0.030469963
50946,0.43026042,0.56973964
11353,0.008175513,0.99182457
46084,0.86976135,0.13023871
35521,0.689157,0.31084293
12261,0.52067846,0.47932157
38607,0.27582812,0.7241718
22111,0.26222435,0.7377756
20301,0.002017848,0.99798214
33788,0.26752347,0.7324765
56055,0.87031627,0.1296837
49680,0.8976951,0.102304876
62714,0.9348312,0.06516876
43430,0.8677111,0.13228886
1479,0.36930847,0.63069147
1778,0.7851605,0.21483956
44656,0.92517585,0.0748242
42410,0.11368818,0.8863118
22712,0.01034835,0.9896516
17643,0.03476017,0.9652398
14711,0.0017901405,0.99820983
27277,0.0010462871,0.9989537
3968,0.099042274,0.9009577
40344,0.0012337215,0.9987663
16618,0.009478798,0.9905212
13131,0.0085746385,0.9914254
16990,0.0029381043,0.9970619
12352,0.013496962,0.986503
63938,0.9469372,0.053062808
40822,0.108273536,0.89172643
10876,0.12664925,0.87335074
42078,0.75872886,0.24127114
2205,0.78737456,0.21262544
7178,0.4690017,0.5309983
58003,0.96568155,0.03431845
40411,0.005896628,0.9941034
23470,0.0120345,0.9879655
15721,0.0039117234,0.99608827
19803,0.00035220062,0.99964774
21212,0.6679089,0.33209106
28257,0.008441156,0.9915589
22999,0.021461202,0.9785388
36016,0.19889717,0.8011028
2387,0.75308615,0.24691384
31932,0.07288084,0.9271192
3701,0.7328958,0.26710424
45429,0.8108421,0.18915795
34005,0.50014335,0.4998567
23318,0.0016132012,0.99838686
49424,0.8773998,0.122600205
19302,0.0058941743,0.9941058
64596,0.7383014,0.26169857
48276,0.45949763,0.5405023
46865,0.73915136,0.2608486
38087,0.0030667917,0.9969332
31199,0.01642553,0.9835745
64859,0.8215639,0.17843603
18939,0.0031759164,0.99682415
32988,0.38376448,0.6162355
1550,0.91145736,0.08854263
29731,0.078480825,0.9215192
61807,0.8355191,0.16448094
39803,0.0028000774,0.9971999
37463,0.0025609364,0.997439
22304,0.032944884,0.9670551
64984,0.8713439,0.12865612
48244,0.82593656,0.17406343
5660,0.82046235,0.17953765
34139,0.1924153,0.80758476
12707,0.4837383,0.5162617
3505,0.03194088,0.9680591
25851,0.27753553,0.7224645
46493,0.7606274,0.23937264
64971,0.42570156,0.5742985
25840,0.046703715,0.9532963
575,0.37680778,0.62319225
17332,0.006861587,0.9931384
65223,0.82486063,0.17513941
2806,0.8131392,0.18686081
51306,0.7757255,0.22427449
55849,0.86691815,0.13308185
53715,0.6928221,0.30717793
54519,0.77243465,0.22756538
20087,0.0007475626,0.9992524
17156,0.021509467,0.97849053
29893,0.0123209935,0.98767906
4790,0.9390467,0.06095336
27347,0.0007053956,0.99929464
55977,0.9585478,0.041452188
34630,0.68901277,0.31098723
22509,0.040550448,0.9594496
45199,0.9174639,0.08253612
6931,0.23589268,0.76410735
49091,0.4070038,0.59299624
4870,0.7589158,0.24108422
8191,0.53985214,0.46014786
56751,0.98200953,0.017990462
14128,0.095714554,0.9042855
52523,0.44200614,0.5579938
15178,0.7224066,0.27759337
30725,0.014135798,0.9858642
10992,0.38273048,0.6172695
28008,0.0020961473,0.9979038
5998,0.37338185,0.6266181
34916,0.760683,0.23931699
47116,0.77746737,0.22253263
7859,0.75271446,0.2472856
63488,0.8969277,0.10307225
54362,0.7396895,0.26031047
31185,0.0040447144,0.99595535
22224,0.004453922,0.9955461
19548,0.0017862133,0.99821377
31527,0.08160563,0.9183944
7167,0.11543551,0.88456446
62119,0.81685054,0.18314952
26685,0.034909166,0.9650908
65135,0.82970124,0.1702988
9828,0.22115579,0.77884424
60772,0.386295,0.613705
13227,0.6885008,0.31149918
45366,0.8369002,0.16309984
48822,0.90665,0.09334997
48987,0.9598627,0.04013723
62446,0.78664786,0.21335219
32280,0.49838307,0.5016169
21454,0.002486732,0.9975133
5314,0.8777134,0.12228664
24577,0.03538434,0.96461564
17439,0.012592986,0.987407
13848,0.521627,0.47837302
10654,0.03950395,0.960496
9458,0.61866885,0.38133118
21624,0.06523987,0.9347601
40322,0.007704078,0.9922959
38130,0.0026936452,0.99730635
260,0.44502643,0.55497354
16338,0.011139691,0.9888603
55495,0.9086718,0.091328174
46283,0.9496331,0.050366882
43685,0.9011711,0.09882889
48763,0.7932622,0.20673782
38662,0.022818083,0.97718185
28571,0.34005928,0.6599407
43293,0.3865359,0.6134641
44742,0.93808234,0.06191764
20467,0.23152655,0.7684734
8062,0.91709936,0.082900584
52825,0.6616415,0.33835855
55725,0.7166946,0.28330535
12904,0.1561195,0.84388053
49609,0.9674268,0.032573227
18105,0.0032599927,0.99674004
509,0.7502859,0.2497141
14472,0.81043714,0.18956289
53196,0.87964964,0.1203504
40895,0.0021711015,0.9978289
55470,0.53699917,0.4630008
25519,0.010163252,0.98983675
65098,0.8674458,0.13255417
11170,0.010360644,0.9896394
15780,0.016880061,0.98311996
13634,0.27296928,0.7270307
5956,0.124900214,0.8750997
36529,0.002870503,0.9971295
21568,0.088479504,0.9115205
40662,0.03983271,0.9601673
56405,0.91110605,0.08889395
39561,0.011178664,0.98882127
57552,0.9998318,0.00016812707
25538,0.008092348,0.9919077
10016,0.006246046,0.99375397
45029,0.9358062,0.0641938
22903,0.0020091515,0.99799085
17923,0.016261663,0.9837383
22416,0.0018677813,0.9981323
13654,0.5368038,0.4631962
39310,0.10655769,0.8934423
44060,0.8100744,0.18992563
58665,0.90924865,0.09075134
43830,0.8535262,0.14647387
19369,0.0071980665,0.9928019
31811,0.07020577,0.9297942
12686,0.28787085,0.7121292
46473,0.9003046,0.09969534
56221,0.95300454,0.046995472
151,0.03611913,0.9638809
8619,0.65719146,0.34280854
26194,0.000990789,0.99900913
44425,0.7833074,0.21669264
57069,0.9848475,0.015152509
16764,0.0068794726,0.99312055
27310,0.00401563,0.99598444
39342,0.27060804,0.729392
26804,0.43144807,0.56855196
38019,0.001330436,0.9986696
47751,0.8103436,0.18965638
5989,0.7184652,0.28153476
35941,0.03849342,0.96150655
15149,0.5760329,0.42396706
25754,0.42937127,0.5706287
61171,0.39135277,0.6086472
53439,0.66229534,0.3377047
63323,0.3377178,0.66228217
25460,0.0047985613,0.99520147
56493,0.88150847,0.11849157
21672,0.12846138,0.87153864
22103,0.017858002,0.982142
4263,0.61192805,0.388072
23760,0.029201547,0.97079843
37345,0.029373964,0.970626
16267,0.18115442,0.81884557
28729,0.055791937,0.9442081
4243,0.5985042,0.40149584
15682,0.13910948,0.86089057
41142,0.44773686,0.55226314
7414,0.037915833,0.9620842
37502,0.01971853,0.98028153
17791,0.0005014082,0.9994986
25867,0.015780894,0.98421913
47548,0.87159795,0.12840202
38421,0.10793886,0.8920612
21733,0.052377053,0.9476229
62229,0.8958133,0.10418666
36227,0.009452331,0.9905476
65030,0.43851238,0.5614876
49792,0.5632893,0.43671066
7202,0.8197437,0.18025626
24108,0.0009823692,0.9990176
16543,0.0018935341,0.9981065
17489,0.0078664515,0.9921335
32624,0.10574137,0.8942586
55912,0.9336935,0.06630648
16657,0.0023813534,0.9976186
25626,0.7561611,0.24383883
49361,0.92796063,0.072039396
63605,0.93823564,0.061764408
7525,0.59809035,0.40190962
33590,0.42156905,0.57843095
46361,0.9746148,0.02538518
61120,0.8163901,0.18360992
9058,0.19283713,0.8071629
4003,0.14748709,0.85251296
49179,0.92264664,0.07735343
42497,0.050961595,0.9490384
27176,0.092167005,0.907833
39919,0.01907037,0.9809296
27201,0.35634947,0.64365053
30323,0.6879158,0.31208414
51489,0.8530292,0.14697082
49815,0.41189134,0.58810866
33189,0.29948065,0.7005194
63292,0.30998966,0.69001037
60521,0.5787753,0.42122474
24598,0.0020287647,0.99797124
46102,0.7578807,0.24211928
4299,0.2551552,0.7448448
12323,0.7716998,0.22830026
42396,0.0050552594,0.99494475
3203,0.427621,0.572379
53912,0.8360918,0.16390815
56382,0.9997156,0.0002843265
39608,0.0001891838,0.9998109
50055,0.88467574,0.11532423
26200,0.013686575,0.98631346
13014,0.6168759,0.38312408
24295,0.0029213005,0.9970788
29488,0.0017052963,0.9982948
61333,0.88074875,0.11925119
24624,0.022958066,0.9770419
62975,0.9201526,0.07984736
43349,0.6739856,0.3260144
15452,0.1688741,0.83112586
55776,0.65968865,0.34031135
37175,0.60139114,0.39860883
13583,0.29366788,0.70633215
28128,0.044639815,0.9553602
1868,0.4890611,0.51093894
33780,0.35519403,0.6448059
10679,0.04705452,0.95294553
61121,0.99209046,0.007909514
13489,0.054256387,0.9457436
33598,0.49877137,0.50122863
26249,0.023641203,0.9763588
29359,0.3456148,0.65438515
983,0.5908647,0.40913525
53080,0.5567989,0.44320115
57566,0.9998305,0.00016943707
58799,0.7409288,0.25907114
50725,0.63262135,0.36737862
42606,0.055247176,0.9447529
15714,0.036350258,0.9636498
62080,0.88074875,0.11925119
13587,0.058363605,0.9416364
60504,0.39260525,0.60739475
41896,0.7693981,0.23060192
27451,0.037562877,0.96243715
29942,0.23675893,0.7632411
14031,0.22013296,0.77986705
61249,0.7094354,0.29056466
56294,0.90328926,0.096710704
50299,0.6585344,0.3414656
25618,0.1593578,0.8406422
33948,0.4451059,0.5548941
21740,0.2025993,0.7974008
55928,0.94489247,0.05510755
20743,0.52252513,0.47747487
6079,0.09290826,0.9070917
12139,0.31946412,0.6805359
60490,0.4684432,0.5315568
20981,0.0929121,0.90708786
40477,0.0015349443,0.99846506
11434,0.09057803,0.9094219
9186,0.53917253,0.4608275
26904,0.004737138,0.99526286
10170,0.7651544,0.23484565
57289,0.92221034,0.077789634
1189,0.24320208,0.75679785
58980,0.5469326,0.4530674
23778,0.04022137,0.9597786
30676,0.017078955,0.98292106
6162,0.7069121,0.29308787
54761,0.90361005,0.09638999
38061,0.003072631,0.9969273
49380,0.742298,0.257702
48815,0.9615063,0.03849372
62911,0.7623426,0.23765741
39188,0.001150071,0.99884987
21875,0.017776236,0.9822237
5652,0.27331322,0.7266867
47180,0.9459979,0.05400208
12239,0.18362516,0.81637484
48826,0.6843969,0.31560308
23087,0.0033580048,0.996642
44134,0.61465746,0.38534248
4787,0.6971334,0.30286658
27486,0.03219758,0.96780246
55093,0.75443864,0.24556139
19301,0.0055979625,0.9944021
12305,0.59410423,0.40589574
64356,0.8318193,0.16818072
33997,0.37625042,0.6237496
64776,0.74407905,0.25592095
28524,0.061921496,0.9380786
14051,0.0018481639,0.99815184
50251,0.96664953,0.03335045
47999,0.47374922,0.5262508
53530,0.80245554,0.19754447
39489,0.08802991,0.9119701
64332,0.8593841,0.14061585
21638,0.0011556332,0.9988444
30867,0.43099424,0.5690057
37603,0.16571084,0.83428913
7808,0.013339022,0.98666096
49308,0.9449986,0.055001345
61250,0.98238784,0.017612144
32723,0.3774096,0.6225904
41505,0.09271757,0.9072824
49733,0.89833796,0.101662084
1231,0.34134063,0.6586594
28782,0.40582186,0.59417814
12806,0.38731015,0.61268985
31649,0.09838083,0.9016192
33568,0.2727958,0.7272042
56954,0.9198959,0.08010412
44150,0.8453572,0.15464278
6129,0.06587412,0.93412584
6521,0.9446901,0.05530997
37252,0.4631209,0.53687906
27377,0.04281911,0.9571809
19303,0.009646394,0.9903536
58115,0.79264134,0.20735864
64379,0.8678124,0.13218763
52613,0.3721611,0.62783885
36317,0.009061471,0.99093854
56639,0.9526037,0.04739637
29485,0.0034648818,0.99653506
17274,0.006418556,0.9935814
11972,0.013957207,0.9860428
62168,0.95867294,0.04132705
4952,0.1858195,0.81418055
9079,0.7335362,0.26646388
49286,0.68146706,0.3185329
50310,0.9170464,0.08295361
48527,0.72823685,0.2717631
39137,0.00045926895,0.9995408
25295,0.015732497,0.98426753
22453,0.0006661275,0.9993338
18894,0.0031626448,0.9968374
28843,0.21438456,0.7856154
3397,0.1097935,0.89020646
46965,0.895613,0.10438702
48673,0.83269674,0.16730322
47080,0.7999913,0.20000875
20382,0.55451816,0.4454818
35491,0.77224547,0.22775456
49548,0.8762803,0.12371964
11888,0.011635049,0.98836493
64258,0.8660555,0.13394454
5345,0.88505924,0.11494079
2885,0.6293551,0.37064496
22708,0.005359205,0.9946408
10754,0.8154941,0.18450585
5602,0.521069,0.478931
47718,0.739127,0.26087296
36530,0.0062011313,0.9937989
37597,0.0026804975,0.9973195
4332,0.6131776,0.38682237
24428,0.007971292,0.9920288
3410,0.47242704,0.527573
57340,0.998982,0.0010179739
33284,0.49540922,0.5045908
13780,0.060674105,0.9393259
29991,0.023244642,0.9767553
17430,0.0056389184,0.99436104
43144,0.011362374,0.9886376
31363,0.12387188,0.87612814
41340,0.022156628,0.97784334
52234,0.76974744,0.23025256
7949,0.801503,0.19849698
59990,0.8338402,0.16615981
51307,0.3340484,0.66595167
39990,0.009778924,0.990221
31611,0.21332777,0.78667223
19042,0.01247389,0.9875261
28309,0.25311983,0.7468801
52259,0.88283193,0.11716812
43931,0.8370703,0.1629297
55688,0.80423385,0.19576615
34365,0.3118112,0.6881888
2548,0.8350331,0.16496694
15979,0.0013600133,0.99864
6152,0.29665563,0.7033444
35936,0.068860784,0.93113923
29224,0.24236232,0.7576376
13829,0.4839296,0.51607037
32307,0.1369095,0.8630905
62344,0.75067353,0.24932645
28762,0.099326916,0.9006731
2088,0.6270311,0.3729689
60156,0.6497748,0.3502252
63934,0.9316805,0.06831952
47869,0.93130004,0.06869992
61461,0.9384579,0.061542094
13326,0.030864267,0.9691357
37872,0.20956002,0.79043996
61690,0.76189315,0.23810685
40702,0.027253523,0.9727465
5786,0.45809272,0.54190725
36972,0.15002273,0.84997725
48220,0.79506874,0.20493127
29216,0.05997056,0.9400294
15846,0.0027192247,0.9972807
16698,0.011528703,0.98847127
23127,0.00093745487,0.9990626
4826,0.71618515,0.28381482
38194,0.0015172247,0.99848276
35848,0.15567806,0.84432197
52047,0.8102008,0.18979914
33052,0.2163848,0.78361523
45213,0.8891448,0.110855214
45002,0.9717349,0.02826515
48853,0.9468379,0.053162076
49611,0.9739959,0.026004035
5791,0.74881184,0.2511882
20468,0.34105363,0.6589464
38812,0.0040254476,0.9959746
40750,0.08788506,0.9121149
22047,0.4234588,0.5765412
41037,0.12829643,0.87170357
50141,0.9036875,0.09631254
2343,0.4865338,0.5134662
2642,0.70061094,0.2993891
38967,0.00868365,0.9913163
43998,0.762143,0.23785701
18752,0.00074497395,0.999255
24274,0.005731926,0.99426806
42102,0.024012592,0.97598743
55765,0.83380353,0.16619645
22837,0.0052162246,0.9947838
5785,0.55200166,0.44799834
14530,0.47066656,0.5293334
1131,0.30858368,0.6914163
22932,0.03090306,0.96909696
4685,0.6711916,0.3288084
53585,0.9553133,0.044686668
59851,0.84526205,0.15473796
29816,0.02228433,0.9777157
43517,0.81328565,0.18671438
7731,0.12898979,0.87101024
29842,0.012589227,0.9874107
56212,0.86705583,0.1329442
14865,0.39364427,0.6063557
45432,0.86586326,0.13413678
41387,0.007666941,0.99233305
61947,0.9129838,0.08701626
11840,0.008842013,0.99115795
31955,0.081423484,0.91857654
48238,0.86933947,0.13066046
27896,0.36106148,0.6389385
45004,0.9636918,0.0363083
61016,0.98748,0.012520007
39984,0.00805704,0.991943
41778,0.06739102,0.93260896
19438,0.00042773396,0.9995722
10917,0.6831103,0.3168897
13288,0.0029352962,0.99706465
50359,0.7625999,0.23740013
42242,0.0022464457,0.99775356
29176,0.015143595,0.9848564
17138,0.021936314,0.9780637
16649,0.00051654084,0.99948347
64986,0.7109252,0.28907478
50927,0.38536328,0.6146367
61327,0.8380365,0.1619635
7014,0.45010087,0.54989916
8925,0.68953705,0.31046292
37329,0.04024956,0.95975035
15107,0.40982378,0.5901762
9413,0.25074798,0.74925196
59538,0.073875934,0.9261241
49780,0.88231564,0.117684335
63780,0.67141956,0.3285804
34682,0.42175946,0.5782406
35863,0.034110915,0.96588916
39920,0.005257654,0.9947423
46353,0.8286285,0.17137149
9629,0.7992943,0.20070575
26229,0.027156522,0.9728434
27847,0.009837415,0.9901626
28249,0.16645391,0.8335461
59770,0.4810093,0.5189907
14507,0.22358207,0.7764179
8800,0.75789,0.24211
54347,0.544431,0.45556903
45679,0.88406324,0.11593679
22826,0.029306045,0.97069395
2002,0.049535364,0.95046467
14624,0.47594222,0.52405775
302,0.2876088,0.71239114
63383,0.1747469,0.8252531
16499,0.011276818,0.98872316
40719,0.076383725,0.9236163
14482,0.8371085,0.1628915
42766,0.38413015,0.6158698
3370,0.864969,0.13503096
1655,0.37970787,0.62029207
11771,0.662735,0.33726496
50482,0.9573663,0.042633712
60131,0.4735384,0.52646154
55383,0.94340104,0.056598935
43563,0.95500195,0.04499809
37505,0.14653789,0.85346216
64914,0.107256666,0.8927433
21158,0.11262321,0.8873768
26345,0.0035565558,0.99644345
63165,0.99593073,0.004069283
54922,0.5809009,0.4190991
37622,0.0021370305,0.997863
48036,0.13587798,0.86412203
24008,0.00039621303,0.9996038
39668,0.0028577652,0.99714226
45967,0.83836424,0.16163576
48479,0.6996902,0.30030975
50832,0.5507913,0.4492087
62053,0.63813484,0.36186516
34595,0.22283542,0.7771646
24995,0.002176811,0.99782324
55634,0.6439747,0.35602522
45705,0.7675387,0.2324613
32462,0.097873844,0.9021262
32783,0.2462024,0.7537976
29242,0.3746033,0.6253967
3504,0.019740202,0.98025984
32859,0.23320745,0.7667926
47761,0.38764095,0.6123591
58936,0.4198584,0.5801416
46246,0.8010739,0.19892614
53794,0.903266,0.096733995
41060,0.012881246,0.9871187
46618,0.7222565,0.27774355
63346,0.48707387,0.51292616
59706,0.10685459,0.89314544
48609,0.92907923,0.07092074
36175,0.13291608,0.86708397
9184,0.6124998,0.3875002
40673,0.01701902,0.98298097
57185,0.9851976,0.01480238
22875,0.0018600463,0.99814
15217,0.58985883,0.4101411
3213,0.8268139,0.17318615
32979,0.35505104,0.6449489
19919,0.00070107554,0.99929893
51442,0.78205514,0.21794488
33202,0.2911741,0.7088259
15139,0.21170408,0.78829587
18177,0.0087429285,0.9912571
59031,0.5997739,0.4002261
49522,0.5424009,0.4575991
30137,0.014119155,0.98588085
39719,0.0024355215,0.99756444
30343,0.30789524,0.6921047
64555,0.83397967,0.16602026
18301,0.14544082,0.85455924
53223,0.80616313,0.19383682
725,0.50847757,0.4915224
14835,0.085219674,0.9147803
31203,0.0065150666,0.9934849
28540,0.016232641,0.9837674
47643,0.75856906,0.24143091
431,0.04169415,0.95830584
45375,0.15525994,0.84474003
45955,0.93067694,0.069323026
7254,0.74315774,0.25684226
60933,0.99966156,0.00033842307
33578,0.33734494,0.6626551
59176,0.060483836,0.9395161
54846,0.28808072,0.71191925
770,0.16365531,0.83634466
9183,0.6879498,0.31205016
17224,0.11136578,0.88863426
10741,0.25303072,0.7469693
22529,0.009589895,0.9904101
45174,0.8485491,0.15145092
11481,0.0022464285,0.99775356
22435,0.0099109085,0.99008906
28004,0.04824896,0.95175105
50462,0.9486651,0.051334944
7113,0.695991,0.304009
25901,0.028154295,0.97184575
22915,0.008704697,0.99129534
28417,0.010231503,0.9897685
41388,0.0059330943,0.99406695
47471,0.915586,0.08441404
27591,0.17152387,0.8284761
9943,0.048295453,0.9517045
8328,0.03977409,0.9602259
25664,0.49195665,0.50804335
9046,0.4889057,0.5110943
19865,0.0001267449,0.9998733
18378,0.06520115,0.93479884
38005,0.08988639,0.9101136
43094,0.0026580428,0.99734193
18236,0.002738929,0.99726105
41756,0.016908119,0.9830919
33816,0.35282743,0.6471726
44176,0.860117,0.139883
3666,0.47698054,0.52301943
35633,0.6712906,0.32870948
55091,0.114829175,0.8851708
9642,0.26164562,0.7383544
61795,0.9651932,0.03480681
63791,0.8051788,0.19482118
22407,0.005437836,0.9945622
45076,0.9521408,0.047859184
30800,0.26009148,0.7399085
2649,0.5354178,0.46458223
34082,0.30717978,0.69282025
52925,0.5507484,0.4492516
16379,0.0017866249,0.9982134
33682,0.2662455,0.73375446
6928,0.3570162,0.6429838
24519,0.0014499561,0.99855
34193,0.8378721,0.16212794
37749,0.006986734,0.9930133
17594,0.0005828992,0.99941707
5162,0.33089086,0.66910917
23745,0.07759046,0.92240953
7927,0.012433114,0.9875668
11228,0.07005473,0.92994523
8238,0.8337189,0.16628103
35244,0.7857904,0.2142096
20287,0.00018294917,0.9998171
16704,0.0057582585,0.9942417
9921,0.94057506,0.0594249
13845,0.0024262802,0.9975737
10496,0.72197014,0.27802983
35132,0.8879116,0.11208843
4199,0.31969807,0.68030196
45781,0.71620023,0.28379977
29841,0.00422944,0.9957705
55810,0.8041145,0.19588546
10316,0.30834696,0.6916531
4359,0.046732474,0.95326746
48546,0.86448276,0.1355172
60092,0.89433867,0.10566132
5290,0.7073529,0.2926471
8376,0.17487039,0.82512957
12190,0.2389689,0.76103115
27370,0.064788625,0.9352113
12488,0.01694319,0.98305684
27415,0.02762541,0.9723746
3851,0.4560708,0.54392916
2635,0.85605097,0.14394897
24980,0.0115778595,0.9884221
56611,0.9303319,0.0696681
9443,0.05125993,0.94874007
58036,0.97846806,0.021531912
13149,0.042766128,0.95723385
24573,0.0794058,0.9205942
38585,0.015447482,0.9845525
43234,0.8398403,0.1601597
34327,0.23427892,0.7657211
22672,0.0072014746,0.99279845
21548,0.0070762103,0.99292374
61372,0.7431289,0.25687107
11163,0.42972228,0.57027775
3020,0.11602628,0.8839737
58660,0.30388698,0.696113
19529,0.0014593843,0.99854064
50081,0.829995,0.17000508
4327,0.537734,0.46226603
17242,0.009340209,0.9906598
25372,0.019253608,0.9807463
13291,0.02879202,0.971208
41927,0.009555878,0.9904441
12552,0.70774186,0.2922581
18636,0.0020580853,0.9979419
60771,0.43383235,0.56616765
4107,0.06610692,0.9338931
53029,0.39389563,0.6061044
9515,0.012693979,0.987306
20472,0.43955627,0.56044376
24350,0.000665618,0.9993344
58647,0.56101364,0.4389864
56316,0.91793424,0.082065776
6933,0.07816542,0.9218346
4282,0.32993323,0.6700668
57019,0.9734342,0.026565868
12145,0.19917466,0.80082536
13533,0.6555801,0.3444199
52788,0.58439785,0.41560215
1460,0.73012656,0.26987344
60701,0.34421614,0.65578383
14450,0.07020521,0.92979485
7291,0.62804425,0.37195575
14717,0.0021176292,0.9978823
24993,0.0064247563,0.9935753
16279,0.0019222192,0.99807775
47018,0.74538296,0.25461704
46119,0.6964919,0.30350807
42360,0.009070654,0.9909293
55963,0.99762267,0.0023773648
814,0.5688945,0.43110546
52753,0.41143483,0.5885651
60955,0.8542282,0.14577183
17877,0.003520035,0.9964799
54586,0.5219677,0.47803232
15563,0.014816887,0.9851832
8809,0.2754064,0.72459364
51095,0.9327934,0.06720667
1965,0.27755383,0.7224462
61837,0.8514059,0.14859402
4544,0.67126465,0.32873538
47575,0.7366051,0.26339486
25794,0.1262879,0.8737121
22129,0.00955088,0.99044913
2683,0.8633306,0.13666937
3553,0.13278529,0.86721474
54062,0.7342769,0.26572308
2815,0.5349034,0.46509662
30641,0.10189715,0.8981028
43227,0.0052018785,0.99479806
30017,0.0008230562,0.9991769
39150,0.00051123375,0.9994887
26654,0.0077227745,0.99227715
62861,0.67203194,0.32796806
41435,0.026248243,0.9737517
64039,0.9367259,0.063274145
321,0.07308729,0.92691267
15657,0.011599363,0.9884007
9437,0.10727876,0.89272124
64430,0.6259277,0.37407228
16780,0.026403679,0.97359633
33053,0.20836249,0.79163754
49802,0.4851991,0.5148009
50335,0.8042642,0.19573584
29677,0.012517407,0.98748255
41064,0.024224894,0.9757751
57478,0.9997392,0.00026075935
58293,0.9630621,0.036937933
59303,0.2204023,0.77959764
16131,0.00044033278,0.9995597
3360,0.29122058,0.7087794
30032,0.034329876,0.9656701
52180,0.96028036,0.03971968
7952,0.62195003,0.37805003
45166,0.15397081,0.8460292
23709,0.0057112714,0.9942887
54910,0.9341223,0.06587766
5984,0.88323766,0.11676235
28567,0.008703137,0.9912969
54384,0.8000807,0.19991928
55323,0.32122418,0.6787758
27830,0.0040829415,0.995917
56286,0.879201,0.12079901
57361,0.98035216,0.019647758
21228,0.22899073,0.77100927
883,0.58089805,0.41910198
50533,0.86969846,0.13030152
6811,0.07596843,0.92403156
24095,0.0016590843,0.99834085
61646,0.92139465,0.078605406
52582,0.015599843,0.98440015
16441,0.00093416474,0.9990658
55325,0.9044485,0.09555149
14462,0.7432999,0.25670004
55569,0.68874735,0.31125262
38598,0.094877325,0.90512264
45091,0.82793766,0.1720624
59627,0.9688768,0.03112324
10231,0.5732323,0.42676768
11591,0.0048359344,0.99516404
7043,0.71247286,0.28752714
63822,0.69609416,0.30390584
37164,0.15458542,0.84541464
40,0.07027851,0.9297215
47357,0.94743615,0.052563827
33703,0.28381285,0.7161871
61383,0.96726584,0.032734126
34950,0.5871737,0.41282633
63568,0.90771204,0.09228795
37861,0.019187262,0.9808127
53450,0.62048954,0.3795105
57732,0.7006325,0.29936746
59545,0.16173597,0.83826405
34937,0.2225336,0.77746636
17248,0.0006767994,0.99932325
63176,0.803831,0.19616905
22596,0.5936582,0.40634182
59520,0.04086657,0.95913345
1698,0.9691908,0.03080922
60047,0.131083,0.868917
5693,0.9332099,0.066790104
38675,0.08706855,0.9129315
64126,0.95522755,0.04477245
13062,0.068656065,0.9313439
23620,0.0030898121,0.99691015
62416,0.8146948,0.1853052
6189,0.85100263,0.14899732
25099,0.39947054,0.60052943
10873,0.1682423,0.83175766
25772,0.63708484,0.36291522
16606,0.008666211,0.9913338
45888,0.5342778,0.46572223
45145,0.59339935,0.40660062
27301,0.046210475,0.9537895
59281,0.5637636,0.43623635
41294,0.037857514,0.9621425
30358,0.008957283,0.99104273
49108,0.9446384,0.05536167
39730,0.00095896906,0.999041
45667,0.92015696,0.079843014
7505,0.6712652,0.32873476
14082,0.0004228937,0.9995771
54006,0.61875623,0.38124374
28059,0.0054464047,0.99455357
46808,0.92791235,0.072087586
5892,0.67127246,0.32872757
19093,0.006617282,0.9933827
13404,0.17270465,0.82729536
9620,0.37433004,0.62566996
38878,0.0034058138,0.99659413
56148,0.9017685,0.09823147
39277,0.30982172,0.6901783
28778,0.0037691502,0.9962308
568,0.6785365,0.3214635
5933,0.25256532,0.74743474
53084,0.5608105,0.43918946
23927,0.0038480512,0.996152
58901,0.7655623,0.23443775
37029,0.4341593,0.56584066
59963,0.7661845,0.2338155
14931,0.03702431,0.9629756
59237,0.36336294,0.63663703
10802,0.46008053,0.5399195
45769,0.951388,0.048612006
30581,0.059907332,0.9400927
33646,0.5258269,0.47417313
10597,0.0038475667,0.99615246
54694,0.6906512,0.3093488
29131,0.015421237,0.9845787
52911,0.63508314,0.36491686
46584,0.9133087,0.08669126
30423,0.020450408,0.9795496
27467,0.76996243,0.23003754
31183,0.031118272,0.9688817
52297,0.5635611,0.43643892
43344,0.27534378,0.7246562
3860,0.7746059,0.22539419
41629,0.015195656,0.9848044
62407,0.8987032,0.10129685
59685,0.049360722,0.95063925
54849,0.6243567,0.37564328
30338,0.15061769,0.84938234
32558,0.20255485,0.7974452
37792,0.022195341,0.9778047
53820,0.47707024,0.5229297
38034,0.2351342,0.76486576
26893,0.00174589,0.9982541
35212,0.6022251,0.39777485
54066,0.84646684,0.15353315
45820,0.43895218,0.5610478
11833,0.007872117,0.9921279
4749,0.9101201,0.089879915
28838,0.031677045,0.968323
63542,0.28135806,0.71864194
26479,0.37568277,0.6243172
3598,0.398707,0.601293
37727,0.020307664,0.97969234
30385,0.0006314613,0.9993686
2798,0.53206694,0.4679331
24950,0.014072833,0.9859271
29375,0.17157131,0.82842875
41031,0.025568733,0.9744313
25935,0.004217334,0.99578273
20691,0.11816341,0.8818366
7226,0.4854177,0.5145823
32260,0.16270298,0.83729696
22550,0.0031650371,0.99683493
32464,0.045328062,0.954672
41970,0.46589735,0.5341026
45154,0.9518462,0.04815378
63256,0.55089635,0.44910368
4232,0.65807515,0.34192488
5428,0.46934006,0.5306599
29556,0.0377819,0.9622181
842,0.24555603,0.75444394
29446,0.009802392,0.99019766
4239,0.48668993,0.5133101
61599,0.7654292,0.23457076
41892,0.029218694,0.9707813
41959,0.09730404,0.90269595
1469,0.49109638,0.50890356
2726,0.6512888,0.34871113
28988,0.6400998,0.35990018
19309,0.0018882431,0.9981117
11894,0.062470235,0.9375298
43715,0.91506046,0.08493954
39843,0.0008610574,0.99913895
11699,0.57431626,0.42568377
31474,0.6324005,0.36759955
6478,0.61710054,0.38289946
2741,0.9296518,0.07034816
4395,0.49962586,0.50037414
36339,0.081677504,0.9183225
9056,0.7668337,0.23316628
33924,0.30302414,0.6969759
9602,0.8318083,0.16819167
51330,0.5162805,0.48371953
41084,0.40546396,0.59453607
54343,0.7736524,0.22634767
13539,0.021066587,0.97893345
50431,0.5124534,0.48754662
7267,0.5401267,0.45987335
50663,0.48037058,0.5196294
45023,0.9497287,0.050271317
8542,0.92120886,0.07879115
9773,0.4038768,0.5961232
7022,0.9862148,0.013785163
45693,0.7935141,0.20648594
42756,0.8517873,0.14821263
15055,0.38309547,0.6169045
50001,0.7866107,0.21338926
27171,0.29015344,0.70984656
11028,0.2267968,0.7732032
60012,0.5145115,0.48548844
1918,0.41778725,0.5822127
2713,0.4839112,0.51608884
40624,0.02116894,0.9788311
17379,0.01129836,0.9887016
13362,0.03769837,0.96230155
34102,0.2936459,0.70635414
37061,0.8923298,0.10767017
43203,0.74484116,0.25515884
32267,0.48507333,0.5149267
20961,0.16254586,0.83745414
57196,0.90067077,0.09932927
37263,0.37685007,0.62315
21171,0.06459667,0.9354033
14260,0.6846284,0.31537163
55275,0.36773425,0.6322657
5472,0.87665176,0.12334819
15776,0.0002904055,0.99970955
20446,0.4380403,0.56195974
24137,0.06573304,0.9342669
1432,0.7736099,0.22639012
44208,0.8737869,0.12621312
50738,0.3149746,0.68502533
60544,0.4286511,0.5713489
22077,0.7038515,0.29614845
48194,0.8751213,0.1248787
15371,0.012633636,0.9873663
42784,0.07258501,0.927415
5578,0.71666473,0.28333524
41112,0.017213715,0.9827863
14759,0.16628525,0.8337148
28695,0.13543718,0.86456287
19335,0.0050569195,0.9949431
61410,0.75580615,0.24419379
14093,0.19980529,0.8001947
22648,0.4464117,0.5535883
25178,0.0046990393,0.995301
58695,0.8880559,0.11194412
54941,0.47004282,0.52995723
36056,0.022932805,0.9770672
41836,0.85882086,0.1411792
37183,0.447661,0.552339
11458,0.34725037,0.6527496
3133,0.3222586,0.6777414
19092,0.0032980726,0.9967019
25040,0.28332454,0.71667546
49136,0.979289,0.020710971
55652,0.8245378,0.17546213
32748,0.14512818,0.85487175
27131,0.010066623,0.9899333
60821,0.3402927,0.6597073
29437,0.0054765004,0.9945235
25226,0.15336621,0.84663385
55696,0.44843385,0.5515661
4959,0.43820482,0.5617952
34026,0.27203053,0.7279695
15419,0.45537725,0.5446228
19902,0.00024626526,0.9997538
42983,0.0060000033,0.9940001
17183,0.0062397537,0.99376017
10839,0.445252,0.55474794
30681,0.01393959,0.9860604
10588,0.48456603,0.51543397
40721,0.015095709,0.9849043
55605,0.48728767,0.51271236
64892,0.75458753,0.24541242
25907,0.03475596,0.96524405
1099,0.36987123,0.63012874
24354,0.24554397,0.75445604
4751,0.7366569,0.26334307
49670,0.9414122,0.058587804
33945,0.21952261,0.78047734
25543,0.027508335,0.9724917
56537,0.4863725,0.51362747
18857,0.0010555721,0.99894446
50009,0.8904837,0.109516345
2702,0.9037696,0.09623041
43673,0.9655437,0.034456342
11880,0.1390083,0.8609917
59024,0.68283683,0.31716323
23022,0.044299133,0.9557009
61598,0.90825886,0.091741174
2712,0.5736936,0.42630646
33474,0.18198134,0.8180187
13484,0.047755122,0.9522449
33901,0.26830325,0.7316967
15931,0.0009035157,0.9990965
14022,0.0049425634,0.99505746
45970,0.9149992,0.08500083
16983,0.0017312149,0.9982687
19701,0.009617901,0.99038213
9445,0.48096326,0.5190367
3615,0.06613951,0.9338605
55649,0.67188436,0.3281156
3290,0.5667826,0.43321744
20536,0.22422023,0.77577984
52952,0.871076,0.12892398
26117,0.0073568146,0.9926432
4443,0.46560183,0.5343982
7739,0.023207704,0.9767923
32673,0.066509925,0.9334901
25922,0.027142717,0.9728573
18436,0.0033784327,0.9966216
13522,0.31399786,0.68600214
29826,0.004058738,0.9959413
21515,0.19480278,0.8051972
13950,0.53549117,0.4645089
8,0.047472265,0.95252776
56359,0.9652083,0.034791708
26400,0.0032693956,0.99673057
26532,0.2617126,0.7382874
44470,0.95818436,0.041815605
7624,0.106841445,0.8931586
36072,0.08175795,0.9182421
62904,0.18007682,0.8199232
35953,0.012781311,0.9872186
51697,0.8461067,0.15389329
54897,0.47443637,0.5255636
17714,0.020074122,0.9799258
33668,0.4221701,0.57782996
8123,0.8247645,0.1752355
12995,0.059323296,0.94067675
15031,0.08590902,0.91409105
34275,0.34491345,0.6550866
62152,0.9543343,0.04566574
39518,0.016692573,0.98330736
6860,0.092012644,0.90798736
17809,0.029272977,0.97072697
57776,0.98820347,0.011796589
62907,0.7549979,0.24500206
8513,0.6795068,0.32049322
25398,0.00038597878,0.99961406
8185,0.5478584,0.45214158
39215,0.001958079,0.99804187
2686,0.82258934,0.1774107
53782,0.72775596,0.272244
25249,0.100449204,0.8995508
13972,0.039858326,0.96014166
36324,0.06896163,0.9310383
4166,0.0059342133,0.99406576
2706,0.24569286,0.7543072
37818,0.06064889,0.9393511
41472,0.040386334,0.9596137
21459,0.010953842,0.98904616
46431,0.85248554,0.1475144
61377,0.9984383,0.00156173
54640,0.21687323,0.7831268
17276,0.0037161084,0.99628395
36681,0.008286204,0.99171376
12128,0.018828448,0.9811716
35344,0.6508413,0.34915873
25059,0.035941582,0.96405846
12051,0.5682254,0.43177465
43518,0.85599244,0.1440076
13019,0.34266847,0.6573315
20769,0.4365577,0.5634423
53867,0.85960674,0.14039333
7314,0.18031374,0.81968623
52531,0.8459653,0.15403472
15206,0.38818824,0.6118117
51615,0.97975963,0.020240389
21357,0.007701286,0.9922988
1885,0.82158357,0.17841643
5772,0.7175361,0.28246397
20137,0.0002398638,0.9997601
21283,0.13754445,0.8624555
40571,0.022199677,0.97780037
5266,0.62211025,0.37788972
1947,0.62926525,0.37073478
1953,0.9705988,0.029401228
33489,0.20887147,0.7911285
63061,0.6792321,0.32076785
1605,0.34870887,0.65129113
15086,0.12965588,0.8703441
9418,0.5228129,0.4771871
21669,0.008933255,0.99106675
33767,0.19573681,0.8042632
9859,0.10357105,0.89642894
26900,0.0027925759,0.99720746
41525,0.066118695,0.9338813
33410,0.14615686,0.8538431
26437,0.5903754,0.4096246
46552,0.67430544,0.32569453
7092,0.14993863,0.85006136
50933,0.84132266,0.15867732
62799,0.46380594,0.536194
50968,0.6567718,0.34322825
55683,0.8902355,0.109764494
11641,0.27919063,0.7208094
61819,0.9847882,0.015211776
61338,0.7640145,0.2359855
3036,0.20681956,0.7931804
60781,0.63071936,0.36928058
47637,0.74852276,0.2514772
9926,0.08025456,0.91974545
55994,0.9634322,0.036567822
5611,0.81886065,0.18113936
29543,0.030016653,0.96998334
54708,0.63865876,0.36134124
40148,0.0017584605,0.99824154
10423,0.8709255,0.12907448
15211,0.024191994,0.975808
49174,0.9336105,0.06638947
57532,0.96001935,0.039980613
6167,0.81194556,0.18805449
13269,0.04802586,0.95197415
62542,0.79511535,0.20488462
50189,0.94844157,0.051558495
47470,0.8889874,0.11101253
10635,0.85472876,0.14527126
43403,0.91818833,0.08181169
43410,0.86990106,0.13009892
16311,0.008006129,0.9919939
48128,0.6084288,0.3915712
44680,0.9393991,0.060600866
2705,0.45219362,0.5478064
55344,0.58986384,0.41013613
12473,0.07465004,0.92534995
24992,0.010708144,0.98929185
34452,0.77605844,0.22394162
36426,0.009357061,0.99064296
47657,0.62967783,0.37032214
48106,0.9128631,0.087136924
50378,0.8297041,0.1702959
63892,0.9328221,0.06717789
40467,0.019528726,0.98047125
52991,0.81943816,0.1805618
10275,0.020583278,0.97941667
15872,0.00383169,0.9961683
6140,0.4674989,0.5325011
52736,0.39371932,0.6062807
64877,0.74963397,0.25036606
15755,0.0027190915,0.99728084
64197,0.75559443,0.2444056
47662,0.8133974,0.18660265
54314,0.4522094,0.5477906
37155,0.40946785,0.5905321
12498,0.005155914,0.9948441
11963,0.06628146,0.93371856
44210,0.85440344,0.14559662
29597,0.025277978,0.974722
36839,0.02525354,0.9747465
5179,0.5839039,0.4160961
60457,0.21409401,0.78590596
49331,0.5101864,0.48981366
14882,0.27360895,0.7263911
34556,0.44817495,0.55182505
369,0.16329403,0.8367059
53287,0.91571033,0.08428966
26551,0.75722647,0.24277352
1513,0.51434135,0.48565862
41095,0.046253625,0.95374644
55598,0.52447695,0.47552308
28434,0.011979112,0.98802096
47344,0.90862405,0.09137592
46810,0.73823595,0.2617641
62008,0.87111515,0.1288849
60077,0.5303576,0.46964243
36478,0.041975524,0.9580245
14930,0.025607752,0.97439224
55719,0.28245887,0.7175411
5617,0.5464008,0.45359918
35726,0.02510851,0.9748915
41716,0.020504579,0.97949535
53050,0.8642227,0.1357773
44858,0.95440173,0.04559826
39665,0.00017966122,0.9998204
940,0.21725821,0.7827418
51178,0.5772835,0.42271656
60810,0.94519323,0.054806747
19196,0.05517568,0.94482434
43578,0.67092574,0.32907426
43644,0.9742861,0.025713868
62759,0.8314289,0.1685711
42667,0.12289414,0.87710583
11373,0.06697948,0.9330205
35225,0.34636205,0.65363795
61989,0.91278327,0.08721675
58789,0.94740295,0.05259703
2206,0.46382794,0.53617203
11809,0.52778214,0.47221792
22693,0.02798389,0.9720161
25549,0.18617451,0.8138255
8160,0.61148125,0.38851875
36468,0.0646547,0.9353453
35059,0.33477867,0.6652214
3821,0.56892633,0.4310737
63198,0.82897574,0.1710242
10565,0.572865,0.42713502
13736,0.20381342,0.7961866
33357,0.20005058,0.7999494
61898,0.9215688,0.078431174
18500,0.00059111195,0.99940884
7782,0.004227085,0.9957729
30705,0.023675831,0.9763241
6088,0.7927459,0.20725408
29360,0.27307573,0.7269243
24241,0.0029583864,0.99704164
52811,0.6531657,0.3468343
380,0.82979167,0.17020829
43416,0.89864117,0.10135878
2480,0.5626683,0.43733165
9672,0.35032606,0.64967394
10918,0.9519486,0.048051413
59220,0.5383835,0.46161652
9343,0.26943746,0.73056257
1825,0.67072535,0.32927465
1813,0.2639328,0.7360672
21729,0.09194064,0.90805936
8844,0.31673044,0.68326956
7970,0.63307095,0.366929
51383,0.8558296,0.14417045
64911,0.820871,0.17912897
45717,0.73042405,0.269576
38972,0.021614455,0.9783855
50875,0.90048194,0.09951806
3319,0.12514503,0.874855
39516,0.10677127,0.89322877
33680,0.36344516,0.6365549
19319,0.0012238083,0.99877614
23994,0.0020618397,0.9979381
4406,0.71393955,0.2860605
4673,0.3485359,0.6514641
61133,0.9249677,0.07503225
63024,0.35614935,0.6438507
23614,0.34049895,0.6595011
42512,0.019957023,0.98004293
58624,0.71910185,0.28089815
44620,0.9366881,0.06331186
40723,0.021926811,0.9780732
48939,0.92075354,0.07924647
24576,0.027316052,0.9726839
65238,0.7081072,0.29189283
48255,0.95220876,0.047791198
50889,0.92450356,0.07549645
48120,0.9520269,0.04797305
43425,0.93812925,0.06187077
24154,0.010349073,0.98965096
47227,0.22259177,0.77740824
22711,0.048941564,0.9510584
47285,0.6752546,0.32474542
14145,0.02487902,0.97512096
22636,0.030726843,0.9692731
55409,0.2976949,0.70230514
36723,0.015620433,0.9843796
31724,0.12482603,0.8751739
52212,0.82456124,0.17543869
56448,0.8436379,0.15636212
27064,0.0043679755,0.99563205
35781,0.43955418,0.5604458
5538,0.33746323,0.66253674
12893,0.041440144,0.9585598
42025,0.01699008,0.98301
7596,0.3531652,0.6468348
53727,0.8500168,0.14998327
36291,0.029294059,0.970706
31316,0.33630693,0.6636931
24962,0.20173039,0.79826957
56942,0.94076884,0.05923117
36310,0.0054442124,0.99455583
51851,0.9583767,0.041623253
52435,0.14367698,0.856323
15101,0.10652152,0.8934785
57823,0.98753977,0.012460228
28773,0.0038150032,0.996185
59172,0.46700412,0.5329959
8226,0.292633,0.707367
46720,0.7494621,0.25053787
1986,0.32751068,0.6724893
50058,0.88979703,0.11020299
1968,0.92076266,0.07923739
15591,0.004904554,0.9950955
8481,0.8132758,0.1867242
51528,0.37403497,0.62596506
41334,0.023293898,0.9767061
64399,0.85428935,0.14571062
4679,0.7655912,0.23440881
31186,0.007175017,0.99282503
59895,0.8855384,0.11446155
21111,0.4841615,0.5158385
45296,0.8596551,0.1403449
24533,0.0023701885,0.99762976
44123,0.6436799,0.35632008
11854,0.0013794946,0.9986205
24055,0.07423729,0.9257627
3520,0.3485007,0.6514993
784,0.8190099,0.18099011
57280,0.9744212,0.025578845
56664,0.95226306,0.047736954
10912,0.57195395,0.42804605
41563,0.15779783,0.8422021
56194,0.91540647,0.08459357
42833,0.64322865,0.35677135
37640,0.08112129,0.9188787
34039,0.43392137,0.5660786
58989,0.4365335,0.5634664
23894,0.008166343,0.9918337
19977,0.03869031,0.96130973
16474,0.0017624543,0.9982375
2981,0.78956115,0.21043885
23423,0.0012469883,0.99875295
37193,0.2781592,0.7218408
42321,0.30803707,0.6919629
6490,0.60668516,0.39331484
28329,0.5374284,0.46257162
17802,0.0021817777,0.99781823
34546,0.53915715,0.46084288
44945,0.9325635,0.06743651
38277,0.008001124,0.99199885
9150,0.18365708,0.8163429
6257,0.33243683,0.66756314
61370,0.913826,0.08617402
10318,0.14254291,0.8574571
53459,0.69381803,0.30618203
59181,0.30298588,0.6970141
34153,0.23575866,0.76424134
15264,0.9414153,0.058584742
13276,0.4385495,0.5614505
52650,0.7628364,0.23716362
22789,0.08000919,0.91999084
58126,0.9400487,0.059951305
9791,0.46314782,0.5368522
8093,0.5672101,0.4327899
13347,0.015199545,0.98480046
22746,0.021597188,0.97840273
40665,0.0060724663,0.9939275
8411,0.57409424,0.4259057
98,0.026207186,0.97379285
1855,0.6428726,0.35712746
36853,0.0005605181,0.9994394
18239,0.002127377,0.9978726
38228,0.011933056,0.9880669
8838,0.6984149,0.30158505
46630,0.95013815,0.04986192
61149,0.8232105,0.1767895
39847,0.0051246923,0.9948754
47364,0.76013017,0.23986983
19394,0.002462672,0.9975374
6422,0.84598,0.15402006
27319,0.21380958,0.78619045
4046,0.096909635,0.9030904
59945,0.14651458,0.85348547
9403,0.23282917,0.76717085
12692,0.7538011,0.24619892
48258,0.9264334,0.073566556
54014,0.81371886,0.18628116
29118,0.031784765,0.9682152
43773,0.9449488,0.05505126
54614,0.46292326,0.5370767
32686,0.1510094,0.8489906
13865,0.18380915,0.81619084
20754,0.8117651,0.18823493
63748,0.57533914,0.42466086
20863,0.11808628,0.8819137
26996,0.05681868,0.9431813
22352,0.03676317,0.9632368
53993,0.7545841,0.24541588
35456,0.67311305,0.326887
63240,0.53031975,0.46968028
24987,0.0050265174,0.9949734
51109,0.6474316,0.35256836
3637,0.68159866,0.31840137
37618,0.001888102,0.99811184
58424,0.98624563,0.013754406
8734,0.12263533,0.87736464
1309,0.22167759,0.7783224
22004,0.23937565,0.76062435
38183,0.0032156683,0.9967843
55951,0.9983192,0.0016807049
10948,0.40881485,0.59118515
61053,0.8575646,0.1424354
15324,0.0901171,0.9098829
36163,0.00803473,0.9919653
7404,0.82409036,0.17590962
55060,0.681233,0.31876698
34300,0.21483693,0.78516304
63594,0.9058414,0.09415859
8857,0.41795325,0.58204675
7087,0.5400443,0.45995563
19963,0.041144837,0.9588552
54497,0.66065675,0.33934325
10940,0.1581467,0.8418533
6009,0.34758168,0.6524183
32982,0.32867792,0.67132205
17829,0.016724423,0.9832756
26036,0.008409359,0.9915906
59075,0.51196325,0.48803678
3271,0.41822818,0.58177185
36204,0.024323717,0.9756763
39876,0.009296797,0.9907032
5961,0.76611197,0.23388804
12501,0.31463856,0.6853615
13985,0.5479179,0.45208204
64982,0.679484,0.320516
45038,0.96261674,0.0373833
31797,0.28550756,0.71449244
19909,0.0006606961,0.9993393
63618,0.90835387,0.09164608
22737,0.004553804,0.9954462
11916,0.002364965,0.997635
65155,0.8057669,0.19423312
33810,0.23373331,0.7662667
1664,0.3177069,0.6822931
45572,0.94425803,0.05574193
53181,0.8013043,0.19869566
23264,0.015200837,0.98479915
56794,0.9898065,0.010193513
2808,0.5879137,0.41208634
29995,0.0018972912,0.9981027
48448,0.3140623,0.6859377
2529,0.78193986,0.2180601
46483,0.8995279,0.10047209
104,0.0957826,0.9042175
35860,0.11653942,0.8834605
48202,0.94220495,0.05779504
33104,0.51471263,0.48528737
51710,0.9203006,0.0796994
3165,0.93232226,0.06767767
11387,0.0084628435,0.9915372
43899,0.84085643,0.1591436
52570,0.29338554,0.7066145
51935,0.9019501,0.09804988
54674,0.6408071,0.35919297
16705,0.0028710626,0.9971289
19507,0.0021203011,0.99787974
7496,0.37100908,0.62899095
2797,0.74463266,0.2553673
39001,0.0008613244,0.9991386
53092,0.77114064,0.22885936
11795,0.41217202,0.587828
39234,0.0017258329,0.9982742
2963,0.8242858,0.17571424
43640,0.9278977,0.072102346
54823,0.7797945,0.22020552
59418,0.15912795,0.840872
63777,0.6253243,0.37467572
29397,0.13231851,0.86768156
377,0.17450516,0.8254948
15035,0.5857731,0.41422692
28875,0.006056885,0.99394315
9657,0.72130543,0.2786946
2527,0.76376134,0.23623863
22679,0.002503418,0.99749655
53735,0.8305134,0.16948661
9794,0.0178381,0.9821618
1506,0.6140342,0.38596585
13560,0.6376769,0.3623231
61042,0.70552385,0.29447615
10262,0.25145733,0.74854267
36433,0.005101091,0.994899
25809,0.5112918,0.48870823
6712,0.1537949,0.8462051
32056,0.56718934,0.4328107
19506,0.0113031445,0.9886968
1867,0.22225815,0.77774185
2725,0.54484344,0.45515656
27507,0.48084503,0.51915497
19734,0.0061219456,0.99387807
28338,0.0032262728,0.99677366
20155,0.00041109222,0.9995889
54262,0.6586871,0.34131294
62125,0.7873374,0.21266256
36446,0.033267546,0.96673244
11527,0.86980414,0.13019584
53829,0.6037201,0.39627987
38466,0.09816127,0.9018387
64575,0.73595387,0.26404613
57410,0.85494,0.14506003
1904,0.30856875,0.6914313
62444,0.8442331,0.15576693
46183,0.9231026,0.076897435
6729,0.06799659,0.93200344
26677,0.039430544,0.96056944
49729,0.9388456,0.061154395
31329,0.1707938,0.82920617
17965,0.014362309,0.9856377
36791,0.02173425,0.9782657
23254,0.0062783966,0.9937216
26874,0.003654945,0.9963451
14576,0.7396606,0.2603394
42522,0.15612482,0.84387517
25174,0.027640607,0.9723594
28930,0.015262548,0.98473746
53793,0.8412369,0.15876313
39631,0.001047424,0.9989525
1418,0.88552386,0.11447613
8083,0.57347435,0.42652565
36262,0.11567936,0.8843206
9434,0.53868365,0.46131632
19180,0.08587045,0.9141296
36161,0.036123604,0.9638764
15188,0.5076349,0.49236518
43119,0.22428893,0.7757111
60398,0.38421026,0.6157897
22120,0.052717354,0.9472826
60009,0.6581294,0.34187067
45542,0.5521645,0.44783553
40184,0.0009873215,0.9990127
31494,0.6878667,0.31213328
2412,0.7178878,0.28211215
11714,0.5001828,0.49981722
51854,0.709178,0.29082206
50386,0.88223815,0.11776184
1577,0.9626027,0.037397254
4360,0.0017031585,0.9982968
61490,0.66376746,0.3362326
34589,0.787988,0.212012
14245,0.007760712,0.99223924
61618,0.9980241,0.001975897
53116,0.8686941,0.1313059
18196,0.036346223,0.96365374
34244,0.13814567,0.8618543
48559,0.7085887,0.29141122
24697,0.009048163,0.9909518
18671,0.0015115907,0.9984884
292,0.16551772,0.83448225
46549,0.69943047,0.3005696
16536,0.0016111073,0.9983889
27904,0.022848135,0.9771518
10777,0.19248371,0.8075163
33,0.05256324,0.94743675
26911,0.0009678142,0.99903226
22703,0.0058684982,0.9941315
24976,0.008501165,0.9914989
58265,0.9955629,0.0044371514
52503,0.7723077,0.22769226
3128,0.93060833,0.06939165
43819,0.9074172,0.09258285
17328,0.00071316876,0.99928683
64291,0.43611208,0.5638879
43461,0.9476167,0.052383345
31396,0.372559,0.627441
29512,0.015671989,0.98432803
38755,0.061217386,0.9387826
29241,0.10046329,0.8995367
2433,0.69960403,0.30039597
7571,0.049729217,0.9502707
63543,0.20209996,0.7979
10619,0.27543727,0.72456276
52792,0.4990632,0.5009368
27455,0.018879443,0.9811205
57832,0.9611944,0.038805556
34805,0.29589283,0.70410717
13851,0.009773151,0.99022686
29325,0.29400632,0.7059937
10532,0.82759094,0.1724091
31720,0.1231389,0.87686104
64567,0.7160452,0.2839548
8739,0.7926603,0.2073397
53853,0.79522836,0.20477164
855,0.107252546,0.89274746
53778,0.8209313,0.1790687
26032,0.015267243,0.9847327
8611,0.04388232,0.95611763
25314,0.0030305826,0.9969694
3973,0.69050574,0.30949426
45643,0.7326063,0.2673937
61735,0.293214,0.70678604
63246,0.0111813415,0.9888186
24167,0.02786071,0.97213924
17631,0.0032916008,0.9967084
43736,0.9620251,0.037974823
25155,0.038213544,0.96178645
45898,0.8114214,0.18857862
12175,0.00031490298,0.99968517
14970,0.48104283,0.51895714
48785,0.4842372,0.5157628
15341,0.1489618,0.8510382
5444,0.6538172,0.34618276
47871,0.87663484,0.12336523
29324,0.29943258,0.7005674
19680,0.0049349056,0.99506515
64522,0.8999416,0.100058325
13325,0.049090218,0.95090985
24347,0.004739699,0.9952603
38134,0.000340604,0.9996594
52223,0.9195745,0.08042543
19348,0.012333417,0.9876666
59683,0.091924496,0.9080755
38011,0.005118409,0.99488163
55601,0.8811845,0.11881549
54562,0.71514887,0.28485113
48060,0.85570014,0.14429991
61320,0.72254443,0.27745554
13526,0.01882168,0.98117834
60476,0.15181154,0.8481885
37484,0.0052215573,0.9947784
13298,0.28276742,0.71723264
1876,0.41211656,0.5878835
54923,0.47316393,0.52683604
25114,0.035807375,0.9641926
41093,0.064420074,0.93557996
39064,0.013372483,0.9866275
28742,0.0099273315,0.9900726
2563,0.9233295,0.0766705
25440,0.07963845,0.9203616
52121,0.7842473,0.21575269
28481,0.0023975407,0.9976025
38685,0.006165891,0.99383414
18303,0.0034752996,0.99652463
60191,0.6546117,0.3453883
52774,0.89443636,0.105563626
29226,0.13245206,0.8675479
36107,0.024976458,0.9750235
40699,0.03054562,0.96945435
53863,0.86637425,0.13362575
7099,0.83986604,0.16013394
57698,0.9996855,0.00031444064
49699,0.86683816,0.13316177
34224,0.20759635,0.7924037
26862,0.0046616923,0.9953383
32355,0.14916837,0.8508317
38578,0.007894893,0.9921051
10211,0.4612502,0.5387498
55179,0.66576463,0.3342354
6913,0.2967072,0.7032928
29275,0.30266336,0.6973367
42112,0.12310234,0.87689763
45133,0.042878598,0.9571214
38318,0.028254263,0.9717458
48310,0.82448757,0.17551245
60390,0.24821045,0.75178957
14633,0.034137465,0.9658626
45504,0.90778726,0.09221268
49704,0.85552704,0.1444729
58866,0.07196481,0.92803514
57066,0.6675628,0.33243725
63648,0.74586236,0.25413764
3888,0.36147726,0.63852274
58929,0.4071741,0.59282583
17768,0.00279439,0.99720556
21309,0.08656791,0.9134321
34236,0.53916264,0.4608374
9073,0.028003147,0.97199684
21203,0.14947978,0.85052025
57638,0.9998343,0.00016569716
46189,0.97267115,0.027328813
10405,0.39509565,0.60490435
17360,0.00040636465,0.9995937
41417,0.028262133,0.97173786
62958,0.70489043,0.29510954
4865,0.44910645,0.55089355
61612,0.8171246,0.18287535
26300,0.01927031,0.98072976
46187,0.85827875,0.14172122
3419,0.12052381,0.87947625
41159,0.0031071662,0.9968928
23231,0.09711489,0.9028851
57559,0.99988234,0.00011768937
39589,0.00045598633,0.99954396
61524,0.78588486,0.21411514
4420,0.8997792,0.1002208
21643,0.09953077,0.9004692
24326,0.0040433705,0.9959566
44464,0.9642149,0.035785105
33175,0.32021475,0.6797852
46972,0.7458695,0.25413048
39077,0.14496417,0.85503584
35768,0.103358984,0.89664096
25339,0.0013582595,0.9986418
2567,0.7612884,0.2387116
54705,0.9304433,0.06955666
59577,0.38692322,0.61307675
42318,0.06982238,0.9301776
47011,0.65258425,0.34741572
2481,0.4944429,0.5055571
60617,0.42176175,0.5782383
328,0.15755264,0.84244734
3142,0.7556029,0.24439713
64589,0.31087393,0.6891261
10151,0.014855113,0.98514485
55048,0.47322267,0.5267773
34976,0.3959703,0.60402966
53056,0.5119198,0.4880802
37841,0.025877787,0.9741222
38704,0.012649545,0.9873504
13106,0.30220637,0.69779366
3697,0.22649106,0.77350897
48162,0.85717124,0.14282873
51165,0.8503295,0.14967042
21739,0.05932005,0.94068
21819,0.12671217,0.8732878
52626,0.5391151,0.46088496
28185,0.0052736313,0.99472636
24682,0.039611068,0.9603889
16724,0.003418112,0.99658185
34662,0.88758993,0.11241005
29943,0.15547648,0.8445235
31618,0.14334172,0.8566583
1842,0.31837583,0.68162423
34110,0.35716617,0.64283377
37672,0.29321298,0.70678705
526,0.4726223,0.5273777
38734,0.022457082,0.97754294
61220,0.90588975,0.09411021
21853,0.009030196,0.99096984
31402,0.6562414,0.3437586
53281,0.93136585,0.068634175
20978,0.18138412,0.8186159
33230,0.444901,0.555099
502,0.33411592,0.6658841
26920,0.0017755487,0.99822444
41642,0.065553166,0.9344469
25578,0.18854547,0.8114545
31995,0.16780865,0.83219135
44947,0.86659485,0.13340516
55107,0.9351421,0.06485789
32615,0.15509307,0.8449069
42544,0.121555746,0.8784442
26707,0.004560406,0.9954396
39825,0.00010416037,0.9998958
32929,0.2615706,0.73842937
27298,0.0048538805,0.9951461
62343,0.5967313,0.4032687
4979,0.31227732,0.68772274
59253,0.4604132,0.5395868
16858,0.005035688,0.99496436
54184,0.7849613,0.2150387
16403,0.00095887453,0.99904114
57723,0.94882023,0.051179767
8825,0.748415,0.25158504
42378,0.14475715,0.8552428
52407,0.729792,0.27020797
32071,0.18346487,0.8165351
30618,0.035178274,0.96482176
26798,0.40283924,0.5971607
55926,0.9221043,0.07789567
1105,0.50987273,0.4901273
32122,0.43372053,0.5662795
4737,0.96030766,0.039692372
28317,0.067010514,0.9329895
17368,0.008793889,0.9912061
57816,0.9768262,0.023173852
16481,0.0016369997,0.99836296
30645,0.073925436,0.9260746
49992,0.7806856,0.21931438
17740,0.0041090865,0.99589086
53806,0.6094885,0.39051148
64518,0.8717013,0.12829873
25764,0.40012622,0.5998737
9742,0.021006754,0.9789932
41422,0.0056763315,0.99432373
28036,0.29902136,0.70097864
16564,0.0049662306,0.99503374
52206,0.8046519,0.19534808
53149,0.67766184,0.32233813
29286,0.07244784,0.9275521
19688,0.00749166,0.99250835
47257,0.8598868,0.14011313
54585,0.66690224,0.33309776
40236,0.0013720237,0.998628
7734,0.003713147,0.99628687
36943,0.0006683172,0.99933165
39578,0.00059324835,0.9994068
18655,0.008504393,0.9914956
42247,0.010335194,0.98966485
40407,0.01591931,0.98408073
50301,0.66144264,0.33855736
19953,0.00017422058,0.9998258
2771,0.46305674,0.53694326
59599,0.92259395,0.07740606
55009,0.23177834,0.7682217
54755,0.97738796,0.022612086
41898,0.012507397,0.98749256
36308,0.09537425,0.9046257
46019,0.74621975,0.25378022
52572,0.34663486,0.65336514
24394,0.10155324,0.8984468
1851,0.897867,0.102132976
35595,0.7045445,0.2954555
6114,0.2545205,0.7454795
18485,0.002604773,0.9973953
6662,0.50204235,0.49795762
31462,0.30936754,0.69063246
5479,0.21950842,0.7804916
48344,0.95516384,0.04483614
1152,0.6630275,0.3369725
6080,0.78877014,0.2112299
61207,0.48898143,0.5110186
58103,0.96200746,0.03799255
10991,0.75011754,0.24988247
28466,0.0034294345,0.9965706
51497,0.5469859,0.45301405
36998,0.22166917,0.7783308
3029,0.70288765,0.29711232
38413,0.10075132,0.89924866
6204,0.5849984,0.4150016
24670,0.0016131642,0.99838686
57140,0.982326,0.01767406
33298,0.4097498,0.5902502
31343,0.10461767,0.89538234
6508,0.7465216,0.2534784
7366,0.9482123,0.05178765
63834,0.72351,0.27649
44339,0.7614964,0.23850353
6644,0.7583279,0.24167205
10561,0.40582508,0.5941749
62968,0.9543343,0.04566574
13838,0.56261134,0.43738863
12078,0.1794602,0.8205398
33765,0.5713747,0.42862526
55934,0.993295,0.00670492
50158,0.77714795,0.22285208
56273,0.6777357,0.32226428
40875,0.033842303,0.9661577
14162,0.0015861283,0.9984138
38911,0.00329335,0.99670666
26197,0.029574824,0.97042525
29136,0.03681603,0.96318394
54858,0.63816106,0.3618389
39409,0.11009872,0.8899013
20801,0.89018995,0.10981009
41160,0.009226824,0.9907732
10090,0.8561275,0.14387248
58068,0.9971541,0.0028458189
63432,0.25653893,0.7434611
55563,0.70151395,0.298486
40291,0.031665772,0.96833426
33842,0.2223898,0.7776102
32145,0.043753907,0.95624614
44650,0.91683185,0.08316818
22855,0.007309138,0.99269086
40842,0.015398997,0.9846011
24542,0.013932096,0.98606795
29299,0.5429436,0.4570564
24543,0.004987904,0.9950121
54696,0.78203744,0.21796261
60976,0.9986681,0.0013319617
62555,0.75709903,0.24290095
6142,0.5552923,0.4447077
15440,0.3735456,0.6264544
54512,0.9635367,0.036463346
6459,0.552487,0.447513
29696,0.6436162,0.35638374
8289,0.20643088,0.7935691
20076,0.0003050882,0.99969494
5710,0.49421832,0.5057817
21994,0.7847649,0.21523504
9205,0.8853727,0.11462727
32771,0.489018,0.51098204
49298,0.93692946,0.063070506
3954,0.07822375,0.92177624
64136,0.7401048,0.25989527
35749,0.3490845,0.6509155
46899,0.8734193,0.1265807
22361,0.39625984,0.60374016
30496,0.002147505,0.99785256
56153,0.9565111,0.043488897
44536,0.85009074,0.14990923
50678,0.6912464,0.30875367
24534,0.0017259207,0.9982741
19267,0.0012542461,0.9987457
15854,0.03675818,0.9632418
55861,0.5678885,0.4321115
57553,0.9998561,0.00014386069
63949,0.9610167,0.03898336
47206,0.67294157,0.3270585
54939,0.7683962,0.2316038
4910,0.17274262,0.82725734
5197,0.5943955,0.4056045
17157,0.012252408,0.98774755
15041,0.009645497,0.99035454
63567,0.8934867,0.10651331
58284,0.9657,0.034300063
9686,0.24403408,0.75596595
8999,0.008773575,0.9912264
48099,0.8504712,0.14952883
35270,0.45257005,0.54743
46455,0.9504982,0.049501766
661,0.25380853,0.74619144
42607,0.05794471,0.94205534
8961,0.1837235,0.81627655
43880,0.64159775,0.35840222
34707,0.74154294,0.25845703
28337,0.20172137,0.7982786
57893,0.96525127,0.034748763
33894,0.4297719,0.57022816
8713,0.32024544,0.6797546
23850,0.021694802,0.9783052
38162,0.0022315409,0.9977685
59570,0.750664,0.24933597
31191,0.017467115,0.98253286
49744,0.9723613,0.027638631
20937,0.31204265,0.68795735
50838,0.8811437,0.11885631
31264,0.18637596,0.813624
44000,0.8797468,0.12025324
17933,0.007312197,0.9926878
44544,0.94731265,0.05268734
7865,0.2751172,0.72488284
57056,0.99983966,0.00016034082
52412,0.88533455,0.114665404
38841,0.0030122602,0.99698776
19811,0.01039722,0.98960274
55824,0.6701278,0.3298722
57534,0.96080655,0.03919348
3611,0.31961623,0.68038374
19520,0.04922041,0.9507796
4287,0.36553466,0.6344654
39835,0.002384733,0.99761534
15676,0.0070309015,0.9929691
48013,0.81517094,0.18482906
24433,0.0044909124,0.99550915
34642,0.52561164,0.47438833
169,0.103243895,0.8967561
21529,0.013747246,0.9862527
30873,0.08698552,0.9130145
5923,0.7429596,0.25704038
41662,0.014015034,0.9859849
26825,0.23634288,0.76365715
26268,0.08624936,0.9137506
15285,0.20671344,0.79328656
61916,0.8459944,0.15400556
60949,0.7092751,0.29072487
57862,0.9855053,0.014494729
34312,0.3198782,0.68012184
41521,0.07694469,0.92305535
48165,0.90473884,0.09526123
10681,0.74813026,0.2518698
11229,0.36892244,0.6310776
41181,0.42484975,0.57515025
18679,0.0004809863,0.999519
16703,0.0062168813,0.9937831
17457,0.026887791,0.9731122
21751,0.47327372,0.5267263
50507,0.55094844,0.4490515
11623,0.32879233,0.67120767
61816,0.9944636,0.0055364068
45466,0.4092921,0.59070784
61511,0.3951269,0.60487306
38346,0.11303469,0.8869653
4007,0.060596265,0.9394038
44592,0.9654387,0.03456134
3358,0.26156598,0.738434
58731,0.941143,0.058857
33040,0.8023101,0.19768988
1332,0.6092225,0.39077753
64249,0.8736317,0.12636833
31018,0.025038224,0.97496176
29469,0.00097131747,0.9990287
61522,0.8849467,0.11505331
62523,0.6719093,0.3280907
39015,0.01688123,0.9831187
20776,0.38002232,0.61997765
10252,0.06561975,0.93438023
55880,0.7806734,0.21932662
7094,0.13571972,0.86428034
58273,0.99688584,0.0031140933
19531,0.001409361,0.99859065
42779,0.033918947,0.966081
36031,0.010755731,0.9892442
8779,0.6474764,0.3525236
4815,0.54962826,0.45037174
61217,0.89918065,0.10081936
41988,0.005266195,0.9947338
30863,0.03854551,0.9614545
53257,0.7621405,0.23785943
63702,0.7853924,0.21460761
50233,0.7624941,0.23750593
15652,0.022203868,0.97779614
3722,0.50692606,0.49307397
48002,0.13134298,0.86865705
46444,0.81236315,0.18763691
16041,0.0020537847,0.9979462
8615,0.030367654,0.96963227
8057,0.82689667,0.1731033
1828,0.7285348,0.27146515
20021,0.0017431182,0.99825686
8024,0.7294989,0.27050105
26079,0.0058708237,0.9941292
13127,0.40832055,0.59167945
31210,0.3991568,0.60084313
56998,0.971085,0.02891502
43804,0.8800656,0.1199344
48867,0.7810931,0.21890692
40017,0.12553504,0.874465
10899,0.85885704,0.14114296
56820,0.9969664,0.0030336448
47774,0.77905667,0.2209433
7926,0.7452191,0.25478095
39610,0.0021908758,0.9978091
12344,0.017031502,0.9829685
2077,0.48848543,0.5115146
55967,0.9997304,0.00026963235
12159,0.79409754,0.2059025
33623,0.4481361,0.5518639
4680,0.63085324,0.36914682
46280,0.7843337,0.21566634
17534,0.0017955832,0.99820435
12060,0.45752475,0.5424753
17674,0.012425998,0.98757404
37975,0.0043313787,0.99566865
33315,0.46537054,0.53462946
2215,0.20337516,0.79662484
45464,0.8769549,0.12304504
792,0.36134088,0.6386591
60407,0.5335203,0.4664797
6546,0.7803025,0.21969745
56996,0.85548705,0.14451303
34543,0.54361314,0.45638686
18830,0.0004540302,0.999546
5972,0.62855226,0.37144774
57081,0.9769604,0.023039643
26517,0.5542427,0.44575736
18919,0.005061677,0.9949384
24081,0.04542809,0.9545719
8785,0.8319704,0.16802959
27368,0.4086085,0.5913915
28944,0.050144576,0.9498554
39795,0.0039107758,0.9960892
6617,0.68702316,0.31297687
59703,0.23450494,0.76549506
50066,0.83101207,0.16898793
48412,0.87635684,0.12364312
63661,0.96339226,0.03660773
26211,0.08584877,0.9141512
34669,0.8286795,0.17132053
5044,0.7511441,0.24885589
41437,0.072145574,0.9278545
61455,0.7264139,0.27358612
48518,0.98658633,0.013413644
719,0.36423212,0.6357679
51312,0.9485181,0.05148183
19112,0.0016729733,0.9983271
41464,0.029216733,0.97078323
10613,0.08109977,0.91890025
34506,0.38656378,0.6134362
45901,0.8803841,0.119615845
51137,0.8989857,0.101014264
14569,0.40836826,0.5916317
60050,0.4566979,0.54330206
3429,0.23960148,0.76039857
17707,0.016542476,0.98345745
48701,0.95662934,0.043370645
26994,0.48887685,0.5111232
27803,0.025341213,0.9746587
36353,0.008741001,0.99125904
55204,0.7696001,0.23039988
16373,0.0012054112,0.99879456
34634,0.637743,0.362257
36340,0.12942822,0.8705718
20741,0.552361,0.447639
30898,0.011061109,0.9889389
62295,0.8590281,0.14097185
34787,0.70679283,0.2932072
21106,0.5925613,0.40743873
21799,0.50477475,0.49522522
38733,0.0067132013,0.9932868
39985,0.0056416085,0.99435836
35131,0.84293383,0.1570661
54317,0.35753265,0.6424674
26374,0.00308098,0.99691904
60523,0.68456423,0.3154358
31586,0.33575577,0.6642443
13446,0.0007621174,0.9992379
36675,0.026914475,0.97308546
21124,0.17093189,0.8290681
41155,0.0066178185,0.9933822
4651,0.2331436,0.7668564
30237,0.5888221,0.41117787
44948,0.89513564,0.10486433
4967,0.7818728,0.21812719
20849,0.17298499,0.827015
2966,0.45271713,0.54728293
18067,0.0022154262,0.99778455
20209,0.001221307,0.99877864
3536,0.12898353,0.87101644
19487,0.004885239,0.9951147
45120,0.62024325,0.37975678
36429,0.0041378457,0.9958621
19582,0.0038491345,0.99615085
2755,0.81164294,0.18835707
32636,0.14148194,0.858518
37246,0.30379984,0.6962002
30547,0.6170949,0.38290513
59455,0.24289034,0.7571097
28860,0.0109295985,0.9890704
44673,0.95317465,0.046825305
35793,0.33909068,0.6609093
47919,0.8120722,0.18792775
65213,0.8137459,0.18625408
16393,0.0050415066,0.99495846
30949,0.2617269,0.73827314
54282,0.7258341,0.274166
27204,0.549634,0.45036602
43559,0.6516101,0.34838995
11321,0.6452961,0.35470384
21172,0.050134975,0.94986504
8868,0.4222528,0.5777472
16408,0.0007410351,0.99925894
8451,0.8967812,0.10321882
59723,0.7416649,0.2583351
40923,0.009750128,0.99024993
56517,0.8642462,0.13575375
44474,0.9681373,0.03186271
46286,0.957011,0.042989008
57634,0.99968624,0.00031376537
37634,0.0049865455,0.9950134
35522,0.33384225,0.6661578
54766,0.4091484,0.5908516
6747,0.053009585,0.94699043
11719,0.37366396,0.62633604
43571,0.8836274,0.1163726
194,0.100759834,0.8992402
24658,0.0104829855,0.98951703
58247,0.9970681,0.002931892
41214,0.09105666,0.90894336
11635,0.007864739,0.9921353
1796,0.20506142,0.79493856
9713,0.52491397,0.47508606
3911,0.5983388,0.4016612
61923,0.74067914,0.2593209
8698,0.019458616,0.9805414
35205,0.75580615,0.24419379
44435,0.9419831,0.058016934
56979,0.9902768,0.009723153
49128,0.93948466,0.060515318
1222,0.32675958,0.6732404
33616,0.40600318,0.59399676
33836,0.3725472,0.6274528
14140,0.5826645,0.41733545
36752,0.077973366,0.9220266
41101,0.0038745112,0.9961255
19742,0.0008809172,0.9991191
23941,0.03483143,0.96516854
60730,0.29807886,0.70192116
19454,0.001203693,0.99879634
33983,0.3435853,0.6564147
34467,0.8987032,0.10129685
60666,0.672513,0.327487
54607,0.122178495,0.8778215
8012,0.045245375,0.95475465
32157,0.42006382,0.57993615
21057,0.07213339,0.9278666
52022,0.5060921,0.49390793
44014,0.9213488,0.07865123
10825,0.1469425,0.85305744
5144,0.7613486,0.2386514
26716,0.0039212215,0.9960788
25718,0.09502045,0.9049795
23567,0.0021293417,0.9978707
8584,0.87362814,0.12637189
53409,0.6777532,0.32224676
50814,0.9152862,0.08471381
17016,0.008745166,0.9912548
59097,0.13234954,0.8676505
3938,0.032376226,0.9676238
56846,0.99972564,0.00027429353
10343,0.31848988,0.68151015
28591,0.68441993,0.3155801
61244,0.81179774,0.18820223
25557,0.6202703,0.37972972
58334,0.9765083,0.023491705
48563,0.83638126,0.16361879
30170,0.22159839,0.7784017
56255,0.9481754,0.05182466
12141,0.02699235,0.9730076
22313,0.03546631,0.9645336
14592,0.37114143,0.6288585
45751,0.55776155,0.44223845
63799,0.34116352,0.6588365
60567,0.7733024,0.22669756
60983,0.81196266,0.18803735
52847,0.91352075,0.08647923
10158,0.038487848,0.96151215
61158,0.8991671,0.100832894
9650,0.6256995,0.37430054
49432,0.9336509,0.06634912
25111,0.012257026,0.987743
46606,0.6126745,0.3873255
2196,0.45220694,0.54779303
61669,0.99803716,0.0019628785
63663,0.94262487,0.057375126
56824,0.9968267,0.003173241
49202,0.704224,0.29577595
46029,0.40930384,0.5906961
43009,0.119713575,0.8802864
52599,0.6063717,0.39362833
11439,0.16663024,0.83336973
61700,0.72433746,0.27566254
50434,0.8083375,0.19166252
3289,0.39237532,0.60762465
45369,0.94907755,0.050922386
7479,0.15837699,0.841623
50728,0.95913815,0.040861823
2014,0.18401007,0.8159899
16152,0.0027088365,0.99729115
45819,0.8321394,0.16786064
30106,0.13910745,0.8608926
2554,0.54614645,0.45385355
29072,0.03955396,0.96044606
22856,0.0008713902,0.99912864
613,0.07658212,0.9234179
61210,0.69368327,0.30631676
48685,0.92911583,0.07088416
63656,0.871581,0.128419
45927,0.9380112,0.061988767
33161,0.21308026,0.7869197
57155,0.58816147,0.4118385
14861,0.0021489717,0.997851
39604,0.000106485015,0.99989355
10462,0.62824625,0.3717537
29935,0.07769647,0.92230356
60712,0.3255179,0.6744821
33119,0.51157063,0.4884294
51287,0.93832976,0.061670296
42385,0.8406416,0.1593584
19588,0.006012868,0.9939871
20821,0.27594835,0.72405165
59179,0.6476082,0.3523918
33169,0.4483796,0.55162036
25876,0.38111547,0.61888456
22194,0.062293146,0.9377068
34935,0.59747255,0.4025274
7384,0.71145374,0.2885463
32397,0.0610675,0.93893254
56155,0.92906195,0.07093806
25490,0.009140313,0.9908597
19648,0.002340472,0.99765956
37530,0.0030786258,0.9969214
28774,0.12432891,0.87567115
11073,0.41655922,0.5834408
54409,0.39810464,0.60189533
45360,0.9579073,0.042092696
22688,0.0056005428,0.9943995
1187,0.13481975,0.86518025
53826,0.8943428,0.105657265
5219,0.45017233,0.5498277
33850,0.42980206,0.57019794
24021,0.02657991,0.9734201
32458,0.13579729,0.8642027
49494,0.7464283,0.25357163
19387,0.0015053737,0.9984946
5076,0.8144505,0.1855495
740,0.48440045,0.5155995
52857,0.6689044,0.3310956
882,0.71303064,0.28696936
37475,0.0013775043,0.99862254
55445,0.80877143,0.19122855
24072,0.002987268,0.99701273
49287,0.8394543,0.16054569
20751,0.23634812,0.76365185
39318,0.10501993,0.8949801
40629,0.11847083,0.8815292
20831,0.20373288,0.7962671
35973,0.03313912,0.9668609
46301,0.5622655,0.4377345
16884,0.0011252419,0.9988747
38233,0.030164773,0.9698352
3100,0.49078664,0.5092133
16775,0.029316384,0.97068363
20957,0.049157687,0.9508424
5271,0.6893862,0.31061384
50638,0.6189602,0.38103977
26119,0.0184018,0.98159826
51898,0.21215135,0.7878487
7644,0.6494807,0.35051927
64153,0.77806073,0.22193928
61228,0.89586246,0.10413755
20358,0.44294828,0.5570517
55879,0.9273405,0.07265948
36994,0.19421805,0.805782
39826,0.00013579683,0.9998642
2664,0.5515044,0.4484956
50375,0.93705374,0.06294629
2006,0.5364193,0.4635807
35454,0.51521975,0.48478022
31027,0.06229624,0.9377038
43152,0.07939205,0.9206079
37353,0.08529731,0.91470265
10176,0.0073860497,0.9926139
20953,0.19217125,0.8078287
18003,0.013706137,0.9862939
7958,0.32451198,0.675488
51444,0.57005423,0.4299458
9,0.056596197,0.9434038
12769,0.1406999,0.85930014
27029,0.5372305,0.4627695
63307,0.2097134,0.7902866
21628,0.00025687614,0.99974316
19219,0.06327883,0.9367212
44784,0.91034245,0.0896576
44200,0.8868777,0.113122314
57849,0.9624014,0.03759868
24066,0.0015001835,0.9984999
54638,0.73623294,0.26376706
37500,0.008021659,0.9919783
58382,0.98407376,0.015926205
5356,0.2915229,0.7084771
10649,0.104193546,0.8958065
28366,0.12668471,0.8733153
48978,0.5809529,0.41904706
32622,0.034185197,0.9658148
46695,0.8429072,0.15709281
59318,0.6606572,0.3393428
48023,0.7827608,0.21723925
50377,0.90347344,0.09652662
17327,0.0028106314,0.99718934
2173,0.8060323,0.19396769
8858,0.08330966,0.9166904
57968,0.98811334,0.011886683
40823,0.19505486,0.8049452
26383,0.0016265049,0.9983735
3074,0.7419992,0.25800076
24314,0.0068672826,0.99313277
41524,0.16015682,0.83984315
36260,0.1586977,0.8413023
38580,0.009673409,0.9903266
3235,0.4323044,0.56769556
27142,0.0016705642,0.99832946
2236,0.6184617,0.38153824
42599,0.8805692,0.11943081
5795,0.7063659,0.29363415
25603,0.13532422,0.86467576
27287,0.010122094,0.9898779
7146,0.925663,0.07433697
55539,0.84702355,0.15297644
4638,0.06018593,0.93981403
35363,0.8770624,0.122937635
25045,0.0020557216,0.9979443
59295,0.28142437,0.7185756
28157,0.002115329,0.9978847
29772,0.008055325,0.9919446
33113,0.747344,0.252656
21871,0.04814722,0.95185274
10926,0.43343604,0.56656396
16911,0.0628963,0.93710375
48841,0.9465217,0.053478293
43607,0.9074688,0.09253118
16714,0.00064397365,0.999356
48508,0.6030437,0.39695632
60207,0.42112428,0.5788757
19118,0.0054138224,0.9945861
49163,0.89803666,0.101963304
37136,0.060857747,0.9391422
33035,0.19439784,0.80560213
45188,0.74092066,0.25907934
21885,0.18662554,0.81337446
57544,0.99987304,0.00012697485
37670,0.120180026,0.8798199
41541,0.07233766,0.9276624
5865,0.65588635,0.34411365
42538,0.72766453,0.2723354
24348,0.0047104848,0.99528956
45300,0.91726315,0.082736894
38626,0.30260453,0.69739544
46873,0.83398414,0.16601583
8569,0.84973246,0.15026751
61311,0.8254047,0.17459525
8038,0.3221497,0.6778503
18852,0.013333238,0.98666674
5465,0.43948656,0.56051344
43833,0.9463979,0.053602044
37339,0.016747897,0.98325205
54080,0.8227664,0.17723356
16787,0.008296406,0.9917035
37898,0.1476243,0.85237575
18727,0.0017820725,0.9982179
30419,0.016667651,0.9833324
53754,0.34687898,0.653121
12931,0.028700845,0.9712992
3494,0.34777987,0.6522202
29197,0.1482158,0.8517842
1782,0.29632637,0.70367366
12402,0.57837063,0.4216294
44372,0.9060525,0.09394755
33055,0.39715296,0.60284704
59329,0.73331875,0.2666812
59238,0.55686116,0.44313887
13431,0.44500816,0.55499184
51133,0.92423284,0.07576715
55998,0.8423713,0.15762873
36731,0.003337221,0.9966628
13977,0.0013677145,0.99863225
35661,0.129037,0.87096304
49612,0.93352115,0.06647881
40670,0.03389876,0.9661013
47764,0.47410107,0.5258989
32448,0.0709766,0.92902344
16917,0.009172174,0.99082786
52327,0.7306942,0.2693058
40797,0.6274583,0.37254173
26094,0.0029964296,0.9970036
16580,0.005330256,0.99466974
59523,0.6532423,0.34675768
38717,0.0010968414,0.99890316
51363,0.7873875,0.21261255
63463,0.19503897,0.80496097
10748,0.009930509,0.99006945
51254,0.87008464,0.12991539
20100,0.00050456286,0.9994954
60410,0.25665024,0.74334973
44358,0.84107125,0.15892877
25670,0.11217182,0.8878282
548,0.36169913,0.63830084
60247,0.59529763,0.4047024
20153,0.00074156496,0.99925846
34088,0.5421286,0.45787132
46944,0.7041225,0.29587758
5281,0.94566154,0.05433846
6769,0.92962945,0.07037059
4832,0.06726749,0.93273246
23058,0.016708761,0.98329127
57423,0.97790045,0.022099558
24943,0.020928191,0.9790718
49643,0.941316,0.058684062
19204,0.016746107,0.9832539
48778,0.8024237,0.19757625
46454,0.75439,0.24560997
42648,0.05847169,0.9415283
63395,0.2878773,0.71212274
32325,0.7836654,0.21633457
8343,0.64947635,0.35052362
35778,0.22231993,0.7776801
43565,0.98388183,0.016118111
9531,0.45946866,0.5405313
51539,0.7096228,0.2903772
27629,0.026768029,0.97323203
13069,0.19659977,0.8034002
20175,0.0055146795,0.9944853
13754,0.16134699,0.83865297
23891,0.020715233,0.97928476
30657,0.44926462,0.55073535
42416,0.3610449,0.6389551
1084,0.35628796,0.64371204
24796,0.20979199,0.790208
4725,0.15403311,0.84596694
26077,0.0056048464,0.99439514
33985,0.45451698,0.545483
4192,0.059358083,0.94064194
50117,0.53172785,0.46827212
50475,0.7992,0.2008
5916,0.35493976,0.6450602
52590,0.6546719,0.34532815
63817,0.46981096,0.5301891
6543,0.87609637,0.12390359
38597,0.10604073,0.8939593
62985,0.7988711,0.20112894
62419,0.73591536,0.26408467
588,0.32668406,0.67331594
57132,0.9880448,0.0119552165
30253,0.027104074,0.97289586
34922,0.64765656,0.3523435
35699,0.01941867,0.9805814
45169,0.8556399,0.1443601
5945,0.8160369,0.18396308
9857,0.47146693,0.5285331
10957,0.37414047,0.6258595
49747,0.32478914,0.67521083
10796,0.0055407216,0.9944593
2254,0.65218824,0.3478118
52200,0.93294793,0.06705207
28775,0.012933019,0.9870669
28493,0.009680035,0.9903199
13004,0.004792817,0.99520713
1416,0.871667,0.12833297
45867,0.95057535,0.049424622
50102,0.56482303,0.43517694
25179,0.004202577,0.9957974
25535,0.01713609,0.9828639
18893,0.0025108638,0.9974891
25621,0.42134258,0.57865745
103,0.044105064,0.95589495
37882,0.044942554,0.9550575
13167,0.006738297,0.99326175
25110,0.002820653,0.9971794
64770,0.7081795,0.29182053
12294,0.0034692874,0.9965307
47316,0.86295074,0.13704929
2898,0.22530678,0.77469325
48353,0.90336883,0.096631125
33669,0.41120172,0.5887983
24002,0.00082894525,0.99917114
27389,0.021552488,0.9784475
47682,0.8233565,0.17664352
50916,0.7964009,0.2035991
44789,0.9548106,0.045189373
7297,0.72322696,0.2767731
36197,0.024705397,0.9752946
31857,0.048214372,0.95178556
22800,0.0026628203,0.99733716
33831,0.5104924,0.4895076
51449,0.6753649,0.32463512
48973,0.95036006,0.04963989
32522,0.5694921,0.43050793
50407,0.973422,0.026578043
6793,0.19338314,0.80661684
17987,0.0009849474,0.9990151
27161,0.21861894,0.781381
44549,0.92383873,0.07616133
35097,0.5125767,0.48742327
1351,0.3086917,0.69130826
51962,0.805214,0.19478598
34040,0.3858589,0.61414117
50811,0.82128674,0.17871329
8061,0.91181433,0.08818566
6698,0.07438032,0.92561966
56035,0.9420672,0.05793283
43110,0.041426413,0.9585736
3357,0.6169702,0.3830298
611,0.7151303,0.28486967
17342,0.016003499,0.98399657
62254,0.8211321,0.17886785
5473,0.75012064,0.24987939
1419,0.8264584,0.17354164
14953,0.08697485,0.9130251
16412,0.0020371987,0.99796283
33287,0.3571796,0.64282036
2501,0.88398385,0.11601614
33627,0.37557745,0.62442255
27380,0.10322159,0.8967784
35074,0.79007053,0.20992945
49329,0.5444733,0.4555267
2500,0.884643,0.11535695
47294,0.4301478,0.56985223
18340,0.0011310374,0.9988689
48584,0.5648215,0.43517855
37911,0.02608419,0.9739159
65120,0.8822368,0.11776322
56138,0.99926084,0.0007392048
16126,0.00058247685,0.99941754
52749,0.9380111,0.061988894
61444,0.8837434,0.11625664
31069,0.0646989,0.9353011
27734,0.0066279513,0.9933721
32163,0.08905998,0.91094005
29093,0.0054913233,0.9945087
34587,0.55370677,0.4462932
11024,0.06791583,0.93208414
59559,0.7128099,0.2871901
44941,0.90851814,0.091481864
51217,0.93431,0.065690026
15968,0.0057616723,0.9942384
32739,0.098817974,0.90118206
39205,0.0019469109,0.9980531
34816,0.7260975,0.27390248
21742,0.3693786,0.63062143
1613,0.5200262,0.47997385
9459,0.81843346,0.18156652
62174,0.84526664,0.15473333
34684,0.55460685,0.4453932
21931,0.33156982,0.6684302
36408,0.006483543,0.99351645
26986,0.16176002,0.83824
57126,0.9469823,0.053017672
12821,0.33069673,0.66930324
2492,0.8798674,0.12013259
57030,0.95553553,0.04446446
6190,0.68582004,0.3141799
30167,0.027665062,0.972335
37913,0.045223374,0.9547766
48378,0.5237489,0.4762511
22997,0.0034274338,0.9965726
10757,0.5636542,0.4363458
13676,0.0997067,0.9002933
35258,0.8212635,0.1787365
21725,0.1657405,0.8342595
60109,0.29849508,0.7015049
26775,0.3031981,0.6968019
58357,0.97577196,0.024228085
60104,0.773714,0.226286
57976,0.97859347,0.021406483
49567,0.7038949,0.2961051
500,0.9713112,0.028688805
51550,0.7953941,0.20460585
870,0.73344857,0.26655146
48664,0.8536198,0.1463802
30047,0.010117948,0.98988205
41355,0.028772311,0.97122765
44530,0.90058684,0.09941319
32942,0.24461356,0.7553865
43001,0.019214982,0.980785
11558,0.2807667,0.71923333
16719,0.0009719678,0.9990281
18155,0.0011199014,0.9988801
55856,0.8344915,0.1655085
57676,0.99983287,0.00016710692
44250,0.77565736,0.22434266
38192,0.0012422309,0.9987577
3473,0.74589705,0.25410295
43937,0.945086,0.054913998
24602,0.046760805,0.9532392
32126,0.13772787,0.8622722
12125,0.0115158055,0.9884842
16797,0.04811328,0.95188665
16598,0.0016231866,0.99837685
6647,0.34149873,0.65850127
12503,0.015436202,0.9845638
30410,0.01650131,0.98349863
24919,0.0662735,0.9337265
15261,0.20848133,0.7915186
36677,0.025845712,0.9741543
2198,0.4123983,0.58760166
53346,0.43497095,0.5650291
51632,0.8512287,0.14877127
31035,0.019680116,0.98031986
27365,0.024337532,0.9756624
19240,0.017802138,0.9821978
34723,0.7549979,0.24500206
38347,0.052338295,0.94766176
53014,0.8071583,0.19284171
2638,0.6926612,0.30733874
18808,0.00014662174,0.9998534
11271,0.03268538,0.96731454
50281,0.6846444,0.31535563
39498,0.054155115,0.9458448
64598,0.7374596,0.2625404
63719,0.5399157,0.46008438
60283,0.4131327,0.5868673
40749,0.75062734,0.24937266
13266,0.5521409,0.4478591
5665,0.3192454,0.6807546
44361,0.92790467,0.07209533
54561,0.6754541,0.32454592
35262,0.84384733,0.15615268
40933,0.024136938,0.9758631
53840,0.5457526,0.45424744
50782,0.735401,0.264599
2181,0.7601071,0.23989293
27299,0.0035298697,0.9964701
21681,0.16808416,0.8319158
52819,0.9376084,0.062391624
18051,0.049067162,0.9509328
25584,0.1101507,0.88984925
34513,0.7435687,0.25643122
37873,0.38794473,0.6120553
24409,0.0022750706,0.99772495
47532,0.94206834,0.057931617
36562,0.055114966,0.944885
42265,0.016485414,0.98351455
21492,0.23407085,0.76592916
14219,0.09845907,0.9015409
35267,0.8644728,0.13552724
54958,0.95792043,0.04207958
55618,0.7350136,0.2649864
10564,0.52723527,0.4727648
64347,0.7178969,0.28210312
28172,0.20848514,0.79151493
33421,0.13381112,0.8661889
23204,0.021744758,0.9782552
49762,0.8511583,0.14884171
45127,0.38933635,0.61066365
63429,0.30123115,0.6987689
11035,0.024294864,0.9757051
8652,0.3863856,0.61361444
35646,0.11486449,0.88513553
32070,0.16765349,0.8323465
4994,0.6880427,0.31195733
23576,0.732603,0.267397
45676,0.8628471,0.13715287
63765,0.6374479,0.36255214
9571,0.866896,0.13310407
39093,0.004263881,0.9957361
13307,0.17910294,0.8208971
46765,0.91157335,0.08842669
46563,0.77438253,0.22561748
59771,0.27611157,0.7238884
31012,0.2977834,0.7022166
55004,0.7305906,0.26940945
29380,0.06621093,0.9337891
10850,0.83678246,0.16321754
46860,0.81762147,0.18237856
41018,0.13058816,0.8694118
52729,0.7633334,0.23666663
24185,0.011835838,0.9881642
40220,0.07903062,0.92096937
30140,0.009207004,0.99079293
64531,0.86969215,0.13030784
49523,0.88770854,0.11229149
53100,0.8639033,0.13609676
32711,0.18811277,0.8118872
47666,0.71754867,0.28245136
53005,0.9433619,0.05663804
12666,0.56868577,0.43131423
15318,0.79307073,0.2069293
18664,0.0341563,0.9658436
32993,0.33047292,0.6695271
52789,0.48872846,0.51127154
358,0.2966319,0.70336807
7240,0.12782905,0.8721709
16711,0.005211199,0.99478877
26747,0.008614542,0.99138546
31997,0.089378074,0.9106219
13671,0.07463224,0.9253678
34958,0.6323201,0.36767992
62194,0.8972948,0.10270522
35970,0.06739647,0.9326035
18234,0.0007458268,0.99925417
35455,0.8843722,0.115627855
11412,0.090834275,0.9091657
15153,0.7600273,0.2399727
54711,0.90436494,0.09563504
14380,0.2329356,0.76706433
36232,0.005541583,0.99445844
1279,0.5508267,0.44917327
45632,0.7911978,0.20880218
39132,0.01560451,0.9843955
4472,0.35464567,0.64535433
33551,0.80695957,0.19304036
13293,0.07637407,0.92362595
45333,0.91961294,0.08038712
250,0.37574914,0.6242508
34341,0.2691384,0.7308616
1582,0.9501908,0.049809217
8555,0.014698571,0.98530143
52359,0.96386534,0.03613466
30699,0.10690041,0.8930996
19818,0.003149927,0.9968501
27780,0.009958096,0.99004185
48856,0.92770916,0.07229077
41420,0.037552267,0.96244776
12857,0.049438734,0.9505612
56773,0.98791075,0.012089265
52376,0.4618956,0.53810436
49209,0.87542355,0.12457647
63498,0.7859468,0.21405324
48990,0.4602658,0.5397342
6612,0.62251574,0.37748426
35313,0.62315786,0.3768422
13680,0.5193654,0.4806346
37011,0.2221794,0.77782065
43547,0.79198194,0.20801799
43981,0.9444662,0.055533823
48730,0.8365331,0.16346686
26384,0.0006436562,0.9993563
54732,0.7386961,0.26130393
8918,0.3686688,0.63133126
17020,0.010869842,0.98913014
57342,0.99919814,0.00080186926
43038,0.04482567,0.95517427
37276,0.000983151,0.9990169
14061,0.07665521,0.9233448
48209,0.93895024,0.061049674
53558,0.40654927,0.5934507
27762,0.014076579,0.9859234
9218,0.2652495,0.73475045
21312,0.04416043,0.95583963
49382,0.9698471,0.030152911
48721,0.6796225,0.3203775
17713,0.001419612,0.99858046
36130,0.07102464,0.9289753
31902,0.29770365,0.7022963
30468,0.0020389073,0.99796104
14815,0.32856458,0.6714354
18395,0.0013816034,0.99861836
24368,0.00033898637,0.99966097
10096,0.7567198,0.24328017
26541,0.6698501,0.33014986
38251,0.14225738,0.8577426
57032,0.97251344,0.027486555
2561,0.74374795,0.2562521
59752,0.16099417,0.8390059
4849,0.22909881,0.77090114
1610,0.921381,0.07861901
2820,0.21357651,0.7864235
62170,0.6109824,0.3890176
16528,0.0014753501,0.9985247
16068,0.0012714977,0.99872845
20352,0.4266768,0.5733232
60658,0.25696006,0.7430399
34600,0.84825283,0.1517472
19446,0.0009897816,0.9990102
44809,0.9514243,0.04857575
6946,0.7121612,0.2878388
9091,0.58087766,0.41912234
34530,0.8843722,0.115627855
10905,0.17798181,0.82201815
53522,0.63283026,0.36716974
50777,0.23155992,0.7684401
15987,0.0012661464,0.9987338
59494,0.46588698,0.534113
7575,0.4660706,0.53392935
7430,0.484463,0.51553696
29828,0.013430246,0.9865697
18766,0.00045382424,0.9995461
60520,0.6497824,0.3502176
57983,0.97934806,0.02065188
46673,0.75699735,0.24300261
44966,0.94215804,0.057841983
26041,0.0045577874,0.99544215
22389,0.09578891,0.9042111
36609,0.01483638,0.9851636
1507,0.57474244,0.42525762
51675,0.87904835,0.12095168
59539,0.14134616,0.8586538
37064,0.22852138,0.7714786
43282,0.92166966,0.0783303
7270,0.560025,0.43997502
61182,0.95720077,0.04279918
27226,0.0015037061,0.9984963
8434,0.5795445,0.42045552
4841,0.7039796,0.2960204
6702,0.46655267,0.5334473
62889,0.6107483,0.38925168
35536,0.6820457,0.31795427
30092,0.60895056,0.3910494
63841,0.7303577,0.26964235
37248,0.60179716,0.3982028
36502,0.00064851565,0.99935144
28409,0.012013847,0.98798615
62762,0.77196294,0.22803707
36347,0.03952093,0.9604791
46947,0.41290998,0.58708996
36885,0.0060794638,0.99392056
21144,0.26291302,0.737087
17,0.02974315,0.97025687
61465,0.9956376,0.0043624425
15791,0.00043622233,0.99956375
4953,0.71319705,0.28680298
9839,0.43815374,0.56184626
9001,0.82200927,0.17799072
27388,0.0144033125,0.9855967
7225,0.4552513,0.54474866
34202,0.5694942,0.43050584
63588,0.8400664,0.15993358
56577,0.91129017,0.088709846
54309,0.71225697,0.28774303
303,0.25160894,0.7483911
23699,0.035518494,0.96448153
38610,0.009571642,0.9904283
44705,0.92632955,0.07367041
3102,0.065602906,0.9343971
30396,0.0048457733,0.99515426
16505,0.08296008,0.91703993
51855,0.8280284,0.17197168
43541,0.9422009,0.057799023
44702,0.9181813,0.081818715
9396,0.79226905,0.20773093
64808,0.7503128,0.24968724
64841,0.75383586,0.24616413
31129,0.0004637469,0.9995363
48170,0.8195366,0.18046339
51702,0.82285875,0.17714128
31042,0.04881244,0.9511876
56550,0.7562626,0.24373735
41071,0.112418175,0.8875818
51193,0.9369884,0.06301159
6705,0.54409015,0.45590988
34047,0.33351484,0.66648513
55336,0.62895215,0.37104788
55751,0.58184326,0.41815668
23285,0.018314458,0.9816855
42794,0.013665111,0.9863349
50412,0.7895409,0.21045916
30763,0.0043386524,0.9956613
22225,0.0116929095,0.98830706
4684,0.4267668,0.5732331
63711,0.65030843,0.34969157
35634,0.25999594,0.7400041
2109,0.4116153,0.58838475
63968,0.9601087,0.03989133
19727,0.006823797,0.9931763
5067,0.18902886,0.8109711
21097,0.08086733,0.9191327
56934,0.9659275,0.034072544
49444,0.86456877,0.1354312
44230,0.8697231,0.1302769
59585,0.33728316,0.6627168
9229,0.78082114,0.21917886
27220,0.03414288,0.9658571
52119,0.8936772,0.106322885
33037,0.28813693,0.71186304
48913,0.89511347,0.10488654
55916,0.9327313,0.06726876
25210,0.0016308703,0.99836916
29106,0.056079917,0.94392
63366,0.1690343,0.8309657
12776,0.6509266,0.34907347
23036,0.008508084,0.991492
55094,0.6673897,0.3326103
48352,0.76734674,0.23265322
64098,0.38013682,0.61986315
59541,0.021409862,0.9785902
40008,0.0061400183,0.99386
34215,0.16888104,0.83111894
30374,0.04934025,0.9506597
57875,0.9895951,0.010404803
40848,0.054101944,0.94589806
58692,0.9723244,0.027675608
61397,0.7876184,0.21238156
5230,0.4385374,0.5614626
22044,0.24096747,0.7590325
56300,0.9429956,0.057004355
5560,0.61581594,0.3841841
1277,0.53675544,0.46324456
19343,0.0139233135,0.9860767
39771,0.0075578135,0.99244225
12015,0.75760883,0.24239118
61986,0.6630705,0.33692953
45251,0.9565062,0.043493807
50528,0.951318,0.04868198
31994,0.20299211,0.79700786
6411,0.31717578,0.68282425
33438,0.15596034,0.8440397
54461,0.70700866,0.2929914
55944,0.999185,0.00081501924
24778,0.59503484,0.40496513
17307,0.006067685,0.9939323
54759,0.63941294,0.36058703
16256,0.027993076,0.97200686
63876,0.67285573,0.32714427
43762,0.83575344,0.1642465
51753,0.8604504,0.1395496
18764,0.00020545932,0.99979454
32905,0.28031617,0.7196839
688,0.3634503,0.6365497
51722,0.76661557,0.23338446
37228,0.08283034,0.9171697
4560,0.54204875,0.4579512
26416,0.089453176,0.9105469
801,0.69222075,0.30777925
24341,0.0013100773,0.99868995
59212,0.65035486,0.34964514
102,0.25775036,0.7422496
30917,0.003432731,0.99656725
494,0.7231187,0.2768813
7969,0.885473,0.114526965
11732,0.3588413,0.6411587
53540,0.90539944,0.09460056
33008,0.40010282,0.59989715
53610,0.934131,0.065868914
55502,0.5074274,0.49257258
10743,0.20681499,0.793185
54948,0.87890595,0.12109403
33185,0.33118922,0.6688108
30942,0.57595503,0.424045
41212,0.09020708,0.9097929
50627,0.863415,0.13658494
21175,0.06443899,0.93556106
12622,0.54160416,0.45839584
27961,0.13113828,0.86886173
8728,0.04379475,0.95620525
475,0.7771548,0.22284521
37060,0.15900588,0.8409942
27473,0.6802911,0.31970888
53022,0.91932833,0.080671646
45803,0.62412584,0.37587413
42796,0.34008852,0.65991145
41612,0.023068106,0.97693187
25365,0.0006123281,0.9993876
48783,0.7570466,0.24295345
20490,0.47891644,0.5210836
29113,0.05252235,0.94747764
11417,0.11663135,0.8833686
57464,0.913609,0.08639101
34042,0.37323403,0.62676597
8323,0.0018290414,0.998171
52301,0.6888016,0.31119838
34024,0.27549317,0.7245068
24199,0.0223029,0.97769713
64298,0.896286,0.10371395
53957,0.8238304,0.17616954
16948,0.002622331,0.99737763
11922,0.17667569,0.8233243
48251,0.93407416,0.0659259
24478,0.0018656931,0.9981343
18817,0.00074838515,0.99925154
57217,0.9254616,0.07453841
44879,0.9623816,0.037618387
16552,0.0010050017,0.998995
58756,0.78042305,0.21957693
13329,0.45379418,0.5462058
46121,0.7035149,0.2964851
16476,0.00047930816,0.99952066
5050,0.016149698,0.98385036
54911,0.49237072,0.5076293
20679,0.28682008,0.71317995
58941,0.74395716,0.2560429
63231,0.81423193,0.18576808
41140,0.101065405,0.8989346
41309,0.10829272,0.8917073
49804,0.7367578,0.26324224
57581,0.9998882,0.00011179531
48317,0.46178705,0.53821295
19969,0.0026648561,0.99733514
20079,0.00073752244,0.9992625
55384,0.41909,0.58091
12431,0.12246301,0.877537
41702,0.022217,0.977783
64224,0.7114308,0.28856918
36763,0.0142771425,0.98572284
59793,0.71554047,0.2844595
29948,0.0427873,0.9572127
3170,0.90051985,0.099480145
13800,0.00938976,0.9906102
34500,0.6613146,0.33868542
315,0.42016098,0.57983905
15577,0.0019857432,0.9980142
42012,0.033994272,0.9660057
47178,0.95409125,0.04590876
21125,0.11341593,0.8865841
34676,0.77535045,0.2246495
6188,0.60304976,0.39695024
1677,0.7929487,0.20705123
3752,0.6220752,0.37792477
9691,0.3696783,0.63032174
52264,0.6674922,0.33250785
10599,0.57327896,0.42672104
64010,0.8664758,0.13352421
25806,0.48881352,0.5111865
46109,0.7187191,0.28128088
51739,0.48805472,0.51194525
32787,0.25448757,0.7455124
18653,0.0006484174,0.99935156
2465,0.29032794,0.7096721
13221,0.74038005,0.25961995
18563,0.0016661476,0.9983339
42293,0.062792435,0.93720764
28842,0.17158186,0.8284181
9333,0.47339022,0.5266098
55617,0.17976867,0.8202314
16962,0.001208078,0.998792
46895,0.6892906,0.31070942
28052,0.0021937506,0.99780625
45351,0.6760988,0.32390118
2385,0.77462375,0.2253763
61126,0.98671615,0.013283847
32511,0.26664025,0.73335975
19057,0.002725452,0.9972746
44303,0.77638084,0.22361915
27813,0.0035908408,0.9964091
56178,0.7487553,0.25124472
48072,0.83910733,0.16089272
56891,0.82492316,0.17507687
57693,0.99924684,0.0007531342
1216,0.339309,0.660691
33428,0.18713318,0.8128668
63174,0.16585608,0.83414394
18836,0.009406999,0.990593
16891,0.017175615,0.98282444
12990,0.045695614,0.95430434
15185,0.018089104,0.9819109
7960,0.8244959,0.17550404
49732,0.53311175,0.46688822
54594,0.9297061,0.07029387
61437,0.6109824,0.3890176
1096,0.69007784,0.30992222
26287,0.07777081,0.92222923
8761,0.08019672,0.9198033
3380,0.7171698,0.28283012
26291,0.0159016,0.9840984
64016,0.925339,0.07466097
33390,0.23892985,0.76107013
47350,0.8332652,0.16673483
59272,0.27954358,0.72045636
62436,0.9898253,0.010174742
29363,0.29698858,0.70301145
21208,0.9226272,0.07737276
31150,0.020603199,0.9793968
65037,0.738858,0.26114196
34991,0.8152056,0.18479446
31245,0.35931566,0.6406843
13146,0.43708086,0.5629191
29319,0.18259771,0.8174023
38350,0.08340553,0.91659445
58407,0.97583187,0.024168141
3223,0.035976343,0.96402365
37331,0.020053549,0.97994643
18483,0.005412706,0.9945873
33833,0.40043423,0.59956574
38416,0.09067356,0.90932643
6868,0.27357683,0.72642314
25274,0.004681867,0.9953181
26567,0.39653754,0.6034625
62356,0.63435215,0.36564785
32747,0.11998265,0.88001734
21199,0.09075975,0.90924025
45325,0.95606184,0.043938167
49675,0.91365844,0.08634152
22263,0.0362456,0.9637544
40685,0.034242187,0.9657578
11611,0.40932837,0.5906716
12523,0.033259664,0.96674037
54299,0.5147395,0.48526046
23042,0.0032519982,0.996748
48178,0.8497778,0.15022215
35453,0.3959703,0.60402966
34464,0.6838104,0.31618962
25076,0.0021674063,0.9978326
51202,0.9715968,0.0284032
54473,0.43401912,0.56598085
21807,0.007862154,0.99213785
8339,0.418094,0.581906
39186,0.00022853,0.99977154
53106,0.46725592,0.5327441
19923,0.00017201432,0.999828
28103,0.012358941,0.98764104
42428,0.7217167,0.27828327
17173,0.0028412542,0.99715877
40615,0.079057686,0.92094225
34914,0.6165477,0.3834523
16710,0.007421263,0.9925787
14089,0.7045496,0.29545036
15792,0.00055354997,0.99944645
37036,0.23840398,0.761596
39505,0.055154312,0.9448457
16727,0.0028685238,0.99713147
50827,0.8352509,0.16474906
40698,0.10602821,0.89397174
51135,0.8477988,0.15220119
28080,0.048797544,0.95120245
10310,0.004267867,0.9957321
30408,0.008438351,0.9915617
34463,0.67545927,0.32454073
32110,0.10633258,0.89366746
13240,0.5064774,0.49352258
62576,0.7870404,0.21295957
6598,0.60747284,0.39252713
17197,0.341878,0.658122
22041,0.6736326,0.32636744
50034,0.86537415,0.13462585
46340,0.5967042,0.4032958
4416,0.6128803,0.38711974
57328,0.96381164,0.03618829
38778,0.030405695,0.9695943
24410,0.0011730252,0.9988269
55296,0.5215241,0.47847596
2539,0.55424875,0.44575122
17911,0.0066927657,0.9933073
671,0.01780891,0.9821911
8750,0.35248893,0.64751107
9897,0.4139445,0.58605546
20235,0.0024401234,0.9975599
63325,0.56620026,0.4337997
48058,0.58133507,0.41866493
55481,0.58910036,0.41089964
31529,0.2713399,0.72866005
50391,0.95094216,0.049057797
4793,0.7974876,0.2025124
24617,0.0037356773,0.9962643
52695,0.86358464,0.13641542
64651,0.8919689,0.10803112
35674,0.024289375,0.97571063
13706,0.57903194,0.4209681
2469,0.6696701,0.33032992
33987,0.35528168,0.64471835
2624,0.4664196,0.5335804
23682,0.013516111,0.9864839
53057,0.9359607,0.064039305
5115,0.5259143,0.4740857
29911,0.4413411,0.5586589
60227,0.5803336,0.41966647
20011,0.014731495,0.98526853
26218,0.0076103406,0.9923896
38066,0.07263538,0.9273646
61247,0.711053,0.28894702
63180,0.579749,0.42025107
37541,0.36863345,0.6313666
59320,0.72801274,0.27198726
55362,0.90664005,0.09335993
2965,0.74033314,0.25966692
29781,0.013404044,0.9865959
52331,0.6107841,0.38921592
63469,0.82607204,0.173928
7355,0.7093644,0.29063556
27351,0.0034994804,0.9965005
23884,0.00788033,0.99211967
4961,0.41535944,0.5846406
16612,0.014647149,0.9853528
46639,0.7394647,0.2605353
18676,0.0006658978,0.99933404
16876,0.0021616162,0.99783844
41030,0.38577804,0.61422193
615,0.100330025,0.89966995
7797,0.097715534,0.90228444
44211,0.6535935,0.3464065
8216,0.43541014,0.56458986
12667,0.11478566,0.8852143
62627,0.7837667,0.21623327
1290,0.39612928,0.6038707
32645,0.109725595,0.8902744
39465,0.010242843,0.9897572
16556,0.00077882793,0.9992212
36626,0.13841982,0.86158013
65158,0.68670183,0.31329814
18487,0.0066453293,0.9933547
4082,0.2355881,0.7644119
21445,0.130571,0.869429
64565,0.7493991,0.2506009
29620,0.018937364,0.9810626
23836,0.45271978,0.5472802
52351,0.80535394,0.19464602
43031,0.034503568,0.9654965
21959,0.2710705,0.72892946
21991,0.4051315,0.59486854
52981,0.77317524,0.22682472
37578,0.054467157,0.9455329
21815,0.4473551,0.5526449
11572,0.7491712,0.25082877
45192,0.8477716,0.15222846
44400,0.90166116,0.09833883
42735,0.03785382,0.96214616
2645,0.17774619,0.8222538
32992,0.33091682,0.66908324
59885,0.9367803,0.06321972
33016,0.23291239,0.76708764
47709,0.3301617,0.6698383
32033,0.27320087,0.72679913
39831,0.0010484403,0.99895155
44946,0.825641,0.17435907
30921,0.01065966,0.98934036
198,0.59759897,0.40240106
1369,0.5166776,0.48332238
55030,0.9387177,0.061282206
43211,0.659247,0.340753
51122,0.9235724,0.07642754
8736,0.55760795,0.44239208
43712,0.94562393,0.054376096
27887,0.081284784,0.91871524
36423,0.0075988653,0.9924011
63494,0.34772044,0.6522796
6477,0.6987976,0.3012024
13546,0.0003676353,0.99963236
48847,0.90389055,0.096109375
33891,0.26602155,0.73397845
61828,0.8827654,0.117234595
51469,0.8952697,0.1047303
13890,0.0036708852,0.9963291
61833,0.78010195,0.21989802
15886,0.05048538,0.94951457
37973,0.0033352803,0.9966647
34857,0.8009987,0.19900131
39273,0.019753946,0.9802461
46969,0.9458247,0.054175265
6127,0.2756674,0.7243326
16972,0.013485583,0.9865144
62841,0.67627907,0.32372096
56476,0.95437837,0.045621578
45244,0.88018835,0.11981162
37798,0.027777294,0.97222275
12423,0.013843071,0.98615694
31291,0.07592429,0.9240757
41219,0.3426177,0.6573823
49877,0.6833496,0.31665036
17528,0.003078204,0.9969217
2101,0.9739014,0.026098581
63416,0.7407989,0.2592011
36228,0.013226071,0.98677397
2114,0.97634923,0.02365079
42706,0.019432114,0.9805679
44264,0.9566539,0.043346077
16753,0.0051740226,0.9948259
28797,0.4051671,0.5948329
62120,0.9984794,0.0015206091
2149,0.75658137,0.2434186
16593,0.006957035,0.99304295
59648,0.83509886,0.1649012
15513,0.5672555,0.43274453
64252,0.8100783,0.18992169
1524,0.8569358,0.14306423
31509,0.07038724,0.92961276
8832,0.62105775,0.3789423
4178,0.25225258,0.7477474
46511,0.36463565,0.6353644
40214,0.056740385,0.94325966
10631,0.8140352,0.18596485
4184,0.86784923,0.13215072
12056,0.80977184,0.1902281
50561,0.901764,0.09823603
47635,0.9171934,0.082806535
10469,0.36446154,0.63553846
9483,0.8132397,0.18676029
9597,0.37715286,0.6228472
57851,0.9840502,0.015949724
58672,0.8821199,0.11788009
17369,0.0031825153,0.99681747
35554,0.8726497,0.12735026
64867,0.8517987,0.14820127
24523,0.002789324,0.9972107
61932,0.94722646,0.052773584
23613,0.18188053,0.8181195
63254,0.14218484,0.85781515
58309,0.9750693,0.024930641
41855,0.3461737,0.6538263
10655,0.121680826,0.8783192
232,0.42624965,0.5737503
6059,0.012120968,0.987879
47354,0.6111973,0.38880268
18936,0.002117353,0.99788266
57049,0.97445506,0.025544975
29788,0.044162355,0.95583767
61832,0.9470847,0.052915264
24896,0.08007962,0.91992044
7769,0.11655071,0.88344926
64222,0.45461583,0.54538417
40341,0.0014852498,0.9985147
62390,0.69407594,0.3059241
28839,0.09843066,0.90156937
27313,0.017029727,0.98297024
30078,0.0024832499,0.99751675
63247,0.45835522,0.54164475
61711,0.6367538,0.3632462
5181,0.35833144,0.64166856
45186,0.87051547,0.12948455
52361,0.92110234,0.07889763
6798,0.2018118,0.79818815
4896,0.84553105,0.15446897
37257,0.41619852,0.5838015
31589,0.12693441,0.8730656
61031,0.94023263,0.05976734
7613,0.39901036,0.6009896
8410,0.52468336,0.4753166
23953,0.032179497,0.96782047
42521,0.00838916,0.9916108
17944,0.0019399936,0.99806005
56044,0.8852586,0.11474143
23860,0.033281546,0.9667184
3408,0.0075137634,0.99248624
37076,0.039327025,0.960673
50252,0.9604704,0.039529655
27806,0.003958046,0.996042
28534,0.04738387,0.9526161
35184,0.52070767,0.4792923
32805,0.069483295,0.9305167
23494,0.0034103324,0.99658966
18260,0.02160129,0.97839874
46649,0.7880441,0.21195589
29929,0.119874835,0.8801251
58380,0.9764341,0.023565855
60965,0.60174185,0.39825815
30884,0.11321252,0.8867875
59527,0.15784389,0.84215605
31153,0.29775244,0.7022476
22739,0.009299951,0.99070007
2560,0.43265823,0.5673418
49198,0.87223876,0.12776119
56214,0.90731233,0.092687614
47994,0.5018514,0.49814862
28882,0.0014510198,0.9985489
46626,0.85297865,0.14702141
43181,0.08352672,0.91647327
6524,0.96486634,0.035133626
59204,0.1492639,0.8507361
45436,0.7575388,0.24246119
6867,0.005882201,0.99411786
26600,0.60575587,0.39424416
51915,0.9285344,0.07146568
9226,0.32118934,0.67881066
53253,0.8448183,0.15518169
52416,0.7102835,0.28971648
10824,0.70190036,0.29809964
56582,0.914764,0.08523598
4170,0.05403946,0.9459606
28333,0.16397254,0.8360275
42063,0.057349138,0.9426509
39023,0.0021191423,0.9978809
61192,0.818462,0.18153796
31074,0.005603161,0.9943968
59947,0.7785837,0.22141626
56802,0.9088217,0.091178335
7740,0.2998126,0.70018744
16127,0.0025140333,0.997486
55900,0.36871636,0.63128364
25445,0.005942359,0.99405766
30280,0.324267,0.675733
54521,0.68081933,0.3191806
36319,0.049860418,0.95013964
24481,0.00562175,0.99437827
15256,0.34326684,0.6567332
16833,0.009391778,0.9906082
36455,0.012231986,0.987768
37550,0.033539608,0.96646047
46846,0.8865988,0.113401175
578,0.52956617,0.4704338
40438,0.010477956,0.98952204
23966,0.0006623419,0.9993376
24931,0.05994384,0.94005615
26126,0.014956974,0.98504305
62734,0.9981371,0.0018628716
6985,0.49733675,0.5026633
8494,0.18345411,0.8165459
47633,0.77578956,0.22421046
12161,0.057423405,0.9425765
27384,0.11781115,0.8821889
31413,0.5591067,0.44089332
13609,0.1815837,0.8184163
7718,0.20275451,0.79724544
47090,0.31050533,0.68949467
61724,0.8265636,0.17343639
44499,0.93656933,0.06343063
8065,0.10335083,0.89664924
8346,0.07702945,0.92297053
14413,0.013453927,0.98654604
27219,0.014034704,0.9859654
31366,0.1645155,0.8354845
45140,0.86666083,0.13333917
20208,0.0023501317,0.99764985
12246,0.46086127,0.53913873
43135,0.12839004,0.87161
13053,0.007865059,0.9921349
56601,0.8877349,0.112265095
37206,0.27849558,0.72150445
21401,0.06906772,0.93093234
62706,0.6183624,0.38163754
15788,0.0006610611,0.9993389
53325,0.9144398,0.085560165
55557,0.6094298,0.39057022
16437,0.013100862,0.98689914
54657,0.94299734,0.05700274
10910,0.96514624,0.0348538
6725,0.4216394,0.5783606
49596,0.8882503,0.111749694
53587,0.8527159,0.14728408
20979,0.029473813,0.97052616
44336,0.7632014,0.23679852
36001,0.031240877,0.9687591
16926,0.008965351,0.9910347
25425,0.0059681935,0.99403185
22320,0.003114551,0.9968855
22345,0.008543959,0.991456
45132,0.7939775,0.20602252
4489,0.82905096,0.170949
6137,0.923472,0.07652802
46224,0.8387622,0.16123775
10363,0.0738729,0.9261271
59441,0.54104114,0.4589589
9083,0.26885435,0.7311456
34801,0.65059286,0.34940708
8419,0.50681335,0.4931867
19685,0.008206405,0.9917936
48301,0.66741925,0.33258072
61061,0.9382693,0.06173072
352,0.1865419,0.81345814
59775,0.41866183,0.58133817
55779,0.85304177,0.14695822
35490,0.12357832,0.8764217
12223,0.017410463,0.9825896
16668,0.0045881937,0.9954118
3303,0.7451474,0.25485256
20222,0.0060907635,0.99390924
1130,0.5566323,0.44336766
9273,0.26899496,0.7310051
57777,0.98903394,0.010966092
35845,0.4266682,0.57333183
5090,0.6899431,0.31005692
64096,0.9239858,0.076014265
37196,0.8879582,0.11204173
2246,0.8212701,0.17872988
49922,0.8083102,0.19168977
40112,0.019418258,0.9805817
45155,0.883201,0.11679892
63986,0.92483515,0.075164825
31364,0.1618498,0.8381502
8830,0.7726345,0.2273655
236,0.21114914,0.7888508
33964,0.22384542,0.7761546
3403,0.08001355,0.9199865
35994,0.060645033,0.93935496
7924,0.11554198,0.88445807
15633,0.008706437,0.9912936
52966,0.9559284,0.04407157
49586,0.91993546,0.08006458
19038,0.0032789663,0.9967211
35345,0.7845805,0.21541944
6252,0.013118315,0.98688173
14652,0.014097512,0.9859024
49379,0.75979483,0.2402052
47173,0.5566798,0.4433202
18582,0.0032167074,0.99678326
29112,0.0033152024,0.99668485
44224,0.8631148,0.13688521
7216,0.6484647,0.35153532
30141,0.20721962,0.79278034
61885,0.8991671,0.100832894
64372,0.8583174,0.14168262
25653,0.19855016,0.80144984
11082,0.17038931,0.82961065
11062,0.017236283,0.98276377
37453,0.23650038,0.76349956
6171,0.44514215,0.55485785
36085,0.039860193,0.9601398
28814,0.021186443,0.9788135
34658,0.6273271,0.37267295
59381,0.19678073,0.8032193
6218,0.66477495,0.33522508
57820,0.9730901,0.026909908
37013,0.19411108,0.8058889
38684,0.008442532,0.9915575
16290,0.001135417,0.99886465
58349,0.9771085,0.022891534
52573,0.72731495,0.27268505
36867,0.002106122,0.99789387
19207,0.09621953,0.90378046
64698,0.781664,0.218336
12167,0.015941301,0.9840587
26285,0.03630151,0.9636985
49920,0.9606546,0.039345387
38306,0.018903196,0.9810968
28343,0.13521336,0.86478657
58539,0.9583872,0.041612737
22507,0.0025079171,0.9974921
52710,0.9735484,0.02645155
38157,0.0035473309,0.9964527
36756,0.031137975,0.96886206
2339,0.5917953,0.40820467
50027,0.849047,0.15095302
145,0.05401291,0.9459871
42901,0.18011388,0.81988615
22029,0.40478984,0.5952102
57889,0.9857678,0.014232148
63049,0.4662848,0.5337152
14446,0.66844964,0.33155036
26122,0.014054678,0.9859453
36979,0.15128049,0.84871954
63899,0.6804442,0.3195558
29851,0.026392696,0.97360724
32461,0.5076833,0.49231672
38344,0.022708295,0.9772917
24826,0.20676862,0.79323137
45378,0.8587447,0.1412553
12836,0.63306904,0.36693096
11493,0.021539107,0.97846085
52333,0.807546,0.19245395
1271,0.37536636,0.6246336
4584,0.8137206,0.18627942
33958,0.21765077,0.7823492
4716,0.8614011,0.13859896
20259,0.00045949404,0.99954057
49926,0.84510964,0.1548904
28007,0.009751131,0.99024886
51630,0.87304443,0.12695554
33684,0.32290003,0.6771
18175,0.0002737911,0.99972624
20749,0.46460667,0.53539336
43239,0.6707602,0.32923976
61034,0.9718391,0.028160855
40856,0.009597571,0.99040246
53241,0.3455485,0.65445155
53309,0.62675935,0.37324065
39095,0.0040414776,0.9959585
53915,0.6560208,0.34397915
14559,0.20286502,0.79713494
26058,0.028596018,0.971404
28464,0.0047831354,0.99521685
13161,0.56864387,0.43135613
40383,0.20720643,0.79279363
59063,0.7403375,0.25966248
22816,0.010291161,0.98970884
533,0.60252386,0.3974761
865,0.3703022,0.62969786
18823,0.0008859307,0.9991141
26964,0.65652025,0.34347975
15814,0.0012470828,0.99875295
55199,0.8548766,0.14512338
39301,0.27212796,0.727872
40178,0.0015799574,0.99842
29799,0.0015617158,0.9984383
197,0.060126867,0.9398731
47847,0.9099785,0.09002148
37009,0.21991408,0.7800859
43059,0.059207372,0.9407927
6342,0.302773,0.69722694
60006,0.34962288,0.6503771
60853,0.7966089,0.20339112
24698,0.06310625,0.9368937
58362,0.97626466,0.023735363
22289,0.35331768,0.6466823
32156,0.28852406,0.7114759
6360,0.9812712,0.01872881
8774,0.8160009,0.18399915
60887,0.86501044,0.1349896
41708,0.01828374,0.9817162
52934,0.97693175,0.023068301
21434,0.007615359,0.9923847
21218,0.82872105,0.17127888
2865,0.66563535,0.33436468
42795,0.073574215,0.9264258
54060,0.7073024,0.29269764
20661,0.15070756,0.8492925
62205,0.79283756,0.20716248
25133,0.047407113,0.95259285
34148,0.11616922,0.88383085
9957,0.048050273,0.9519498
65081,0.75203156,0.24796844
56625,0.8751675,0.1248325
13344,0.17200951,0.82799053
24083,0.0045806407,0.9954194
61368,0.8586654,0.14133455
47314,0.79548734,0.20451263
44988,0.88674515,0.11325489
6633,0.38261566,0.6173843
3405,0.056765348,0.9432346
47165,0.90731305,0.09268697
10698,0.2894996,0.71050036
544,0.648753,0.351247
64820,0.729652,0.27034804
61422,0.7778589,0.22214103
9400,0.0074374527,0.9925626
3396,0.06705098,0.932949
14696,0.5909004,0.4090996
13698,0.51049846,0.48950157
16470,0.0034139014,0.9965861
56062,0.97787243,0.022127643
41409,0.0064117997,0.9935882
12170,0.43491712,0.5650829
25630,0.036081243,0.96391875
8364,0.37554914,0.62445086
20753,0.46965688,0.5303431
60683,0.19451626,0.80548376
35233,0.9602773,0.039722715
4528,0.72886604,0.27113396
55116,0.93856746,0.06143253
42583,0.010107185,0.9898928
34647,0.6820457,0.31795427
62590,0.39236495,0.607635
61668,0.819327,0.18067303
3229,0.3620475,0.63795245
40176,0.001860652,0.9981394
60546,0.36095282,0.63904715
59136,0.20685132,0.7931487
22846,0.0009517917,0.9990482
9834,0.00055158493,0.99944836
9756,0.60527015,0.39472985
62572,0.9794032,0.02059676
47288,0.8757849,0.12421513
62129,0.9734032,0.026596736
44245,0.8026404,0.19735965
9591,0.5983509,0.4016491
36345,0.07337245,0.9266275
23785,0.03298791,0.96701205
58272,0.99107504,0.008924929
52673,0.8309669,0.16903313
26819,0.11400365,0.88599634
32363,0.55572003,0.44428
64202,0.9258247,0.07417532
45894,0.9503086,0.0496914
25134,0.00571469,0.9942853
19014,0.008175157,0.9918249
42695,0.13008797,0.869912
62882,0.5398372,0.46016285
37350,0.0077479114,0.99225205
39736,0.000682742,0.9993173
55945,0.99925774,0.00074229325
47513,0.8404648,0.15953529
39329,0.35510856,0.6448914
37830,0.0028366053,0.99716336
55006,0.9052171,0.09478285
63031,0.93357444,0.06642555
23341,0.0032683674,0.99673164
37366,0.0044423062,0.9955577
44714,0.88869643,0.11130365
25733,0.25316608,0.746834
57604,0.99982685,0.00017314976
20648,0.31208998,0.68790996
7241,0.56673694,0.4332631
19860,0.00081608194,0.99918395
27862,0.06302564,0.9369744
6428,0.21821323,0.78178674
4966,0.1980411,0.8019589
57656,0.99985516,0.00014477041
23106,0.04064857,0.9593514
61321,0.8311309,0.16886903
54198,0.24591215,0.7540878
14631,0.46136537,0.5386346
2690,0.8530135,0.14698651
5339,0.3614918,0.6385082
13636,0.057238344,0.9427616
21071,0.14177024,0.85822976
10538,0.5566623,0.44333774
62006,0.7957821,0.20421791
18918,0.003285877,0.9967141
20861,0.040053315,0.95994663
44878,0.93402267,0.06597737
14269,0.068189576,0.9318104
16966,0.0067115547,0.99328846
46491,0.84406745,0.15593255
45384,0.9485014,0.051498625
57858,0.98949057,0.01050943
56708,0.97414577,0.025854189
49159,0.9200725,0.079927556
29151,0.006521217,0.9934788
42592,0.009990992,0.99000907
64580,0.77161103,0.22838897
58139,0.95214623,0.047853783
43643,0.98470575,0.015294206
6436,0.85298324,0.14701678
32729,0.59451365,0.40548632
8639,0.224333,0.77566695
50200,0.62916225,0.37083778
25095,0.5378117,0.46218833
39963,0.011101475,0.9888986
3559,0.66997653,0.33002344
23304,0.0021521072,0.9978479
37572,0.001598964,0.998401
25926,0.03310165,0.9668983
6901,0.26484784,0.7351521
50026,0.6160506,0.38394937
59872,0.5148572,0.4851428
39828,0.0019871956,0.9980128
10341,0.13505927,0.86494076
44504,0.91442347,0.08557657
50417,0.80582875,0.19417122
12544,0.023517156,0.97648287
48131,0.94047624,0.059523765
17059,0.009825902,0.99017406
21102,0.63362443,0.36637554
19102,0.009854531,0.9901454
47870,0.6505231,0.3494769
58294,0.96153706,0.038462963
39712,0.0032389914,0.996761
52449,0.75196385,0.24803615
60598,0.2061458,0.7938542
38955,0.019425143,0.98057485
62478,0.8694834,0.1305166
48964,0.8399023,0.16009767
28191,0.02140093,0.9785991
3827,0.74093497,0.25906506
36033,0.013955133,0.9860449
33339,0.35731933,0.64268064
46608,0.7180223,0.28197765
8843,0.72589123,0.2741088
51822,0.9625847,0.037415314
58825,0.7643518,0.23564819
64196,0.73530906,0.2646909
4902,0.122721456,0.87727857
457,0.28662637,0.71337366
29418,0.26914954,0.73085046
3178,0.9205758,0.079424165
58758,0.9132083,0.086791724
7978,0.08516304,0.9148369
14919,0.2563153,0.7436847
48986,0.70633245,0.29366755
44836,0.9326406,0.06735935
32778,0.25826544,0.7417345
31990,0.14618565,0.8538143
28535,0.05584222,0.94415784
41557,0.11404906,0.885951
34906,0.8542282,0.14577183
23182,0.17373809,0.8262619
64704,0.699134,0.300866
4978,0.6888153,0.31118473
14825,0.0742468,0.9257532
64455,0.8772494,0.1227506
38630,0.004077408,0.99592257
55783,0.44069433,0.55930567
34998,0.473825,0.526175
1503,0.850898,0.14910199
25112,0.016909158,0.9830908
14272,0.014983778,0.9850162
17097,0.003230778,0.9967692
39,0.06875065,0.9312493
31579,0.31444296,0.685557
6910,0.121818945,0.8781811
50676,0.96409947,0.035900597
27542,0.17675513,0.8232448
28391,0.108253285,0.89174676
58670,0.56763995,0.43236005
10302,0.018267818,0.9817322
12339,0.0023544903,0.99764544
35608,0.36021847,0.63978153
59513,0.59338576,0.40661427
15011,0.652812,0.347188
20504,0.3727949,0.6272051
7320,0.015906578,0.9840934
26023,0.03474077,0.96525925
30038,0.0025534204,0.99744666
11049,0.03450625,0.9654937
28114,0.0014562397,0.99854374
28315,0.036795367,0.9632046
23551,0.005893859,0.9941062
17722,0.01279638,0.98720366
16624,0.0033044678,0.9966955
54642,0.5584064,0.44159356
32915,0.14205572,0.85794425
11815,0.68248683,0.31751317
25290,0.0035328313,0.9964671
45104,0.45376995,0.5462301
59376,0.48086908,0.5191309
23001,0.19110651,0.8088935
53555,0.6366432,0.36335677
56673,0.9105613,0.08943868
2597,0.4454425,0.5545575
33264,0.34805673,0.6519433
58873,0.52385443,0.4761456
41985,0.023472667,0.97652733
17622,0.5931706,0.4068294
28800,0.5486857,0.45131424
23185,0.121510595,0.87848943
20719,0.2912014,0.7087986
63590,0.95688915,0.04311086
31382,0.10068988,0.8993101
30445,0.007306049,0.9926939
24822,0.43494946,0.56505054
56564,0.721095,0.27890497
4997,0.5962293,0.40377063
25470,0.067910925,0.9320891
15660,0.05258868,0.9474113
12936,0.0025579762,0.997442
13292,0.47785318,0.5221468
38058,0.013615377,0.9863846
31230,0.09433355,0.9056665
48982,0.8834789,0.116521105
26645,0.010232932,0.989767
45638,0.9031071,0.096892856
35729,0.026882278,0.97311777
17249,0.0011930014,0.99880695
51419,0.885324,0.11467602
52675,0.5164294,0.4835706
59422,0.22525482,0.7747452
26128,0.0023269851,0.997673
45520,0.7471039,0.252896
14908,0.0028236436,0.9971763
29561,0.0070305853,0.99296945
53406,0.93762726,0.062372725
16728,0.001033308,0.9989667
37781,0.003439079,0.9965609
8076,0.5632501,0.43674988
32475,0.25529742,0.74470264
21718,0.008167358,0.9918326
13171,0.6033105,0.39668944
43501,0.30653378,0.6934662
14263,0.05378064,0.9462193
53549,0.8368815,0.1631185
6274,0.5081175,0.4918825
45743,0.8507951,0.14920495
54285,0.7645409,0.23545907
36982,0.21466672,0.7853333
56360,0.9916414,0.008358641
51409,0.87107027,0.12892975
42448,0.56947815,0.43052188
6141,0.970467,0.029533057
30962,0.54166204,0.458338
6126,0.23982516,0.7601748
61961,0.89586246,0.10413755
54338,0.47922578,0.5207742
24718,0.53305626,0.46694377
17794,0.015665088,0.9843349
25796,0.28371385,0.7162862
54101,0.9006928,0.099307165
8186,0.27084512,0.7291549
3439,0.2547002,0.74529976
60306,0.2815163,0.7184837
18095,0.021758476,0.97824156
28347,0.00021133073,0.9997887
56209,0.9983695,0.0016304463
18355,0.0007415197,0.99925846
34035,0.46216527,0.53783476
29368,0.34006593,0.65993404
15845,0.017770043,0.98222995
7183,0.52751946,0.47248054
18983,0.0010346674,0.9989654
20750,0.25301367,0.7469863
60819,0.26834193,0.73165804
52154,0.53777134,0.46222863
63670,0.29992253,0.70007753
38988,4.6258094e-05,0.99995375
40646,0.103381425,0.89661855
54837,0.6382009,0.36179912
61805,0.70552385,0.29447615
39764,0.000806846,0.99919313
64294,0.8620478,0.13795224
48960,0.9650451,0.034954976
18261,0.0034436288,0.9965564
11680,0.079316914,0.9206831
12618,0.2592432,0.74075675
56711,0.9742391,0.025760934
4061,0.7422177,0.25778225
610,0.53330225,0.4666977
28346,0.14198413,0.85801584
23477,0.005154439,0.9948455
21478,0.001629537,0.99837047
53065,0.5897988,0.41020125
10429,0.7562587,0.24374123
27333,0.0040642815,0.9959357
1093,0.6904764,0.30952358
38542,0.09127386,0.9087261
30720,0.33751702,0.662483
29928,0.07254801,0.927452
16386,0.0022130988,0.9977869
25930,0.002061212,0.9979388
50002,0.8409772,0.15902276
24231,0.003328465,0.99667156
20277,0.0012392192,0.9987608
900,0.76600367,0.23399633
44894,0.9651285,0.034871515
22422,0.0018063819,0.9981937
22386,0.010822246,0.9891777
45096,0.5941461,0.4058539
30990,0.05384129,0.9461587
34919,0.8442331,0.15576693
11312,0.010135099,0.9898649
57700,0.99959713,0.0004028322
20139,0.0003934724,0.99960655
37351,0.32660052,0.67339945
61611,0.64581347,0.3541865
48015,0.3439909,0.65600914
17349,0.0052365065,0.9947635
47385,0.9536158,0.04638426
44528,0.9094406,0.09055944
24432,0.0022107395,0.99778926
59754,0.15676346,0.8432365
28,0.10732915,0.8926708
18872,0.00045728276,0.9995427
40428,0.008883236,0.99111676
939,0.48544124,0.51455873
36649,0.10266583,0.89733416
22536,0.0019011697,0.9980988
33359,0.5945257,0.40547428
25363,0.0043549486,0.99564505
40580,0.023973549,0.9760265
39895,0.0014001342,0.9985998
30364,0.003380633,0.99661934
60358,0.62428766,0.3757124
2019,0.82640976,0.17359023
21891,0.33320978,0.66679025
16525,0.00041660704,0.9995834
12210,0.90528214,0.0947178
51506,0.404569,0.59543097
18705,0.00037132934,0.99962866
55092,0.8111305,0.1888695
43414,0.9583303,0.041669767
14080,0.33228087,0.6677191
16059,0.0018824331,0.99811757
47781,0.7866703,0.21332969
63118,0.93509674,0.06490322
3624,0.06427042,0.93572956
38656,0.13624547,0.8637546
617,0.027390061,0.97260994
4147,0.6950347,0.3049653
47841,0.9126562,0.08734383
32498,0.4174797,0.5825203
61470,0.8549179,0.14508219
9160,0.12885796,0.871142
39648,0.002113689,0.99788636
7792,0.6684427,0.3315573
37117,0.0028183963,0.99718165
5415,0.90861845,0.09138155
34295,0.2726519,0.7273481
1072,0.239916,0.76008403
57488,0.9948697,0.005130311
4506,0.54695785,0.45304215
15732,0.031615198,0.9683848
49720,0.8610955,0.13890447
15964,0.0010114161,0.99898857
25804,0.21080641,0.7891935
56020,0.9938758,0.0061241416
38254,0.0035885249,0.9964115
47961,0.4673764,0.5326235
32429,0.060550936,0.939449
15710,0.014363943,0.9856361
47169,0.79666835,0.2033316
16490,0.0004277768,0.9995722
53251,0.9448017,0.055198345
28744,0.013352448,0.9866476
37395,0.2181259,0.78187406
3785,0.4372756,0.5627244
26322,0.0138509935,0.98614895
44140,0.5175368,0.48246318
22622,0.032293573,0.96770644
25761,0.4903038,0.5096962
61718,0.73591536,0.26408467
108,0.11693967,0.88306034
15558,0.55138373,0.44861627
21912,0.14102557,0.8589744
34674,0.7605136,0.23948635
591,0.1398225,0.8601776
15789,0.001521571,0.9984785
28495,0.5825878,0.4174122
42859,0.07626503,0.92373496
54684,0.6726291,0.3273709
19408,0.004969658,0.9950303
58172,0.98981935,0.010180655
63609,0.87727594,0.12272405
61627,0.8610399,0.13896011
50021,0.7623485,0.23765151
51599,0.8632224,0.1367776
58823,0.70223784,0.29776216
13806,0.22730412,0.77269584
11374,0.00029162853,0.99970835
54603,0.20497741,0.7950226
18098,0.002858031,0.9971419
39412,0.39460543,0.6053946
63384,0.27642488,0.7235751
41287,0.010232769,0.98976725
4024,0.67243004,0.32756996
917,0.71681774,0.28318223
64585,0.80421704,0.19578291
39393,0.0010379525,0.99896204
64587,0.75371987,0.24628016
50707,0.81311965,0.18688037
29864,0.007022972,0.99297696
62239,0.8589275,0.14107251
54520,0.9507957,0.04920431
64343,0.7775476,0.22245245
24467,0.004671413,0.99532855
15643,0.010591789,0.98940814
3521,0.90304774,0.09695229
41271,0.22936071,0.77063924
57085,0.82659507,0.17340498
9145,0.7146331,0.28536692
3201,0.8018963,0.19810373
9328,0.6770059,0.3229941
20410,0.42829886,0.5717011
56124,0.952632,0.04736797
58311,0.9707564,0.029243605
48389,0.9733729,0.026627148
49841,0.9319971,0.06800287
24393,0.05306259,0.94693744
4168,0.2698632,0.7301369
25151,0.7650471,0.23495291
8898,0.18424232,0.81575763
15196,0.2325347,0.76746535
5597,0.32579523,0.67420477
60486,0.2692381,0.7307619
37957,0.0034962194,0.99650383
58596,0.7596154,0.24038453
30103,0.18099147,0.8190085
17261,0.024179615,0.9758204
38267,0.035473056,0.9645269
43726,0.7718425,0.22815746
59566,0.78349876,0.21650127
2513,0.70095867,0.29904133
15244,0.50648326,0.49351674
28901,0.111005284,0.8889947
46389,0.8764956,0.12350441
63720,0.44869062,0.5513094
61544,0.8958133,0.10418666
13598,0.5042797,0.4957203
33992,0.20999292,0.79000705
63241,0.70279586,0.29720414
8375,0.49084106,0.5091589
65044,0.8168118,0.18318821
26329,0.0014958911,0.99850416
12905,0.05389923,0.9461008
57986,0.9763782,0.023621757
13209,0.20567356,0.7943264
10412,0.35865003,0.64135003
22615,0.17721885,0.8227811
31634,0.2669526,0.73304737
58089,0.9741246,0.02587542
49822,0.78501755,0.21498245
56417,0.9376264,0.062373627
35664,0.15699466,0.84300536
56675,0.91462344,0.08537655
26691,0.06264737,0.93735266
37653,0.07525186,0.9247482
44291,0.7234269,0.2765731
48657,0.8973202,0.10267981
52602,0.45399815,0.54600185
26914,0.003958925,0.99604106
63539,0.005381292,0.99461865
23258,0.0034746262,0.99652535
62145,0.6715666,0.32843333
22734,0.03578434,0.9642157
53789,0.75543886,0.24456106
57611,0.999624,0.0003759391
61753,0.73185813,0.26814184
54581,0.52924323,0.47075677
6634,0.2737045,0.72629553
48283,0.9679506,0.032049444
27656,0.0074388958,0.99256104
17568,0.0014290295,0.9985709
2287,0.94704026,0.05295972
39063,0.07197983,0.9280202
42468,0.0132220145,0.986778
59269,0.5119332,0.48806676
6557,0.7505126,0.24948737
19793,0.0014301062,0.99856985
10072,0.3541318,0.6458682
30283,0.0340767,0.96592325
33114,0.2513576,0.74864244
370,0.14790887,0.85209113
45636,0.87317735,0.1268226
21185,0.043113966,0.956886
60287,0.29820722,0.7017928
35502,0.61255515,0.3874449
11442,0.6560713,0.34392872
46349,0.92993045,0.07006951
51404,0.84660774,0.15339226
4954,0.8499439,0.15005605
26845,0.014153778,0.9858462
27183,0.06211672,0.93788326
34246,0.28600538,0.7139946
4647,0.48521957,0.5147804
45387,0.82588476,0.17411523
2127,0.726891,0.273109
18971,0.0030827087,0.99691725
20156,0.00043712,0.9995629
61227,0.9452858,0.05471421
13688,0.8582157,0.14178427
64764,0.84295994,0.15704006
1276,0.4091231,0.5908769
27981,0.117066145,0.88293386
4038,0.15607391,0.84392613
46841,0.755323,0.24467704
12701,0.34531102,0.654689
2368,0.871283,0.12871702
1442,0.80807096,0.19192909
57021,0.9730042,0.026995728
1775,0.42372036,0.57627964
62892,0.8043097,0.19569026
1085,0.5033745,0.49662554
38385,0.08298618,0.9170139
55273,0.44997513,0.55002487
33332,0.4442311,0.5557689
61176,0.9215688,0.078431174
54682,0.8034407,0.19655932
59801,0.082652,0.91734797
33759,0.26489606,0.7351039
41187,0.71113783,0.28886217
47436,0.8307361,0.1692639
880,0.1698495,0.83015054
40666,0.14292216,0.85707784
51340,0.72989196,0.27010804
36526,0.0030189755,0.99698097
26459,0.34960404,0.65039593
10507,0.74752134,0.25247866
19109,0.0012409874,0.99875903
23344,0.016169554,0.9838305
4569,0.85789007,0.14210987
25787,0.5794877,0.4205123
39452,0.015943134,0.98405695
33012,0.23905352,0.76094645
51131,0.86257267,0.13742737
45994,0.9265333,0.073466755
6367,0.8744858,0.12551416
38444,0.0016483307,0.9983517
8989,0.20824727,0.79175276
24559,0.10219755,0.8978024
18426,0.008739296,0.9912607
47917,0.11908937,0.88091063
51526,0.52418613,0.4758139
16033,0.013999118,0.98600096
9435,0.17247777,0.8275223
13359,0.27344152,0.72655845
36241,0.064833656,0.93516636
59408,0.5822388,0.41776118
48507,0.80024856,0.19975142
9466,0.019500965,0.98049897
45594,0.568175,0.43182498
52583,0.7377135,0.2622865
11232,0.39591217,0.6040878
5022,0.11198541,0.88801455
38620,0.070656344,0.92934364
64074,0.5777934,0.42220664
24667,0.0024770515,0.9975229
3628,0.5216317,0.4783683
30905,0.32500896,0.6749911
35721,0.22528552,0.77471447
24582,0.00082784845,0.9991722
49491,0.8029956,0.1970044
33326,0.30439818,0.6956018
40202,0.23074809,0.7692519
28331,0.46995544,0.53004456
15830,0.00081492285,0.999185
36616,0.057088718,0.94291127
5622,0.79290515,0.20709485
26387,0.009713988,0.99028605
64152,0.8292468,0.17075321
48122,0.7933926,0.2066074
51448,0.51991045,0.48008955
9068,0.28808826,0.7119118
6361,0.47113243,0.52886754
23221,0.17809737,0.82190263
5460,0.26282883,0.7371711
2736,0.85139763,0.14860238
5653,0.9058752,0.09412481
56982,0.9974516,0.0025483926
33465,0.23295593,0.76704407
13122,0.04827467,0.95172536
19311,0.0018609335,0.998139
17435,0.0067221993,0.9932777
64092,0.7282472,0.27175274
40391,0.016134262,0.9838657
11396,0.006139119,0.99386084
30003,0.084640004,0.91536
9845,0.8578428,0.14215715
59574,0.7313889,0.26861104
47502,0.89478695,0.10521305
26090,0.00064616813,0.9993538
24334,0.0011234295,0.9988765
37754,0.11784354,0.8821565
40540,0.010747693,0.98925227
26173,0.03497012,0.9650299
17566,0.0017373263,0.9982627
2859,0.6919088,0.30809122
29936,0.18155052,0.8184495
49114,0.93223494,0.06776504
8970,0.0075792354,0.99242073
9361,0.79012597,0.20987396
63152,0.6508413,0.34915873
20243,0.0017521381,0.99824786
49116,0.81678194,0.18321805
4821,0.18842584,0.81157416
21206,0.64417124,0.3558288
24309,0.0039856248,0.99601436
31060,0.36369994,0.6363
1884,0.85988146,0.14011854
1600,0.8294814,0.17051859
5063,0.3421671,0.6578329
44887,0.78929436,0.21070562
58534,0.9810488,0.01895116
47326,0.857048,0.14295208
12611,0.76323116,0.23676884
38908,0.0007787329,0.9992212
6629,0.48724854,0.51275146
12393,0.5589708,0.44102922
16060,0.0015439948,0.998456
16661,0.007544241,0.9924557
14685,0.01855737,0.98144263
45828,0.7296358,0.27036425
35905,0.039910536,0.96008945
45525,0.842638,0.15736198
7354,0.33258379,0.6674163
17856,0.003957106,0.99604297
39870,0.00068775023,0.9993123
38321,0.012118001,0.987882
12810,0.88324624,0.11675373
54374,0.762926,0.23707402
39571,0.0003007141,0.99969935
58202,0.9625404,0.037459597
35677,0.104936756,0.8950633
15010,0.3331797,0.6668203
24287,0.05347538,0.9465247
3131,0.15514411,0.8448559
8466,0.5966348,0.40336522
11141,0.025747446,0.9742526
28076,0.008037163,0.99196285
39727,0.0053095305,0.9946905
14241,0.0358465,0.9641535
54243,0.73317426,0.26682577
12244,0.03138576,0.9686142
42286,0.015719755,0.9842802
63552,0.5335971,0.46640283
4712,0.63513494,0.36486506
24596,0.0027260468,0.997274
57956,0.9787168,0.021283228
3372,0.80156416,0.1984358
18493,0.0005277097,0.9994723
7160,0.6174865,0.38251352
42527,0.049457114,0.9505429
19710,0.029412823,0.97058713
48954,0.84144455,0.1585555
13755,0.9278238,0.07217622
49880,0.6945564,0.30544358
49011,0.95292974,0.047070306
62067,0.72254443,0.27745554
61532,0.89845055,0.10154942
19103,0.0045166905,0.9954833
51261,0.9495279,0.050472055
43982,0.68505406,0.31494597
37436,0.42486417,0.5751358
34823,0.3342788,0.66572124
41754,0.025433678,0.97456634
5858,0.15046345,0.8495366
39495,0.018997215,0.9810028
33622,0.4620096,0.5379904
32881,0.1874553,0.81254464
9645,0.22541739,0.7745826
45837,0.51414275,0.48585722
5386,0.49862152,0.5013785
48171,0.9498353,0.050164685
61183,0.5639855,0.43601447
50457,0.6184358,0.38156417
37539,0.6650688,0.3349312
54470,0.6977321,0.30226797
8498,0.46587703,0.534123
15666,0.003302328,0.99669766
29202,0.0074068066,0.9925932
30203,0.514056,0.48594397
37342,0.0397712,0.9602288
59108,0.55961794,0.44038206
36172,0.0421862,0.9578138
29435,0.016880393,0.98311967
60896,0.77793527,0.22206481
19,0.12014328,0.87985677
11608,0.48191795,0.5180821
53523,0.91796166,0.08203837
13703,0.44882247,0.55117756
9013,0.32954443,0.6704556
40273,0.0011910178,0.998809
35644,0.38746977,0.61253023
53924,0.6187112,0.38128883
63802,0.5938532,0.40614682
41564,0.09734061,0.9026594
21386,0.11851114,0.8814889
31115,0.101369046,0.8986309
54213,0.83456296,0.16543698
19084,0.010256034,0.989744
61979,0.6043079,0.39569214
46204,0.81171316,0.18828687
11192,0.49470025,0.50529975
28152,0.0032731395,0.9967269
10971,0.023178874,0.9768212
31968,0.065432034,0.9345679
13529,0.31684536,0.68315464
53501,0.518075,0.48192498
7418,0.7034318,0.29656827
35567,0.6828629,0.31713712
39714,0.0038584357,0.9961416
7462,0.0020562587,0.9979437
23527,0.0039409376,0.99605906
17675,0.0033008596,0.99669915
24088,0.025278777,0.97472125
32502,0.25496534,0.74503464
42927,0.034836836,0.96516323
36669,0.017283322,0.9827167
48921,0.87454104,0.12545902
61519,0.9996855,0.00031450423
55490,0.8139278,0.18607214
11742,0.023890492,0.9761095
27680,0.007258924,0.99274105
17345,0.018070934,0.98192906
5612,0.33424962,0.6657504
33840,0.2708048,0.72919524
47507,0.75936854,0.24063149
20225,0.009656856,0.9903432
13783,0.07203498,0.92796504
34056,0.3843024,0.61569756
19368,0.0036660032,0.99633396
15491,0.002492577,0.9975074
34458,0.69407594,0.3059241
6609,0.012518504,0.98748153
16401,0.0024619773,0.997538
51656,0.8484916,0.15150838
42626,0.04482589,0.9551741
29017,0.07473267,0.92526734
53269,0.22092184,0.7790782
45380,0.88562435,0.11437563
51435,0.71048445,0.28951558
57641,0.9996512,0.00034882716
44136,0.36989325,0.6301067
41016,0.037932478,0.9620675
10119,0.005608717,0.99439126
6482,0.4841859,0.5158141
1713,0.8230295,0.17697047
53865,0.50233704,0.49766296
37743,0.0012281255,0.99877185
20911,0.069651656,0.9303484
58907,0.3362829,0.66371715
24019,0.6466195,0.3533805
4947,0.2408235,0.7591765
55473,0.6705804,0.32941964
43801,0.9907697,0.009230379
17833,0.0015889957,0.99841094
6636,0.39603555,0.60396445
6803,0.37951788,0.62048215
7827,0.54668236,0.45331764
19327,0.0011528115,0.9988471
33047,0.24697447,0.75302553
26376,0.0021987874,0.99780124
52591,0.63528377,0.3647163
4895,0.8956556,0.10434445
34888,0.10401713,0.89598286
38559,0.03490589,0.96509415
30430,0.005910237,0.99408984
18524,0.0022037223,0.9977963
35211,0.76579756,0.23420237
47499,0.8439876,0.15601237
41339,0.12459508,0.87540495
49262,0.9147705,0.08522956
40103,0.00013571515,0.9998642
3444,0.7005103,0.29948965
55612,0.7261066,0.27389336
64119,0.84255964,0.15744041
48065,0.9053791,0.09462089
39125,0.0048138746,0.99518615
63490,0.7270824,0.27291763
58173,0.9886982,0.01130178
32138,0.14812826,0.8518718
24415,0.004992203,0.99500775
12887,0.0008471701,0.9991528
15116,0.026270533,0.97372943
32041,0.24164394,0.7583561
32936,0.36610058,0.63389945
58307,0.9672039,0.03279602
10712,0.47400334,0.5259967
25128,0.011125396,0.98887455
12412,0.3431553,0.6568447
48329,0.9079657,0.09203427
21430,0.0026652578,0.9973347
43556,0.7004133,0.2995867
39098,0.0083578965,0.9916421
14425,0.7218582,0.27814177
1930,0.6218532,0.37814686
1245,0.40693802,0.593062
58824,0.16983989,0.83016014
58697,0.7944983,0.2055017
18006,0.013509749,0.98649025
24323,0.0074854116,0.99251455
61483,0.7535869,0.24641308
6407,0.43505812,0.5649419
47424,0.86900526,0.1309947
56836,0.9969915,0.003008422
36571,0.011765296,0.98823476
28058,0.097760744,0.9022392
8210,0.038901884,0.9610982
61664,0.8639979,0.13600212
13162,0.004717375,0.9952826
55756,0.88616866,0.11383134
55350,0.7435252,0.2564748
48917,0.6983221,0.30167785
14058,0.026200151,0.9737999
30828,0.01088083,0.9891192
57441,0.98981726,0.010182799
17431,0.006528184,0.99347186
9045,0.02325167,0.97674835
13433,0.036804035,0.96319604
50870,0.7870207,0.21297933
57382,0.8646271,0.13537285
33576,0.3052163,0.6947836
23157,0.0024250306,0.997575
44873,0.9102278,0.08977229
23724,0.0010882091,0.99891174
60089,0.8835903,0.116409704
60076,0.18345343,0.81654656
7371,0.18688768,0.8131123
58005,0.9589387,0.04106122
7033,0.5091542,0.4908458
6492,0.98147327,0.018526724
51244,0.89409935,0.10590066
29987,0.028514089,0.9714859
20245,0.121654205,0.8783458
17853,0.024149328,0.9758507
17387,0.005880656,0.9941194
57404,0.69063455,0.30936545
62836,0.8535456,0.14645441
46153,0.7360925,0.26390752
41319,0.0089998515,0.9910001
14506,0.0043412815,0.99565876
14964,0.3331315,0.6668685
699,0.38940355,0.6105964
52260,0.44015318,0.5598468
44350,0.89259976,0.10740019
60290,0.3812817,0.61871827
3206,0.885518,0.11448195
60779,0.32137564,0.67862433
40276,0.004888237,0.99511176
52323,0.9145332,0.085466824
13416,0.07862644,0.9213736
62785,0.85288334,0.14711672
33393,0.18564957,0.8143505
23262,0.010576266,0.9894237
24349,0.00031950866,0.9996805
45604,0.92034775,0.0796523
16558,0.0017779082,0.99822205
64620,0.80014783,0.1998522
6586,0.9050498,0.0949502
5689,0.66590726,0.3340928
18741,0.00068752514,0.9993125
21618,0.06425878,0.9357413
59843,0.68468815,0.31531188
10969,0.5979783,0.4020217
37118,0.57511824,0.42488173
59064,0.13640068,0.8635993
61593,0.86774147,0.1322585
23235,0.009162121,0.9908379
31786,0.0844021,0.91559786
5952,0.47652787,0.5234722
8166,0.17316139,0.82683855
49357,0.76954037,0.2304596
9569,0.54649425,0.45350572
1346,0.3798112,0.6201888
33467,0.22829472,0.7717053
62807,0.9342618,0.065738134
19981,0.026670413,0.9733296
50912,0.57895106,0.421049
23777,0.021763137,0.97823685
61868,0.9322936,0.06770642
58778,0.90787727,0.092122756
32391,0.13807146,0.8619286
52486,0.84167606,0.15832399
33088,0.37297577,0.6270242
57784,0.9915242,0.008475845
55878,0.33505777,0.6649422
9099,0.6933778,0.30662215
61027,0.9714328,0.028567221
42244,0.14194247,0.8580575
9526,0.2872947,0.71270525
61881,0.9895901,0.010409876
30412,0.0018889668,0.998111
48738,0.72875625,0.2712438
56690,0.9610013,0.03899872
15866,0.0018058403,0.99819416
20709,0.24735321,0.75264674
664,0.086590365,0.91340965
18329,0.03606857,0.9639314
49900,0.2215469,0.77845305
2093,0.36525378,0.6347462
50352,0.8935023,0.10649771
35434,0.28684258,0.7131574
11392,0.56269026,0.43730977
56515,0.9274086,0.07259148
19624,0.012365894,0.9876342
53162,0.87086123,0.12913875
23950,0.010630435,0.9893695
33442,0.29729107,0.70270896
19684,0.0021931368,0.99780685
32893,0.26554278,0.73445725
27791,0.010752241,0.98924774
61226,0.99781466,0.0021853426
44278,0.88621163,0.11378838
37439,0.38696152,0.6130385
29456,0.0013666508,0.9986333
54815,0.794779,0.20522103
50835,0.8276279,0.17237215
40331,0.00458645,0.9954136
55120,0.6890328,0.31096718
47319,0.58210754,0.41789246
65116,0.32448575,0.6755143
23907,0.12248764,0.8775124
52231,0.8784911,0.121508926
52372,0.68958193,0.31041807
50433,0.9432535,0.05674656
53583,0.5958785,0.40412155
49767,0.7772556,0.2227444
57978,0.98316824,0.016831674
47612,0.40014148,0.5998585
18134,0.0020669675,0.99793303
1043,0.20122115,0.7987789
27733,0.21529308,0.7847069
37367,0.0047333376,0.9952667
26505,0.28461495,0.7153851
10030,0.52149266,0.47850737
64485,0.8486342,0.1513658
44471,0.9538001,0.04619994
46653,0.8994625,0.10053751
39122,0.012229093,0.9877709
6520,0.28809988,0.7119001
6488,0.4906038,0.5093962
1727,0.8135168,0.18648314
49599,0.8956264,0.1043736
19864,0.00030555687,0.99969447
45362,0.9409958,0.05900422
40863,0.17326777,0.8267322
56279,0.9438598,0.056140203
32735,0.5487436,0.45125642
13140,0.66185546,0.33814457
40838,0.040373225,0.95962673
22717,0.014864076,0.985136
59823,0.5533551,0.44664487
33734,0.293339,0.7066609
61072,0.51521975,0.48478022
36284,0.011100433,0.9888996
37149,0.05570578,0.9442943
13737,0.7291136,0.27088636
23343,0.0019239106,0.9980761
50788,0.6618527,0.33814728
51116,0.78538674,0.21461326
48116,0.9554117,0.0445884
49564,0.94056576,0.059434257
49632,0.8368924,0.16310753
63290,0.49828872,0.50171125
26056,0.11773367,0.88226634
46079,0.960101,0.03989901
33236,0.365254,0.63474596
20125,0.00043470637,0.9995653
7299,0.8251569,0.1748431
10676,0.62707067,0.3729293
58679,0.86422664,0.1357734
16664,0.004424113,0.9955759
49805,0.96461916,0.03538079
30063,0.0011823227,0.9988176
48836,0.8498933,0.15010676
58481,0.99918634,0.00081365963
59651,0.18565977,0.8143402
32495,0.102839835,0.8971602
50688,0.82919306,0.17080694
2223,0.51282495,0.48717502
39763,0.0005041953,0.99949574
13592,0.0052538794,0.9947461
27824,0.027531434,0.97246855
54556,0.8360776,0.1639224
44728,0.85231674,0.14768322
38872,0.008564673,0.99143535
28985,0.12827554,0.8717245
46291,0.9424139,0.057586093
63361,0.60391736,0.39608267
27100,0.0052907965,0.99470925
32736,0.118009076,0.88199097
38018,0.00097350305,0.99902654
46002,0.8177776,0.18222241
31132,0.006531806,0.99346817
40198,0.017299846,0.9827002
53711,0.7965825,0.20341752
782,0.3309256,0.66907436
8971,0.2077377,0.7922623
23401,0.021918435,0.9780815
58542,0.90596306,0.09403695
2858,0.10550847,0.89449155
26135,0.02411968,0.9758804
59497,0.0444984,0.95550156
5896,0.72428757,0.27571243
16486,0.001870596,0.9981294
11620,0.27037838,0.72962165
58871,0.6328436,0.3671564
55630,0.49018782,0.5098121
51652,0.8677861,0.13221386
23309,0.0015793993,0.9984206
60472,0.17933108,0.8206689
43925,0.86874205,0.13125797
2732,0.22702391,0.7729761
23705,0.5311666,0.4688334
48630,0.9650513,0.03494874
20432,0.4934811,0.5065189
57772,0.9414378,0.05856225
17351,0.003506718,0.9964933
59208,0.61935306,0.3806469
61496,0.99720013,0.0027998805
40912,0.013635047,0.98636496
52001,0.7503123,0.24968769
45442,0.7423694,0.2576306
31147,0.058875225,0.94112474
4946,0.6022497,0.39775038
33398,0.21778771,0.78221226
63589,0.85542554,0.14457446
24528,0.008638884,0.9913611
40976,0.3623308,0.63766915
19107,0.02310987,0.9768901
5633,0.5285085,0.47149152
23021,0.0037415808,0.9962584
29684,0.020666199,0.9793338
30371,0.14075814,0.85924184
64733,0.83496004,0.16503991
15379,0.6842243,0.3157757
38093,0.0028915051,0.9971085
28461,0.0107275285,0.9892725
50025,0.24662018,0.7533798
22949,0.0016037778,0.9983962
7326,0.9721443,0.027855715
53535,0.6380278,0.36197218
20637,0.056205176,0.94379485
35203,0.9239606,0.07603936
43928,0.55631334,0.44368666
45629,0.91006,0.08994
2383,0.30203524,0.6979647
26598,0.38050595,0.6194941
5529,0.74350035,0.25649965
16436,0.0019424419,0.99805754
30258,0.15083843,0.84916157
30951,0.48874608,0.5112539
3314,0.14378515,0.8562149
58291,0.97362906,0.026370903
59826,0.7972671,0.202733
33854,0.56315976,0.4368402
59942,0.50268686,0.4973131
8072,0.17389359,0.82610637
62378,0.9762137,0.023786293
46742,0.87253016,0.12746978
52744,0.6726025,0.3273975
21728,0.19749777,0.8025022
24080,0.0010414291,0.9989586
45361,0.9192016,0.08079837
37855,0.06620198,0.933798
29681,0.092462234,0.9075377
44321,0.84326583,0.15673415
24217,0.008375541,0.9916244
11267,0.7733168,0.22668321
3629,0.20844018,0.7915598
9288,0.64475876,0.3552412
57813,0.9671165,0.03288348
23095,0.6718382,0.32816184
43325,0.75461555,0.24538447
9485,0.08659089,0.9134092
8943,0.26825783,0.73174214
37216,0.5563214,0.44367862
21200,0.07563091,0.9243691
18755,0.00078922085,0.9992107
59313,0.6174976,0.38250232
18221,0.0004633907,0.99953663
59675,0.61788875,0.38211125
30204,0.10860372,0.8913963
25153,0.056520365,0.94347966
65095,0.9201426,0.07985742
11988,0.026583422,0.97341657
24486,0.0060284743,0.9939715
51035,0.8345054,0.16549468
15286,0.027387716,0.9726123
23152,0.04259784,0.9574021
56710,0.9655785,0.034421552
46169,0.62363094,0.37636912
52059,0.8204141,0.17958584
29252,0.018927332,0.98107266
48180,0.92338514,0.07661486
43455,0.94156426,0.058435682
57224,0.9556686,0.044331387
64032,0.93695337,0.06304662
39115,0.18567307,0.81432694
14250,0.11372514,0.88627493
24546,0.0086713685,0.99132866
30991,0.05384129,0.9461587
51397,0.60196245,0.39803752
10502,0.91885996,0.081140004
30960,0.6379856,0.36201447
58195,0.6966247,0.30337536
6090,0.04183485,0.9581651
46527,0.6528109,0.34718913
33742,0.44562668,0.5543733
39111,0.029897908,0.97010213
24370,0.003728256,0.9962717
28951,0.010825048,0.98917496
59542,0.18156193,0.81843805
50499,0.856055,0.14394495
45406,0.97784024,0.022159686
34505,0.1582557,0.8417443
5986,0.5677917,0.43220833
22358,0.012986017,0.98701394
6369,0.30098873,0.6990112
62979,0.5151698,0.48483017
11108,0.054124076,0.9458759
20116,0.0005996827,0.99940026
2774,0.77595395,0.22404602
10797,0.61681545,0.38318455
54336,0.8886375,0.11136252
36503,0.0011674846,0.9988325
64538,0.8348143,0.16518575
17962,0.008135813,0.9918642
23959,0.000742006,0.999258
17147,0.18874143,0.81125855
22123,0.019120323,0.9808797
46338,0.7818566,0.21814348
20841,0.48896298,0.51103705
41256,0.012093314,0.9879067
33387,0.23737912,0.7626208
51672,0.84300804,0.15699193
43883,0.8176315,0.18236849
34356,0.24679358,0.7532065
36077,0.018232286,0.9817677
11559,0.3502089,0.64979106
36691,0.023858076,0.97614187
48577,0.6387831,0.36121693
63182,0.6718654,0.3281346
10897,0.7765131,0.22348692
63705,0.5765597,0.4234403
407,0.12621902,0.873781
2435,0.8131163,0.18688369
24051,0.1358569,0.86414313
10821,0.10134095,0.898659
52069,0.856797,0.143203
5800,0.44995233,0.5500477
50208,0.98819864,0.011801354
38033,0.021646399,0.97835356
48261,0.5782701,0.42172992
50960,0.85875636,0.14124364
18960,0.00053416943,0.9994659
9716,6.4800486e-05,0.99993515
30987,0.02753938,0.9724606
37811,0.003930619,0.9960693
16623,0.010592935,0.9894071
26579,0.08157251,0.91842747
45863,0.74927855,0.25072142
4342,0.07236864,0.92763144
5751,0.5224563,0.4775437
64847,0.7961263,0.2038737
20643,0.29271603,0.707284
51838,0.48403952,0.5159605
26259,0.07914431,0.9208557
14993,0.17261022,0.8273898
585,0.18453379,0.8154662
22777,0.0018810917,0.99811894
762,0.39296097,0.60703903
57351,0.9949988,0.0050011687
45503,0.880885,0.11911505
35482,0.3311723,0.6688277
30260,0.038436104,0.9615638
50601,0.57301754,0.4269824
39134,0.0024388188,0.9975612
26627,0.06755757,0.9324424
17545,0.0071066227,0.9928934
10089,0.5309233,0.46907675
49739,0.89720094,0.10279908
24412,0.0002937263,0.9997062
34970,0.36352187,0.63647807
5639,0.70526016,0.2947399
40120,0.00059913687,0.99940085
40737,0.13586295,0.86413705
43184,0.83443576,0.16556421
27453,0.067307755,0.9326922
48395,0.73144376,0.26855624
56651,0.5840046,0.41599545
25489,0.5055963,0.49440375
19658,0.09070941,0.9092906
3455,0.23898923,0.76101077
2017,0.09452558,0.90547436
26296,0.012836142,0.9871639
53729,0.657108,0.342892
47217,0.9517447,0.04825533
32154,0.10462491,0.8953751
54725,0.79622394,0.20377599
37370,0.053035434,0.94696456
5870,0.8307252,0.16927487
57725,0.98336995,0.016630054
4629,0.45813853,0.5418615
52011,0.19170313,0.8082969
63647,0.93564904,0.06435094
35903,0.092090696,0.9079093
2392,0.8930261,0.10697382
3080,0.62030685,0.37969318
42032,0.013420278,0.9865797
58346,0.9886658,0.011334147
33698,0.4641521,0.5358479
5276,0.6057033,0.3942967
14965,0.04073253,0.9592675
44161,0.7796645,0.22033548
49200,0.8109216,0.18907842
36862,0.018844305,0.98115563
8264,0.15845388,0.8415461
1645,0.8963807,0.1036193
10815,0.28577325,0.7142267
7770,0.5542924,0.44570765
1178,0.6861847,0.31381527
16221,0.010965952,0.98903406
11147,0.07379066,0.9262094
49627,0.78692013,0.21307981
41792,0.069943175,0.93005675
24045,0.009943462,0.99005646
44084,0.8538663,0.1461337
20181,0.00043740444,0.99956256
5757,0.8717564,0.12824368
8479,0.21864772,0.78135234
57517,0.9975465,0.0024534564
61531,0.77296174,0.22703828
51194,0.9891083,0.010891612
19232,0.020272506,0.9797275
18153,0.0008703869,0.9991296
55086,0.36096236,0.63903767
23685,0.12662391,0.8733761
30601,0.0035455413,0.9964545
34780,0.6231157,0.37688434
16444,0.0037502206,0.99624974
19266,0.0017998155,0.9982002
51553,0.5132712,0.4867288
26487,0.4589983,0.5410017
14335,0.0011389919,0.9988611
41903,0.8335625,0.16643752
50087,0.893768,0.106232
12098,0.058368452,0.9416316
14043,0.26450408,0.735496
33033,0.23435989,0.7656401
42855,0.09958732,0.9004126
33409,0.24929452,0.7507055
1692,0.7287091,0.27129093
36427,0.003500618,0.9964994
61778,0.88000923,0.11999072
64769,0.7564262,0.24357376
35908,0.09750899,0.90249103
40879,0.002819332,0.9971807
45456,0.92252535,0.07747464
16420,0.0016865908,0.9983134
21611,0.10259957,0.8974005
33588,0.3928357,0.60716426
2783,0.8529566,0.14704338
4697,0.7265001,0.2734999
10228,0.15333031,0.84666973
14966,0.0076818075,0.99231815
1365,0.92475605,0.075243995
9258,0.7256051,0.2743949
1447,0.92372805,0.076271914
35179,0.8586654,0.14133455
8250,0.36744505,0.63255495
16006,0.034408398,0.9655916
62303,0.8171246,0.18287535
35748,0.1434624,0.8565376
58712,0.79973334,0.20026669
26558,0.6668003,0.33319974
23786,0.006319848,0.9936801
64635,0.865042,0.13495804
2292,0.5711576,0.42884243
20810,0.3671052,0.6328948
37854,0.03912388,0.9608761
18064,0.06677871,0.93322134
13399,0.08195826,0.9180417
61958,0.99781466,0.0021853426
7653,0.6126305,0.38736957
11553,0.22712208,0.7728779
12831,0.84453344,0.15546656
6221,0.008717901,0.9912821
59594,0.48292446,0.5170756
44686,0.9543143,0.045685634
29145,0.0072428985,0.99275714
26683,0.0052475994,0.9947524
9919,0.84519446,0.15480556
8540,0.6752721,0.32472792
43948,0.84184885,0.15815113
44880,0.85116327,0.14883676
27160,0.04281735,0.95718265
14214,0.6069072,0.39309278
53320,0.91637415,0.08362587
5242,0.794572,0.205428
46258,0.9013849,0.098615125
62788,0.79837716,0.20162286
62183,0.9384579,0.061542094
16383,0.012537103,0.98746294
42856,0.068969205,0.9310308
24815,0.038768977,0.961231
54236,0.5133528,0.4866472
31637,0.081659235,0.9183408
33370,0.22972457,0.7702755
44986,0.93289214,0.06710789
25996,0.0053007887,0.99469924
12625,0.050956745,0.94904333
48201,0.8581598,0.14184022
7594,0.36134186,0.63865817
4689,0.88034844,0.119651504
61263,0.66858083,0.33141917
9638,0.58508927,0.41491073
36921,0.023671413,0.97632855
22555,0.0048711994,0.99512875
56876,0.9988741,0.0011258938
13327,0.033192083,0.96680784
18374,0.016206391,0.98379356
52899,0.8946682,0.105331786
3782,0.524949,0.475051
39587,0.020264866,0.97973514
5322,0.68741894,0.31258106
16995,0.1314578,0.8685422
64874,0.7778273,0.2221727
23524,0.0033201547,0.9966799
488,0.50157624,0.49842376
63680,0.7770474,0.22295262
27889,0.0143400505,0.98565996
65053,0.8461743,0.15382572
18889,0.0004122385,0.9995877
21756,0.5402703,0.4597297
37266,0.051172193,0.94882786
64816,0.81952125,0.18047875
6247,0.22856085,0.7714392
42109,0.13151929,0.8684807
4516,0.45241496,0.547585
38516,0.0038654523,0.9961345
35299,0.6984158,0.30158424
29872,0.0024898588,0.9975101
64898,0.7764525,0.22354752
40909,0.0062271915,0.9937728
38643,0.0003043166,0.99969566
14001,0.0004955444,0.99950445
21484,0.069685385,0.93031466
8260,0.24599661,0.75400335
52093,0.7251454,0.2748546
58037,0.99483407,0.005165979
30674,0.037474617,0.96252537
57290,0.59765494,0.4023451
41462,0.015962178,0.9840379
28075,0.09963427,0.90036577
36459,0.008347552,0.9916524
60830,0.39034733,0.6096527
44370,0.97105485,0.028945087
40590,0.021503972,0.978496
11044,0.2929597,0.7070403
58299,0.981354,0.018645963
19968,0.0066529857,0.99334705
33123,0.4631149,0.53688514
23260,0.004229109,0.9957709
28258,0.17530163,0.8246983
6661,0.8341,0.16590002
4382,0.018551998,0.981448
39328,0.46252248,0.53747755
65144,0.8249443,0.17505571
47384,0.52797395,0.47202605
47458,0.268255,0.73174495
36420,0.0022173065,0.99778277
38770,0.0043027224,0.99569726
21952,0.0028521952,0.99714786
61834,0.6835477,0.31645232
54049,0.64001775,0.35998228
38208,0.009485275,0.99051476
19730,0.02685522,0.97314477
29973,0.26157108,0.73842895
33203,0.34293064,0.6570694
65236,0.48617586,0.5138241
46311,0.8716698,0.12833017
751,0.6412517,0.3587483
49539,0.81968427,0.18031576
8612,0.28841949,0.7115805
29185,0.032694556,0.9673054
22366,0.0035938004,0.99640614
18198,0.048941463,0.9510585
53500,0.85880756,0.14119247
41299,0.06161181,0.9383882
12193,0.031569835,0.96843016
51022,0.89541286,0.10458717
19905,8.6069e-05,0.99991393
48868,0.9043869,0.09561314
24401,0.051880054,0.94811994
62333,0.9468551,0.05314487
64905,0.9218475,0.078152455
43628,0.9670019,0.032998126
3535,0.0753802,0.92461985
49451,0.9133216,0.086678416
10586,0.13056962,0.8694304
39653,0.00040308267,0.9995969
53960,0.4520834,0.54791653
62377,0.88733524,0.11266479
32598,0.629404,0.370596
10811,0.52936786,0.47063208
43746,0.8590386,0.14096141
25176,0.013184936,0.9868151
20843,0.69270307,0.30729696
44780,0.93719274,0.06280725
40832,0.04910086,0.9508992
3656,0.476198,0.523802
58955,0.6818406,0.3181594
54848,0.3834268,0.6165732
59325,0.67715037,0.32284963
776,0.481172,0.518828
35241,0.8308983,0.16910169
35355,0.53418016,0.46581987
13135,0.075305186,0.92469484
44889,0.9543707,0.045629352
12569,0.0060139513,0.993986
56036,0.94097155,0.0590284
43504,0.9264035,0.07359646
45661,0.9123957,0.08760429
19426,0.004056183,0.99594384
23500,0.00817931,0.9918207
42669,0.0841458,0.9158542
58070,0.98464185,0.0153581295
15314,0.7042433,0.29575676
40899,0.011466797,0.98853326
53707,0.5807807,0.41921934
28699,0.04557328,0.9544267
46477,0.70891005,0.2910899
27025,0.2200808,0.7799192
629,0.07849943,0.9215006
42405,0.024630507,0.9753695
48695,0.94353455,0.056465503
45505,0.83803046,0.16196954
22270,0.011173656,0.9888263
48621,0.5625067,0.4374933
25813,0.22994058,0.7700594
61101,0.80177313,0.19822687
29246,0.1480718,0.8519282
39686,0.0006850159,0.999315
47030,0.5180119,0.48198807
37542,0.23577467,0.7642253
15048,0.007892178,0.9921078
27652,0.0006497617,0.99935025
49817,0.8949074,0.10509253
60943,0.68616015,0.31383982
35826,0.115129605,0.88487035
55823,0.7622977,0.2377023
21771,0.49929887,0.5007011
24856,0.12554808,0.8744519
31593,0.5054006,0.49459943
7837,0.9376821,0.062317945
24134,0.19315027,0.8068498
39166,0.0026032126,0.9973968
46341,0.71740675,0.28259325
33849,0.19632243,0.80367756
2650,0.18223894,0.81776106
55673,0.7211584,0.27884158
54784,0.8749326,0.12506741
53930,0.74509454,0.2549055
58772,0.87646663,0.123533376
49271,0.72833,0.27166992
33916,0.3222573,0.67774266
12254,0.25334838,0.7466516
51995,0.4921827,0.50781727
60497,0.4344152,0.56558484
44924,0.92139757,0.078602456
30104,0.6628871,0.33711287
27009,0.15387587,0.8461241
36670,0.006862692,0.99313736
56769,0.9997613,0.0002387449
17468,0.005392717,0.99460727
14412,0.1786898,0.8213102
11561,0.0013719153,0.99862814
49705,0.9782234,0.021776611
8671,0.5139865,0.4860134
58819,0.58292884,0.41707113
25380,0.00014717107,0.9998528
32799,0.17094818,0.8290518
10783,0.32121003,0.67879
62828,0.9946243,0.005375665
13400,0.86313045,0.13686958
57220,0.987402,0.012598015
22938,0.0018481949,0.99815184
59203,0.35939106,0.64060897
35086,0.6183624,0.38163754
18048,0.0057370965,0.9942629
38196,0.001225875,0.9987741
48316,0.80534023,0.19465975
63065,0.6032245,0.39677542
22982,0.0020857856,0.99791425
29184,0.58976525,0.41023475
914,0.65921766,0.3407823
16308,0.0050447076,0.99495524
51657,0.8610491,0.13895088
34217,0.33295807,0.6670419
58219,0.9798217,0.020178307
21489,0.66371834,0.33628166
59254,0.37537557,0.6246244
15961,0.015008854,0.98499113
47721,0.90157294,0.09842704
21274,0.0011749091,0.99882513
62278,0.9722643,0.02773573
54579,0.10663169,0.8933683
35529,0.35179392,0.64820606
56481,0.961388,0.03861199
45109,0.40790936,0.59209067
14345,0.018267276,0.9817328
63950,0.91156584,0.088434204
58927,0.4240086,0.5759914
2138,0.4446052,0.55539477
34879,0.3493472,0.65065277
36251,0.43287495,0.567125
991,0.7883903,0.21160978
10466,0.18936667,0.8106333
61438,0.9054919,0.09450814
7011,0.5827811,0.41721895
1625,0.822333,0.17766705
61050,0.6323201,0.36767992
6305,0.4380845,0.56191546
28352,0.45331767,0.5466823
7461,0.7547549,0.24524508
12610,0.23255078,0.7674492
18545,0.0026342962,0.9973658
58075,0.9916911,0.0083088325
25291,0.04056133,0.9594386
7469,0.007040959,0.992959
23385,0.14466104,0.855339
8620,0.3184954,0.6815046
31785,0.19532886,0.8046711
36289,0.10848817,0.8915118
22925,0.03043215,0.96956784
15771,0.022232905,0.9777671
50837,0.7170713,0.28292876
4527,0.93434256,0.06565746
50487,0.93692374,0.06307623
54045,0.83850366,0.16149631
35201,0.70489043,0.29510954
63107,0.8009927,0.19900727
37661,0.5173103,0.4826897
22534,0.0017670827,0.99823284
47886,0.58786964,0.41213033
17811,0.0009755303,0.9990245
24421,0.0043420335,0.99565804
27005,0.10106412,0.89893585
11130,0.3074801,0.6925199
55137,0.88190395,0.11809601
55050,0.88002574,0.11997427
41562,0.022411766,0.9775882
44852,0.9357893,0.06421071
6821,0.47671068,0.5232894
59991,0.14634763,0.85365236
40375,0.057280287,0.94271976
59866,0.4572008,0.54279923
15236,0.3239251,0.6760749
62157,0.99688464,0.0031153655
32763,0.49141893,0.50858104
7407,0.030614646,0.9693853
36773,0.0043017324,0.99569833
38851,0.09863863,0.9013614
55114,0.7366292,0.26337078
41444,0.08226431,0.9177357
12252,0.023183089,0.97681695
27567,0.005041159,0.9949588
59407,0.21520944,0.7847905
57177,0.9609528,0.039047126
11533,0.21199904,0.788001
16998,0.011251094,0.9887489
62653,0.8645195,0.13548048
26895,0.0018176396,0.9981824
41840,0.10416224,0.8958378
8314,0.4931778,0.5068222
47938,0.77023137,0.22976863
49133,0.81566095,0.18433903
63764,0.6699737,0.33002636
45891,0.90689135,0.0931087
40599,0.009772302,0.9902277
13777,0.86074585,0.13925411
24744,0.76366526,0.23633474
60615,0.4670244,0.53297555
41637,0.088993214,0.9110068
28991,0.018617516,0.9813825
28862,0.010205576,0.98979443
8928,0.42795536,0.5720447
26209,0.034862235,0.9651378
40025,0.35507226,0.6449277
53424,0.9414287,0.05857126
46867,0.71296436,0.28703564
64687,0.8540291,0.14597087
31043,0.7191297,0.28087035
41975,0.024617497,0.97538245
32354,0.69919777,0.3008022
25327,0.0044416757,0.99555826
25482,0.24047525,0.7595247
26945,0.5265067,0.47349328
51391,0.6719143,0.32808572
9599,0.50159144,0.49840856
45354,0.8940951,0.10590489
48531,0.7283429,0.2716571
28772,0.04538145,0.9546185
61235,0.9981371,0.0018628716
29748,0.014334591,0.98566544
5319,0.593863,0.406137
24333,0.00044653137,0.9995535
26361,0.006075731,0.9939243
28710,0.023700496,0.97629946
51827,0.8041081,0.19589196
38993,0.00012734372,0.9998727
5081,0.15389442,0.8461056
42055,0.10175203,0.898248
51596,0.3873311,0.61266893
33853,0.28062046,0.71937954
47749,0.6913454,0.3086546
58685,0.87741125,0.12258868
28398,0.027609657,0.9723903
22086,0.63702786,0.3629722
16334,0.07685992,0.92314005
25862,0.06872528,0.9312747
58029,0.98400027,0.015999798
38510,0.009176188,0.99082386
10045,0.041189335,0.9588107
7372,0.20773774,0.7922623
46124,0.79367304,0.20632702
65106,0.5754808,0.4245192
51701,0.7111634,0.28883663
44788,0.9295041,0.0704959
12007,0.5708249,0.4291751
51338,0.8819081,0.11809187
22321,0.00152315,0.9984768
4819,0.86443955,0.13556047
9293,0.4452662,0.5547338
44651,0.9034461,0.09655395
11647,0.44188654,0.55811346
8171,0.16510068,0.83489937
34709,0.6828629,0.31713712
7796,0.4064826,0.59351736
11244,0.0046674544,0.99533254
55284,0.80953825,0.19046171
26317,0.004159754,0.9958403
39983,0.0047104494,0.99528956
37997,0.0033744054,0.99662566
10890,0.5613341,0.43866593
5657,0.8317594,0.16824064
56142,0.98045087,0.019549172
19330,0.0011253238,0.9988746
50480,0.90914625,0.09085369
63823,0.75281554,0.24718446
4329,0.38562068,0.6143793
47667,0.5860802,0.41391978
14083,0.08170611,0.91829383
333,0.26905257,0.7309474
12968,0.013955565,0.9860444
34579,0.11499546,0.8850046
7696,0.7987349,0.20126508
11574,0.10155002,0.89844996
9559,0.0322755,0.96772456
58599,0.5590975,0.4409024
57625,0.9998882,0.00011179147
31063,0.32316974,0.6768303
58413,0.90873027,0.09126976
49760,0.084508575,0.91549146
42684,0.75059456,0.24940544
48732,0.8921732,0.107826814
31093,0.019399814,0.9806002
55939,0.99736696,0.0026330147
61029,0.9980731,0.0019268402
9347,0.07355158,0.92644846
27279,0.0014418474,0.9985581
897,0.3473065,0.65269357
18370,0.0016575718,0.9983424
26648,0.03419215,0.96580786
13156,0.26405856,0.73594147
17275,0.00044881715,0.9995511
27387,0.019183269,0.9808168
19984,0.008178347,0.9918216
36451,0.08286047,0.9171395
127,0.0037019656,0.996298
30307,0.08403735,0.9159627
33453,0.073748656,0.9262513
32032,0.30476442,0.69523555
61546,0.9255621,0.07443791
30277,0.04522511,0.95477486
48038,0.63582563,0.36417437
45246,0.9344484,0.0655516
58628,0.40304807,0.5969519
20855,0.05293825,0.9470618
18404,0.27369434,0.72630566
50965,0.79674,0.20325997
57667,0.9994579,0.0005421144
50452,0.93083805,0.069162
27045,0.014085847,0.9859141
18226,0.0014167327,0.9985833
57448,0.9887205,0.011279542
24863,0.33798295,0.66201705
56561,0.90631,0.093689986
56535,0.7751855,0.22481444
40129,0.00017773989,0.9998223
16594,0.008341401,0.9916586
16501,0.0029538302,0.9970462
116,0.037793532,0.9622064
28017,0.10562546,0.89437455
5650,0.90855193,0.09144811
22423,0.01440832,0.98559165
23761,0.0070188604,0.9929811
39042,0.009298537,0.99070144
35740,0.23642616,0.7635738
44354,0.65796727,0.3420327
49467,0.9246219,0.07537817
24238,0.0017465882,0.9982534
10139,0.7211555,0.27884445
2358,0.46324214,0.5367578
61651,0.79301965,0.20698032
39201,0.0001337174,0.99986625
47681,0.42543226,0.5745677
16760,0.009490136,0.9905098
44496,0.90000033,0.09999961
61587,0.599971,0.400029
17781,0.011915775,0.98808426
36908,0.012222649,0.9877773
41458,0.26719388,0.73280615
40971,0.41608208,0.5839179
31972,0.17628714,0.8237129
56066,0.8562349,0.14376505
8436,0.80689013,0.1931099
3136,0.35292965,0.64707035
57884,0.98068684,0.01931317
49025,0.8725626,0.12743746
63284,0.3516157,0.6483843
28519,0.08880081,0.91119915
54077,0.63224024,0.3677598
33257,0.4284024,0.57159764
1869,0.5601889,0.4398111
53765,0.3925161,0.6074839
45288,0.9039487,0.09605132
28745,0.011819802,0.98818016
45195,0.937668,0.062331926
14423,0.8144397,0.18556023
62506,0.9757509,0.024249056
30743,0.012275768,0.9877243
64907,0.54256743,0.45743254
4064,0.018632077,0.9813679
51159,0.6548051,0.3451949
14719,0.41515255,0.58484745
8202,0.7126961,0.28730398
56208,0.85373247,0.14626752
52499,0.96441287,0.03558716
60885,0.94479406,0.055205993
21861,0.7892412,0.21075875
1969,0.7093154,0.2906846
12225,0.052945502,0.9470545
25277,0.009472891,0.99052715
25897,0.017123,0.98287696
15998,0.0019345769,0.9980654
65047,0.8232956,0.17670438
48709,0.7835589,0.2164411
10433,0.37745467,0.62254536
22034,0.7149291,0.28507084
12341,0.05077602,0.94922394
64130,0.9233198,0.07668017
6819,0.14399613,0.8560039
41373,0.0077395034,0.9922605
60648,0.569762,0.43023804
46380,0.8268411,0.17315894
49898,0.5670273,0.43297276
837,0.39218593,0.6078141
20858,0.060871977,0.93912804
6753,0.5683234,0.4316766
35519,0.48207793,0.5179221
13584,0.422559,0.57744104
57263,0.752685,0.247315
43576,0.7141897,0.28581032
54286,0.59321153,0.4067884
54215,0.36099246,0.6390075
55865,0.20750125,0.79249877
61088,0.9973695,0.0026304002
37998,0.0086073205,0.99139273
58332,0.8278433,0.17215675
59086,0.0115288235,0.98847115
18562,0.09250759,0.90749234
21001,0.06754396,0.9324561
11278,0.20193027,0.7980697
57981,0.9813907,0.018609269
65187,0.93209034,0.067909606
18800,0.0015765978,0.99842346
39882,0.002271545,0.9977285
27600,0.0076811532,0.99231887
13464,0.005730801,0.99426913
22620,0.0406736,0.9593264
17420,0.0036317587,0.9963683
27585,0.0048514237,0.9951486
7356,0.5673824,0.43261763
53628,0.9471827,0.052817315
63944,0.95287466,0.047125388
8568,0.50218093,0.49781907
18394,0.14338627,0.8566137
33321,0.5066227,0.4933773
58663,0.83748037,0.16251962
59262,0.47711918,0.52288085
6987,0.004515306,0.9954847
35471,0.6013882,0.39861178
29821,0.019044476,0.98095554
12243,0.65638703,0.34361297
6984,0.8035933,0.19640674
64976,0.20403785,0.79596215
38073,0.010223471,0.9897765
59080,0.5945063,0.40549368
2440,0.960815,0.039184935
52947,0.7973601,0.20263983
34838,0.53418016,0.46581987
19855,0.00038545424,0.9996145
48489,0.93199486,0.06800514
29140,0.44056937,0.55943066
52933,0.39000598,0.609994
41086,0.0061173025,0.9938828
34098,0.3354355,0.66456455
20764,0.62360793,0.3763921
62672,0.622906,0.37709403
37360,0.029182985,0.97081697
25506,0.006089147,0.9939109
22920,0.0026006708,0.99739933
39817,0.00091987837,0.99908006
59926,0.122881494,0.8771185
33392,0.20408651,0.79591346
15958,0.01480722,0.9851928
12023,0.7778367,0.22216332
30480,0.006906025,0.99309397
4658,0.12511863,0.8748813
32409,0.12254828,0.8774517
24899,0.07065845,0.9293416
6119,0.067465015,0.93253493
33407,0.2027415,0.7972585
31024,0.027439581,0.9725604
45786,0.29455838,0.7054416
22373,0.025006924,0.97499305
48460,0.36221957,0.6377805
28400,0.030487284,0.9695127
46913,0.9377048,0.06229523
41681,0.009668865,0.9903312
12974,0.5247556,0.4752444
9878,0.20560506,0.79439497
50202,0.7406613,0.25933868
30080,0.05969905,0.94030094
887,0.29349276,0.70650727
12920,0.11125333,0.8887467
5845,0.25116643,0.74883354
51700,0.34099576,0.6590042
62923,0.8901911,0.10980895
26583,0.087863706,0.91213626
34875,0.6666491,0.33335096
64615,0.3664691,0.6335309
25334,0.0020128712,0.99798715
21540,0.0035952092,0.99640477
29167,0.01914408,0.9808559
63402,0.5907231,0.40927696
54667,0.54824823,0.4517518
27639,0.7674173,0.23258273
30490,0.002432546,0.99756753
63502,0.5145414,0.4854586
49614,0.87917215,0.120827824
3466,0.08670582,0.9132942
29830,0.012709873,0.9872901
22935,0.0097890785,0.9902109
55506,0.7531404,0.24685961
30411,0.096983634,0.9030163
64232,0.75497603,0.24502394
34247,0.21302444,0.78697556
26208,0.025611449,0.9743885
47184,0.90334296,0.09665702
19435,0.0010561212,0.99894387
57809,0.97499543,0.025004623
27218,0.029230436,0.9707695
43346,0.3596923,0.64030766
30932,0.015728021,0.984272
44248,0.9716152,0.028384792
52989,0.71959734,0.28040266
64560,0.8657053,0.13429467
14847,0.62405014,0.37594983
38608,0.31941244,0.6805876
30961,0.551344,0.44865608
62003,0.9359804,0.06401958
30482,0.016857333,0.9831427
17205,0.0070542167,0.99294585
47922,0.76825154,0.23174842
5336,0.44070798,0.55929196
59293,0.64814055,0.35185945
24189,0.011570189,0.9884298
12892,0.120886765,0.8791132
6258,0.7627031,0.23729688
56451,0.8066369,0.19336304
38477,0.03830604,0.96169394
38651,0.025727103,0.97427297
14302,0.48964828,0.5103518
11524,0.29670858,0.7032914
54139,0.055392094,0.94460785
28566,0.028311484,0.97168845
27617,0.026428532,0.9735714
33325,0.3242139,0.67578614
61567,0.78991157,0.21008842
31125,0.025992585,0.9740074
61295,0.68593496,0.31406504
46414,0.9600649,0.039935164
35342,0.75057167,0.2494283
59501,0.60990757,0.39009246
22036,0.25492176,0.74507827
2443,0.5144751,0.48552486
58540,0.97786987,0.022130128
39144,0.010590515,0.98940945
24905,0.19655694,0.803443
33832,0.16025642,0.8397436
3471,0.7525569,0.24744312
42307,0.32120937,0.67879057
56169,0.9337567,0.06624325
52058,0.6349411,0.3650589
41501,0.30245453,0.69754547
36045,0.03605738,0.9639426
21076,0.12500289,0.87499714
61395,0.9655574,0.03444257
58728,0.93470573,0.06529426
23598,0.0061957226,0.9938042
9530,0.08097123,0.91902876
51917,0.74478155,0.25521845
35684,0.64844847,0.3515516
8649,0.38895437,0.61104566
10305,0.11635525,0.8836448
365,0.16538304,0.83461696
52391,0.9372786,0.062721394
24250,0.0013442304,0.9986558
52067,0.55044043,0.44955957
28916,0.06284427,0.93715566
19846,0.00023422069,0.9997658
64694,0.8165657,0.18343434
45871,0.88362086,0.11637914
36579,0.24630286,0.75369716
16032,0.0086996,0.9913004
52634,0.38867038,0.6113296
49677,0.54448026,0.4555197
32241,0.8022927,0.19770727
35959,0.009682764,0.9903172
27125,0.01433156,0.9856684
3605,0.7600551,0.23994495
36275,0.014461804,0.9855381
4657,0.765299,0.23470092
58164,0.98965997,0.010340111
44896,0.9085161,0.091483906
54110,0.7660388,0.2339612
9701,0.3045485,0.6954515
63530,0.24305813,0.7569419
62078,0.9377856,0.062214315
46538,0.8108677,0.1891323
59044,0.28462866,0.7153713
14876,0.0012062732,0.9987937
19362,0.004259171,0.9957409
9885,0.54921037,0.45078966
28703,0.0081072515,0.9918928
8897,0.72698003,0.27301994
62663,0.6317683,0.36823174
14582,0.6828425,0.31715748
31484,0.7409958,0.25900412
40613,0.2679404,0.7320596
9920,0.5587527,0.44124725
37249,0.48005018,0.51994985
63924,0.20384377,0.7961562
27334,0.025428986,0.974571
47132,0.6536926,0.34630737
60202,0.52260435,0.47739565
11194,0.0025091784,0.9974909
20530,0.74195737,0.25804263
38903,0.00088645244,0.9991135
49047,0.95149225,0.048507754
5606,0.77568376,0.22431621
52506,0.74310446,0.25689557
41947,0.002688182,0.99731183
40043,0.0014553206,0.9985447
3179,0.6377705,0.36222947
8257,0.35814258,0.64185745
37908,0.03531788,0.96468216
42547,0.7796074,0.22039258
8258,0.09545969,0.9045403
41416,0.004243056,0.9957569
25066,0.055936787,0.94406325
36646,0.07666007,0.92333996
46049,0.9298592,0.07014074
60649,0.8492943,0.1507057
43328,0.78170705,0.21829288
6650,0.2724059,0.7275941
36607,0.030687194,0.9693127
44206,0.7463753,0.25362465
5117,0.5078093,0.49219075
22010,0.20354189,0.7964582
53078,0.89464945,0.10535053
54666,0.45721796,0.54278207
31297,0.3644846,0.63551545
49590,0.76808596,0.23191404
58377,0.9757016,0.024298461
43896,0.74871147,0.25128853
41007,0.027178321,0.97282165
7327,0.69615245,0.30384752
24879,0.24522084,0.75477916
11006,0.72059536,0.27940464
33705,0.8502259,0.14977407
46346,0.8401287,0.15987127
27758,0.010388923,0.98961115
32338,0.5678074,0.43219262
32812,0.45046794,0.54953206
32838,0.2645464,0.7354536
55098,0.15107699,0.848923
32435,0.2129637,0.7870363
23469,0.0010245874,0.9989754
4796,0.5868494,0.41315058
22298,0.13429034,0.86570966
39520,0.04981683,0.9501832
48192,0.94377655,0.05622347
27670,0.0015107932,0.99848914
37217,0.6023991,0.3976009
19447,0.0023541867,0.9976458
56424,0.9018845,0.09811548
59,0.22126435,0.7787357
53390,0.18049943,0.81950057
55117,0.7697014,0.2302986
13441,0.028945602,0.97105443
334,0.104700744,0.8952993
36831,0.011875051,0.98812497
16915,0.002494437,0.9975056
50975,0.91614896,0.083851054
42596,0.010871596,0.9891284
57629,0.99982446,0.0001756017
33098,0.36472535,0.63527465
17957,0.004153219,0.9958468
64760,0.8894916,0.11050837
41997,0.06343496,0.93656504
34693,0.68645775,0.31354225
59319,0.80944693,0.19055304
32800,0.31069404,0.68930596
14388,0.48673993,0.51326007
40572,0.020706074,0.9792939
10270,0.25203514,0.7479649
26943,0.52841717,0.47158277
38391,0.0017421542,0.9982578
40371,0.014456689,0.9855434
24225,0.23018539,0.7698146
9223,0.60969293,0.390307
29479,0.0019784444,0.9980216
24938,0.20155981,0.7984402
1136,0.4881664,0.5118336
38197,0.0009753495,0.9990246
37594,0.016690439,0.98330957
31454,0.074617565,0.9253824
3390,0.14596969,0.8540304
63259,0.6590656,0.3409344
59425,0.6180628,0.38193724
35005,0.53915715,0.46084288
15132,0.0651212,0.9348788
37571,0.0008474301,0.99915254
12956,0.7595944,0.24040559
26557,0.3614466,0.6385534
58052,0.9790636,0.020936375
26284,0.0076217325,0.99237823
35890,0.18294016,0.8170599
13816,0.5021632,0.4978368
31840,0.38293788,0.61706215
61070,0.59484833,0.40515167
34027,0.1345813,0.8654187
32064,0.067283094,0.9327169
22630,0.039367255,0.96063274
19679,0.009922543,0.9900774
3661,0.12712583,0.8728742
43966,0.58272094,0.41727912
31826,0.069391266,0.93060875
15262,0.01325272,0.98674726
32719,0.55998194,0.4400181
15403,0.10462124,0.8953787
47566,0.7996581,0.20034191
61346,0.84991944,0.1500805
21265,0.39738023,0.60261977
57445,0.93695354,0.063046485
45793,0.5200383,0.47996172
40675,0.00708544,0.99291456
22098,0.6258511,0.37414888
60737,0.85932875,0.1406713
45763,0.9567946,0.043205366
26393,0.0010747929,0.99892515
3325,0.004207645,0.9957924
30074,0.10017356,0.89982647
59731,0.66211766,0.33788234
18879,0.00071691634,0.99928313
43694,0.95966625,0.040333766
36871,0.0034115645,0.99658847
54987,0.63703835,0.36296168
55807,0.2737494,0.7262506
43303,0.8607299,0.1392701
54072,0.7982181,0.20178196
51367,0.8555924,0.1444076
43769,0.9265817,0.073418275
46539,0.91244006,0.087559894
20557,0.64737254,0.35262746
7795,0.54893,0.45107
43408,0.8630851,0.13691488
45835,0.41386592,0.5861341
42290,0.0129492935,0.98705065
59174,0.33138427,0.6686157
33558,0.43594757,0.5640524
35895,0.032623697,0.96737623
29141,0.004062429,0.9959376
57837,0.9928411,0.0071588284
43145,0.00886333,0.99113667
42759,0.039371945,0.9606281
40269,0.009904337,0.9900956
27215,0.024293935,0.9757061
37514,0.008492018,0.991508
48219,0.9232199,0.07678008
38595,0.03472919,0.9652708
36313,0.35238323,0.64761674
9291,0.73346615,0.26653385
47921,0.7546695,0.24533053
18277,0.66735345,0.33264655
54205,0.8974331,0.10256693
7026,0.7063944,0.29360557
27626,0.018458145,0.9815419
35091,0.6695549,0.33044508
1478,0.85764843,0.14235158
3568,0.8304097,0.16959025
5137,0.75945145,0.24054855
6120,0.7125026,0.28749743
24365,0.002510194,0.9974898
8221,0.37991917,0.6200808
22250,0.0008388481,0.9991611
25357,0.0027507779,0.9972492
3838,0.021143302,0.9788567
16015,0.0067195194,0.9932805
3373,0.6865658,0.31343424
1367,0.51254773,0.48745233
42632,0.012142376,0.9878576
11974,0.56930846,0.4306915
47412,0.68940157,0.31059837
12790,0.8423276,0.15767246
13472,0.012763308,0.9872366
19565,0.005410542,0.99458945
1206,0.28026012,0.71973985
30235,0.39396277,0.60603726
33706,0.23333198,0.766668
19939,0.0007478295,0.99925214
6378,0.81081396,0.1891861
4987,0.89308554,0.106914416
52484,0.23205456,0.7679454
15913,0.0023047754,0.99769515
2794,0.7142302,0.28576985
26725,0.0045952876,0.9954047
31647,0.14012516,0.85987484
37982,0.0028255752,0.9971744
36685,0.00950095,0.9904991
37796,0.07395204,0.9260479
47141,0.7864633,0.21353664
22306,0.0032765279,0.9967235
23140,0.060341295,0.93965876
8081,0.3828315,0.6171685
10317,0.5989987,0.40100124
22385,0.028805107,0.97119486
22381,0.100141235,0.89985883
15884,0.0044224095,0.9955776
45787,0.33970663,0.6602934
54619,0.77145493,0.22854505
1845,0.7117833,0.28821674
16491,0.00036956125,0.99963045
30531,0.14460488,0.85539514
9454,0.83367866,0.16632138
34329,0.5044181,0.49558192
11939,0.6967073,0.30329266
40063,0.0012795742,0.9987204
6980,0.43690756,0.56309247
25773,0.16939384,0.83060616
25736,0.2058268,0.7941732
61639,0.7169185,0.28308147
26231,0.022544941,0.977455
34359,0.51738065,0.48261937
9604,0.79014623,0.20985372
58593,0.71708727,0.28291276
52168,0.2664029,0.7335971
61393,0.96236295,0.03763708
5947,0.7234872,0.2765128
20894,0.077215455,0.92278457
41178,0.5459511,0.4540489
1249,0.2864957,0.7135044
36236,0.010613283,0.9893867
42073,0.04250323,0.95749676
54428,0.0927902,0.9072098
37198,0.24122223,0.75877774
15372,0.7222981,0.27770197
32882,0.29536608,0.7046339
58583,0.71131575,0.28868422
62453,0.5875305,0.41246945
38752,0.18749489,0.81250507
12385,0.22127119,0.77872884
19200,0.019590259,0.9804097
4799,0.8144249,0.18557516
30257,0.061171614,0.93882835
14262,0.08907621,0.9109238
25301,0.0023836577,0.9976164
19058,0.0032060181,0.9967939
10979,0.032104872,0.96789515
53708,0.9419416,0.058058377
49803,0.49198294,0.50801706
25188,0.03583541,0.9641646
16841,0.0102018295,0.9897982
51387,0.8170005,0.18299954
6764,0.39854586,0.60145414
48883,0.6499503,0.35004967
56398,0.951592,0.048408046
62585,0.9518424,0.0481576
36246,0.11624163,0.88375837
15873,0.0013401052,0.99865985
43476,0.9105014,0.089498535
23019,0.021054666,0.9789453
2663,0.91841483,0.08158523
42491,0.6548481,0.34515187
17112,0.010487389,0.9895126
64740,0.84630543,0.15369464
34120,0.62922096,0.370779
64457,0.88733953,0.11266048
36097,0.001226768,0.99877316
35649,0.021491049,0.978509
27269,0.16709241,0.8329076
25537,0.04212708,0.957873
23776,0.006280242,0.9937198
48731,0.7761408,0.22385922
64069,0.70630944,0.29369056
25443,0.006694138,0.99330586
7498,0.78109217,0.21890782
10129,0.32666865,0.6733313
7362,0.14928517,0.8507148
32604,0.160884,0.839116
49259,0.50567347,0.49432653
13947,0.12039544,0.87960464
35533,0.79925233,0.20074764
40299,0.09398687,0.90601313
22887,0.0021112866,0.99788874
2834,0.52295375,0.47704622
46970,0.8955163,0.1044837
10816,0.04330709,0.95669293
37846,0.041108817,0.95889115
55940,0.9997094,0.00029058443
62201,0.9991609,0.0008390984
41870,0.8555863,0.14441365
45330,0.8746324,0.1253676
47648,0.83477074,0.16522922
36046,0.008535868,0.9914641
52025,0.50616384,0.49383613
42254,0.15432316,0.8456769
47034,0.89688724,0.103112794
17880,0.007322401,0.99267757
20695,0.1753015,0.8246985
12417,0.1147717,0.8852283
18525,0.0016033472,0.9983967
36558,0.012670157,0.98732984
27223,0.017839395,0.98216057
35527,0.24218102,0.75781894
14809,0.28397754,0.7160225
13893,0.38150424,0.61849576
26665,0.017013142,0.9829868
25378,0.0021396158,0.9978604
45373,0.9035787,0.09642128
32099,0.041716937,0.95828307
13648,0.6270443,0.37295562
39887,0.000410308,0.99958974
27306,0.0032499924,0.99675
7073,0.7479997,0.2520003
37648,0.00917899,0.99082106
20213,0.010071871,0.98992807
23940,0.0009977411,0.9990023
32160,0.4086652,0.5913348
60137,0.1565001,0.8434999
9769,0.25548923,0.74451077
45032,0.9457067,0.054293245
37937,0.0016019524,0.998398
60428,0.46102354,0.53897643
53641,0.25956935,0.7404306
40852,0.045400936,0.9545991
5988,0.79829913,0.20170087
8852,0.7704495,0.22955045
36309,0.03287875,0.9671213
59304,0.35668808,0.6433119
48724,0.66961944,0.3303806
41161,0.005426964,0.99457306
34069,0.352941,0.64705896
40544,0.0016256365,0.99837434
11886,0.057264745,0.94273525
38811,0.018225195,0.9817748
39952,0.015062028,0.9849379
3565,0.13276567,0.86723435
36270,0.06377072,0.9362293
44187,0.86120474,0.13879526
39674,0.0024457185,0.99755436
22970,0.01326285,0.9867372
58863,0.58349913,0.41650084
49151,0.94776195,0.05223807
12119,0.016238132,0.98376185
17244,0.0008105913,0.99918944
36449,0.051083066,0.948917
27375,0.48189613,0.51810384
53382,0.99114895,0.008851103
7686,0.69972014,0.30027986
12913,0.353948,0.646052
21382,0.13833235,0.8616677
50670,0.87732565,0.12267432
8342,0.49961206,0.50038797
16156,0.0012006682,0.9987993
56543,0.85846305,0.14153698
42101,0.87630695,0.12369301
47379,0.88820416,0.11179583
61892,0.8299888,0.1700112
56549,0.784059,0.21594098
13721,0.34900266,0.65099734
43523,0.69446474,0.30553523
35678,0.028443422,0.9715566
9785,0.024485178,0.9755148
2698,0.90939534,0.09060465
24649,0.006388336,0.99361163
12547,0.14584534,0.8541546
17589,0.0013386339,0.9986614
22312,0.00246287,0.99753714
8529,0.24260592,0.75739413
4943,0.32321364,0.6767863
21498,0.44432235,0.55567765
45452,0.8334297,0.16657032
44447,0.88321656,0.11678341
25637,0.19067818,0.8093218
24825,0.29589778,0.7041022
13885,0.12105273,0.8789473
56397,0.9541616,0.045838416
51732,0.9496358,0.050364148
62947,0.092723794,0.9072762
6792,0.9154446,0.08455541
32402,0.63646734,0.3635326
10517,0.6131208,0.3868792
47801,0.9040264,0.095973685
29036,0.04991147,0.9500885
3430,0.059393317,0.9406067
53653,0.8593627,0.14063734
5292,0.8878511,0.11214892
24162,0.0057785446,0.9942214
33051,0.8108352,0.18916485
26960,0.7448014,0.25519863
30481,0.0072603645,0.9927396
53663,0.83214676,0.16785324
40565,0.0029891047,0.9970108
34389,0.6251789,0.37482107
16042,0.00038588681,0.9996141
51636,0.8135168,0.18648322
4552,0.8309475,0.16905247
9416,0.6493786,0.35062143
4179,0.21615891,0.78384113
63460,0.030594282,0.9694057
7080,0.6747581,0.32524192
31743,0.14893208,0.8510679
26186,0.0048136646,0.9951864
19661,0.004112891,0.9958871
52334,0.8723686,0.12763144
59825,0.85983807,0.14016195
31478,0.032407895,0.96759206
727,0.34728172,0.65271825
51451,0.60021305,0.39978698
35972,0.01278432,0.98721576
27977,0.04920093,0.95079905
50797,0.8196557,0.1803443
27648,0.00406544,0.9959345
60275,0.34423152,0.6557685
45116,0.5432441,0.45675594
38549,0.068030365,0.9319696
20290,0.00026764788,0.9997323
9034,0.7107875,0.28921252
64676,0.55413014,0.44586983
57678,0.9998398,0.00016020908
61714,0.68616015,0.31383982
15509,0.039099928,0.9609001
6001,0.48278525,0.5172148
53069,0.4725768,0.5274232
29567,0.03833431,0.9616657
25570,0.5440994,0.45590058
11741,0.6507529,0.3492471
2169,0.4633534,0.53664654
65210,0.89473313,0.10526684
47515,0.83303416,0.16696589
35301,0.7638946,0.23610532
53514,0.5997738,0.40022615
10106,0.6195423,0.38045767
7381,0.86576664,0.1342333
63309,0.2699,0.7301
34808,0.52678,0.47322002
8003,0.2259375,0.77406245
52005,0.2686448,0.7313552
61942,0.48207793,0.5179221
2620,0.6819359,0.3180641
42870,0.053504687,0.9464953
37259,0.62968874,0.3703112
10803,0.9031143,0.09688567
15674,0.007571721,0.99242824
42993,0.031970985,0.96802896
24346,0.0013145675,0.9986854
56688,0.97296935,0.0270307
6787,0.9160251,0.08397485
57317,0.9797632,0.020236803
53526,0.7844448,0.21555519
51916,0.7930874,0.20691252
44436,0.91491973,0.0850803
27065,0.01093395,0.989066
63039,0.9003001,0.0996999
17518,0.0071291295,0.99287087
8695,0.09636568,0.9036343
51997,0.7275452,0.2724548
60964,0.2365905,0.7634095
8207,0.13330789,0.8666921
8880,0.360817,0.63918304
53505,0.88881,0.111190036
45329,0.7505217,0.24947833
45341,0.3346542,0.6653458
11038,0.39690822,0.6030917
64319,0.9368459,0.06315411
53374,0.8395618,0.16043812
22884,0.0011231108,0.99887687
30922,0.007170626,0.9928294
33443,0.3394348,0.6605652
12565,0.12566388,0.8743361
47796,0.6969562,0.30304375
55990,0.9986106,0.001389399
38535,0.29416558,0.70583445
34835,0.5763923,0.42360768
24975,0.0017280045,0.99827194
57239,0.91381484,0.086185135
45650,0.75945836,0.24054168
33545,0.30443218,0.69556785
33276,0.37769273,0.62230724
56785,0.7563372,0.24366276
19847,0.00054217025,0.9994578
20215,0.014286721,0.98571324
969,0.50465125,0.49534878
47067,0.89502287,0.10497716
13428,0.44318116,0.55681884
44638,0.9654198,0.034580242
60059,0.5200931,0.47990692
5265,0.7530738,0.2469262
3966,0.2442624,0.7557376
40564,0.0011805013,0.99881953
34208,0.59441745,0.40558258
10260,0.32842883,0.67157114
2681,0.6589515,0.34104848
24630,0.0026733426,0.9973266
32970,0.21052316,0.7894768
18480,0.002172207,0.9978278
56472,0.9904198,0.009580198
62214,0.7134736,0.28652638
5200,0.9766217,0.023378354
2261,0.6881363,0.31186372
47480,0.7513676,0.2486324
25683,0.12640242,0.87359756
35189,0.7481404,0.25185964
64655,0.8770048,0.122995205
46581,0.7113885,0.28861153
54308,0.5837295,0.4162705
56231,0.62449026,0.37550968
59490,0.42998895,0.570011
57420,0.6271773,0.37282273
53203,0.6366112,0.36338875
51503,0.773916,0.226084
12977,0.15888454,0.8411155
2209,0.68096435,0.3190356
52567,0.53351045,0.46648952
11338,0.1831197,0.8168803
6688,0.7044267,0.29557326
29814,0.02229851,0.9777014
14500,0.057776697,0.94222325
55954,0.99072826,0.009271718
50629,0.9176779,0.082322106
32344,0.30132747,0.69867253
7032,0.14589195,0.8541081
28554,0.0371508,0.9628492
19255,0.0026252514,0.9973748
24621,0.00087009545,0.99912995
7753,0.49252725,0.50747275
54495,0.84570605,0.15429395
33766,0.5250217,0.47497833
48742,0.94070446,0.05929551
16855,0.0005215177,0.9994785
62662,0.6875259,0.31247407
6842,0.61683667,0.38316333
5574,0.78860396,0.21139604
61696,0.96434724,0.03565277
35892,0.09909418,0.90090585
22522,0.0007411538,0.9992588
39816,0.00013491839,0.99986506
42345,0.14452106,0.855479
26501,0.31924674,0.6807533
30464,0.004302016,0.995698
65185,0.23463696,0.76536304
56612,0.79900205,0.20099798
46352,0.8174616,0.18253835
54406,0.349755,0.650245
41345,0.016219635,0.9837804
33677,0.3325407,0.6674593
8330,0.727291,0.27270904
42619,0.025597146,0.97440284
23772,0.019730011,0.9802699
58082,0.97221273,0.02778734
3658,0.6354912,0.36450884
61275,0.79837716,0.20162286
33895,0.15824172,0.8417583
50798,0.5340418,0.46595815
64324,0.81107837,0.1889216
64732,0.82606596,0.17393404
3769,0.16409065,0.83590937
27580,0.012707892,0.98729205
11378,0.67280257,0.32719743
2770,0.63351303,0.36648697
62029,0.9342618,0.065738134
6548,0.8379958,0.16200419
6213,0.26094067,0.73905927
42967,0.44342643,0.55657357
55715,0.7299137,0.27008623
43262,0.69687605,0.30312395
53974,0.93148196,0.068518095
29633,0.09791246,0.90208757
54284,0.81319433,0.18680562
4762,0.69216853,0.3078314
24571,0.0064563192,0.99354374
58229,0.97439754,0.02560248
48963,0.89474,0.10525997
53982,0.867569,0.13243105
27545,0.59209627,0.40790376
39998,0.005753893,0.9942462
52055,0.6565279,0.34347212
6354,0.5034179,0.4965821
25123,0.007943418,0.99205655
42161,0.0060632466,0.99393684
28915,0.06440862,0.9355914
22402,0.009983726,0.9900163
29117,0.0355551,0.96444494
63682,0.28416708,0.7158329
23434,0.0010795051,0.99892056
22384,0.042261455,0.9577386
34460,0.4679156,0.53208435
39163,0.00066904974,0.999331
13726,0.16008838,0.83991164
24508,0.00091245334,0.9990876
20188,0.0010957374,0.9989042
25919,0.0048997393,0.9951003
18935,0.001068299,0.9989317
45074,0.9419558,0.058044206
317,0.011730093,0.9882699
38164,0.02937941,0.97062063
28830,0.05300244,0.9469976
47490,0.47774225,0.52225775
56859,0.9971148,0.0028851812
12054,0.6177318,0.38226822
47263,0.8078389,0.19216114
29716,0.14220068,0.8577993
50476,0.6279991,0.3720008
57610,0.99978226,0.0002177509
43028,0.06349941,0.93650055
9625,0.8228343,0.17716567
23600,0.023006044,0.976994
41697,0.0037206197,0.9962794
7458,0.008442951,0.991557
56512,0.81777227,0.18222778
61230,0.9560884,0.043911573
50958,0.6383326,0.3616674
35691,0.033674836,0.96632516
37681,0.014019001,0.985981
9514,0.044566825,0.9554332
36633,0.10086094,0.8991391
56992,0.9899659,0.01003405
37403,0.1417093,0.8582907
11695,0.5761578,0.42384213
13537,0.18731724,0.81268275
24575,0.048388455,0.9516115
43728,0.91227335,0.0877267
36362,0.20307642,0.7969236
12317,0.10871155,0.89128846
51115,0.92214084,0.07785921
49965,0.9144387,0.08556129
61555,0.94918954,0.050810453
3318,0.37415668,0.62584335
61010,0.2225336,0.77746636
43620,0.9647835,0.035216488
27623,0.0798408,0.92015916
38168,0.0019403325,0.9980597
8657,0.37424725,0.62575275
27067,0.0051152753,0.99488467
124,0.018183494,0.98181653
10326,0.071242474,0.92875755
49459,0.9656225,0.034377538
51322,0.92438716,0.07561284
50931,0.76530194,0.23469798
42899,0.13045008,0.86954993
17455,0.05056288,0.9494371
60681,0.47715664,0.52284336
21904,0.27860954,0.7213904
35450,0.36352187,0.63647807
42980,0.09129296,0.908707
5613,0.9440032,0.05599673
38606,0.13348286,0.8665172
4973,0.54314804,0.45685193
4158,0.04760576,0.9523942
56974,0.97467446,0.02532552
59937,0.93180937,0.0681907
52354,0.24777234,0.75222766
37499,0.124251835,0.8757482
16310,0.00170463,0.99829537
36925,0.021650625,0.9783493
36883,0.013782325,0.9862177
32404,0.06818396,0.93181604
28634,0.012253644,0.98774636
44138,0.9645524,0.035447557
16352,0.15039083,0.8496092
34145,0.6836938,0.3163062
19003,0.001637383,0.9983626
34525,0.4732792,0.52672076
18732,0.0010017568,0.9989982
33704,0.5763094,0.42369062
28399,0.02127196,0.9787281
17882,0.00091383845,0.99908614
1687,0.72124285,0.27875718
31814,0.041566122,0.95843387
40074,0.002122659,0.99787736
45990,0.9632179,0.03678212
53812,0.73381066,0.26618934
25896,0.024044432,0.9759555
41617,0.079094954,0.92090505
3186,0.4416444,0.5583556
4928,0.9687403,0.031259704
12721,0.64427674,0.35572326
11777,0.03880707,0.96119297
13268,0.009275824,0.99072415
56263,0.98514426,0.0148557415
42328,0.65122074,0.34877926
8028,0.67258376,0.3274162
27352,0.0011488419,0.9988512
36336,0.1233986,0.8766014
47564,0.40736946,0.5926305
50509,0.91645235,0.08354769
45647,0.89909035,0.10090966
59327,0.7317979,0.26820216
22081,0.0058528176,0.9941472
62281,0.9689754,0.031024646
45982,0.9053246,0.09467544
17039,0.013474677,0.9865253
43950,0.7962844,0.20371562
7511,0.7280096,0.27199042
23563,0.002006012,0.99799407
27476,0.17430554,0.82569444
24532,0.004578967,0.995421
26184,0.020759543,0.97924054
9484,0.49695167,0.5030483
42168,0.64597815,0.35402182
24473,0.0012360923,0.9987639
35401,0.44588324,0.5541168
36732,0.005234544,0.9947654
10454,0.39101163,0.6089884
62984,0.77363044,0.2263696
60614,0.29632038,0.70367956
46914,0.85096157,0.14903845
23662,0.11758119,0.8824189
36296,0.06950709,0.93049294
59652,0.41072744,0.58927256
31032,0.0038525427,0.9961475
31384,0.3141478,0.6858522
37970,0.019996287,0.98000365
59367,0.46767002,0.53233
41076,0.22639243,0.77360755
23261,0.018357398,0.9816426
20825,0.6954166,0.3045834
17999,0.008242987,0.991757
9752,0.7967363,0.20326371
10365,0.7095309,0.29046908
20053,0.00039179667,0.9996082
64607,0.7852059,0.21479413
63167,0.47863573,0.5213643
351,0.057857983,0.942142
23679,0.032183185,0.96781677
11181,0.0030634725,0.99693656
28030,0.047650576,0.9523494
52768,0.71095914,0.28904092
28175,0.085057214,0.9149428
18947,0.0010886634,0.9989114
26298,0.022542706,0.9774573
34603,0.596266,0.40373403
37179,0.003683437,0.99631655
46196,0.94852126,0.051478736
11548,0.1432533,0.8567467
57269,0.83139133,0.16860865
8983,0.034077957,0.96592206
39802,0.005230675,0.9947693
44460,0.88310117,0.11689889
815,0.33106527,0.6689347
18362,0.0022748425,0.9977252
36385,0.024349678,0.9756503
3422,0.7878228,0.21217717
30313,0.034112662,0.96588737
39104,0.15509124,0.8449087
651,0.049933884,0.95006615
11581,0.0013479713,0.99865204
5820,0.3325838,0.6674162
49881,0.9203281,0.07967199
53852,0.77163297,0.22836705
37967,0.2558478,0.7441522
15301,0.058858093,0.94114196
47835,0.7024673,0.29753262
10611,0.1524243,0.8475757
60659,0.42048252,0.5795175
64901,0.923268,0.07673196
5720,0.7039959,0.2960041
26346,0.00052699243,0.99947304
59094,0.47361255,0.52638745
1254,0.39624622,0.60375375
9928,0.56698453,0.4330154
7310,0.09616552,0.90383446
31873,0.77631253,0.22368746
5782,0.3142568,0.6857433
39596,0.0017689251,0.9982311
37156,0.01883045,0.9811695
50322,0.76250845,0.23749156
64813,0.86943305,0.13056703
16241,0.0013081159,0.99869186
38987,0.001061078,0.998939
21836,0.0024408612,0.9975591
36342,0.01944639,0.9805536
13618,0.18540084,0.8145991
45012,0.8883444,0.11165556
57165,0.93378896,0.0662111
50646,0.444791,0.55520904
16351,0.014742246,0.9852578
52759,0.90301114,0.09698887
41438,0.09612437,0.9038756
14983,0.11214664,0.8878533
16340,0.14654684,0.85345316
6057,0.6371387,0.36286128
10898,0.42680424,0.57319576
58401,0.97019506,0.029804954
59326,0.7291937,0.2708063
56393,0.97959685,0.020403177
48001,0.829366,0.17063391
24229,0.00063480966,0.99936515
57779,0.9898662,0.010133851
50951,0.49410233,0.5058977
20194,0.0015874006,0.9984126
1787,0.9348505,0.06514952
57338,0.9995989,0.00040110483
7803,0.03280435,0.9671957
15525,0.008487352,0.9915126
47675,0.89562523,0.10437476
55534,0.8967788,0.10322124
19055,0.0037829555,0.9962171
37150,0.28705722,0.7129428
46762,0.9716655,0.028334536
51101,0.8928466,0.107153386
16025,0.038189236,0.9618108
14973,0.019548696,0.9804513
12214,0.03732305,0.96267694
52312,0.7160014,0.28399864
23237,0.0015968857,0.99840313
24011,0.0034329793,0.996567
58358,0.97864586,0.021354083
58555,0.94479656,0.05520338
56995,0.9808781,0.019121936
35946,0.13137224,0.8686277
43494,0.8695047,0.13049534
35193,0.092723794,0.9072762
54404,0.7216707,0.27832934
35685,0.0838874,0.91611266
31280,0.11702394,0.88297606
31539,0.5797774,0.42022255
257,0.28364006,0.71636
30397,0.004091216,0.99590874
12963,0.3700628,0.62993723
59134,0.3035845,0.69641554
25576,0.07249039,0.92750955
50033,0.9310994,0.06890054
10132,0.90220886,0.0977911
41955,0.15542093,0.8445791
60008,0.5552045,0.44479552
12785,0.082636915,0.91736305
4308,0.6389346,0.36106545
54511,0.7703186,0.2296814
25987,0.0152820675,0.9847179
8870,0.8816564,0.11834355
8972,0.18554194,0.8144581
63122,0.79412115,0.20587885
51091,0.89229083,0.107709214
26559,0.69737816,0.3026218
31325,0.06733566,0.93266433
11061,0.78523624,0.21476376
32951,0.23997374,0.7600262
60284,0.9018394,0.09816057
60086,0.8198905,0.18010952
41190,0.33815745,0.6618425
39290,0.0023047721,0.99769527
12373,0.0012114149,0.99878865
27491,0.085798435,0.9142015
20395,0.46663877,0.5333612
58557,0.9613187,0.038681325
40914,0.023565521,0.97643447
13462,0.012905097,0.98709494
51877,0.95791924,0.042080753
26593,0.53378373,0.46621627
34803,0.4419664,0.5580335
53713,0.34895787,0.65104216
42356,0.04481554,0.9551845
16596,0.003415318,0.99658465
35625,0.8489678,0.1510322
27893,0.022470605,0.9775294
30831,0.26007006,0.73993
40124,0.028330162,0.9716698
28788,0.117378324,0.8826217
48289,0.91819817,0.08180179
32605,0.16318904,0.83681095
6831,0.40232792,0.59767205
31005,0.260545,0.739455
41469,0.24127892,0.7587211
8125,0.4758501,0.5241499
44047,0.6225682,0.37743184
16023,0.0019185691,0.99808145
55911,0.9949845,0.005015472
49372,0.8248804,0.17511961
28618,0.10542731,0.89457273
22673,0.001739871,0.9982601
25984,0.03946576,0.9605343
18170,0.004111025,0.995889
48288,0.9120352,0.08796479
38263,0.0027081578,0.99729186
53950,0.22899891,0.77100104
61528,0.7638946,0.23610532
49267,0.8609952,0.13900484
64190,0.93574494,0.06425502
43524,0.9607251,0.03927491
3790,0.08002566,0.9199744
433,0.061442155,0.9385578
55068,0.10543774,0.89456224
49195,0.8270475,0.1729525
47187,0.8706534,0.12934655
8882,0.07961183,0.92038816
10884,0.6574765,0.34252352
50104,0.7477546,0.2522454
21186,0.06790436,0.93209565
1693,0.38162643,0.6183736
56909,0.9781317,0.02186832
18555,0.0017097521,0.99829024
135,0.044176236,0.95582384
9059,0.7042063,0.29579374
33456,0.25984058,0.74015945
41052,0.3855223,0.61447775
51695,0.6866164,0.31338358
28711,0.011553662,0.98844635
50140,0.66178054,0.3382195
42641,0.2287598,0.7712402
53626,0.78219837,0.21780165
39606,0.004744099,0.9952559
22460,0.00988049,0.99011946
38451,0.0022665153,0.9977335
34165,0.2265318,0.77346826
12004,0.014335448,0.9856646
50257,0.8962801,0.10371992
1882,0.79664636,0.2033536
18966,0.002900447,0.99709964
16413,0.0015311751,0.9984688
9386,0.75904006,0.24095991
2183,0.45638713,0.54361284
5377,0.5504551,0.4495449
64617,0.40324074,0.59675926
52879,0.66826403,0.33173597
29433,0.0042951973,0.9957048
6033,0.7053651,0.29463485
11578,0.029977549,0.9700225
53120,0.66517025,0.33482972
26881,0.0019093162,0.9980907
19623,0.0081937825,0.99180627
60747,0.58493364,0.41506636
28349,0.00526241,0.99473757
65150,0.79361796,0.20638199
37017,0.5620917,0.43790826
23965,0.00042956005,0.9995704
1329,0.5874706,0.41252944
5310,0.7796221,0.22037795
24442,0.001257819,0.99874216
26332,0.007942967,0.992057
4664,0.93756366,0.062436294
62777,0.94386905,0.056130927
41864,0.09591325,0.90408677
37962,0.028936261,0.97106373
39521,0.105660416,0.89433956
48481,0.75544596,0.24455407
159,0.19297266,0.8070273
25520,0.0009419584,0.99905807
13712,0.5102521,0.48974785
39860,0.0055018933,0.9944981
13978,0.56672215,0.4332778
2779,0.5409382,0.45906174
22840,0.0027303535,0.9972696
15488,0.003234504,0.9967655
53024,0.23787165,0.76212835
18018,0.17700712,0.8229929
19184,0.005251423,0.99474853
51939,0.88952166,0.11047837
46981,0.81785315,0.1821468
35448,0.11828193,0.88171804
59437,0.5044134,0.49558654
17860,0.001319014,0.998681
19521,0.010353602,0.9896464
8079,0.082870625,0.91712934
64088,0.8791601,0.120839894
61699,0.8013905,0.19860953
44671,0.94106257,0.058937404
65028,0.6786452,0.3213548
49657,0.79473853,0.20526151
13086,0.0025769104,0.99742305
9112,0.12816215,0.8718379
6899,0.24159801,0.75840193
55364,0.90449584,0.09550419
13036,0.806371,0.19362906
27429,0.0684385,0.9315615
61729,0.82774705,0.17225295
2355,0.12784196,0.87215805
48740,0.9602552,0.039744742
6169,0.56902856,0.4309714
33383,0.17829166,0.8217084
46055,0.76771146,0.23228852
23597,0.0006909687,0.99930906
4696,0.5326247,0.46737528
30236,0.5735237,0.42647627
11235,0.7363794,0.26362062
38124,0.0019447985,0.9980552
16656,0.0074308873,0.99256915
6754,0.25331727,0.74668276
9967,0.0016901355,0.99830985
2679,0.37334055,0.6266595
21717,0.00053773954,0.9994623
23376,0.06908232,0.9309177
7097,0.70633596,0.29366404
60286,0.23116326,0.7688367
29559,0.09407007,0.90593
17973,0.00285458,0.99714535
26473,0.6640965,0.33590347
33056,0.21127439,0.7887256
26406,0.0014042726,0.9985958
5457,0.54519016,0.4548098
3853,0.7473301,0.25266984
28229,0.03596515,0.96403486
24814,0.08164924,0.91835076
13770,0.042128116,0.95787185
15402,0.011443556,0.98855644
40304,0.005365052,0.994635
62142,0.7816685,0.21833153
1695,0.6955184,0.3044816
48750,0.87960315,0.12039686
34186,0.27212834,0.72787166
61173,0.6455549,0.35444507
3636,0.29585055,0.7041495
19421,0.0009015155,0.99909854
61047,0.75831956,0.24168052
44324,0.8836523,0.11634767
63562,0.83401686,0.16598316
28718,0.008271211,0.9917287
46560,0.83844274,0.16155724
43312,0.22199208,0.778008
15752,0.0034466311,0.9965534
41015,0.039464187,0.9605358
41077,0.0061893584,0.9938107
51003,0.04123878,0.95876116
3542,0.5430209,0.45697904
3222,0.76970696,0.23029311
30928,0.033215858,0.9667841
31668,0.1583297,0.8416703
56202,0.6466166,0.35338342
3148,0.9377451,0.062254976
2747,0.9463361,0.053663872
45232,0.9339639,0.066036105
45405,0.91345114,0.08654887
61259,0.30590433,0.6940956
42747,0.32065937,0.6793406
3643,0.82598686,0.1740131
16535,0.008903137,0.99109685
39773,0.00083656685,0.9991634
31599,0.21489616,0.7851038
17475,0.006721913,0.9932781
44825,0.9514467,0.048553217
48870,0.9267589,0.073241115
34423,0.78577596,0.21422403
45590,0.86614114,0.1338589
6280,0.7087097,0.29129028
59890,0.9122681,0.08773193
2229,0.27490127,0.7250987
3700,0.86207575,0.13792428
49823,0.7704235,0.22957653
64363,0.46380213,0.5361979
28811,0.07915514,0.9208448
41194,0.66005445,0.33994552
18443,0.029646158,0.97035384
8355,0.50085086,0.4991491
27378,0.0090169385,0.990983
18659,0.003098912,0.99690115
52137,0.5255245,0.4744755
14793,0.3259272,0.6740728
32609,0.6685203,0.33147973
49129,0.9109783,0.08902171
23158,0.0005194937,0.99948055
11810,0.33045387,0.6695461
37000,0.38934064,0.61065936
2388,0.9170035,0.08299646
1920,0.7835145,0.21648549
45047,0.7325099,0.26749015
15503,0.012481335,0.9875187
29609,0.015159328,0.9848407
56872,0.98907065,0.010929325
11478,0.053206585,0.94679344
59925,0.8998142,0.100185804
35999,0.22798684,0.7720132
30989,0.22070165,0.7792983
34271,0.2561184,0.74388164
14872,0.21271749,0.78728247
8091,0.8180772,0.18192281
42336,0.35169894,0.64830106
50083,0.48981997,0.51018006
22637,0.12727673,0.8727232
58212,0.98399484,0.016005166
9126,0.10005551,0.89994454
17595,0.0033911015,0.996609
59920,0.7989677,0.20103225
9280,0.43745777,0.5625422
35070,0.36625907,0.6337409
33817,0.471247,0.52875304
49975,0.847657,0.15234298
9796,0.7018049,0.2981951
16089,0.001984806,0.99801517
5161,0.8299315,0.17006853
28402,0.0020245786,0.9979754
63830,0.78168595,0.21831408
46634,0.70969003,0.29030997
59781,0.29419297,0.70580703
40913,0.0048048114,0.9951952
32512,0.2839461,0.7160539
33102,0.5558156,0.44418436
48898,0.56433845,0.43566158
46541,0.6829474,0.31705257
7149,0.08135613,0.91864383
13246,0.0012469189,0.9987531
23040,0.01165389,0.98834604
46186,0.5480553,0.45194474
1267,0.25657007,0.7434299
34146,0.21973705,0.7802629
28121,0.009888979,0.99011105
49518,0.92377007,0.07622999
19659,0.0014527251,0.99854726
46844,0.53729314,0.46270686
31431,0.28175607,0.71824396
20007,0.051209506,0.9487905
36858,0.021782689,0.97821736
8530,0.79491866,0.20508134
53262,0.71972966,0.28027037
58744,0.944291,0.055709023
52586,0.55276066,0.44723934
10054,0.74003935,0.25996062
2139,0.19131196,0.8086881
26520,0.0734244,0.92657566
19436,0.0010143173,0.9989857
7412,0.3475161,0.65248394
32714,0.1546689,0.84533113
30055,0.032041498,0.9679585
7637,0.36450598,0.635494
48824,0.85202545,0.14797457
27794,0.007992644,0.9920074
61717,0.9997553,0.00024473027
482,0.75769055,0.24230944
28628,0.5103092,0.4896908
60394,0.35365933,0.64634067
1234,0.14839756,0.8516025
56234,0.9866986,0.013301391
4548,0.63310605,0.36689395
2544,0.81894135,0.1810586
1779,0.07142612,0.92857385
56787,0.49366835,0.5063316
64462,0.69674855,0.30325145
9981,0.42307666,0.5769233
35352,0.48374382,0.51625615
13821,0.020249171,0.9797508
64046,0.88905966,0.110940315
49303,0.95973074,0.04026924
56160,0.51270694,0.4872931
52764,0.7574022,0.24259783
1360,0.82023007,0.1797699
59766,0.13234219,0.86765784
40484,0.0062763384,0.9937237
16266,0.053050097,0.9469499
16096,0.0014705531,0.99852943
54168,0.86822414,0.13177581
56276,0.9840185,0.015981492
28956,0.1614173,0.83858275
48431,0.6618845,0.3381155
60550,0.36321256,0.6367874
62160,0.7427144,0.2572856
6864,0.02160485,0.9783951
39081,0.008241568,0.9917584
40917,0.020563502,0.97943646
58214,0.97128826,0.028711691
8031,0.64404136,0.35595858
9304,0.12734981,0.87265015
49649,0.9236421,0.07635786
46780,0.92169094,0.078309104
8783,0.51156646,0.48843354
32541,0.15689021,0.84310985
10186,0.4280051,0.5719949
61233,0.37680236,0.6231977
38715,0.0071467264,0.9928532
64059,0.6996289,0.3003711
37994,0.011664578,0.9883355
58905,0.26312786,0.7368721
63644,0.9439439,0.05605603
17335,0.083779946,0.9162201
58842,0.21017675,0.7898233
11653,0.007162324,0.9928377
57048,0.97508496,0.02491502
51760,0.7975978,0.20240217
15966,0.0044679306,0.99553204
30903,0.01476208,0.9852379
38316,0.024887675,0.9751124
31917,0.10577902,0.89422095
44990,0.9714379,0.028562168
32782,0.101714306,0.89828575
50515,0.82278895,0.17721112
59103,0.5628107,0.43718928
37946,0.014250257,0.9857497
40300,0.009419925,0.99058014
10767,0.46814337,0.53185666
27519,0.57343686,0.4265632
42038,0.23994713,0.7600529
39975,0.006726659,0.9932734
25815,0.0054577137,0.99454224
9956,0.72374535,0.27625462
44574,0.9658423,0.034157638
60585,0.24028164,0.75971836
42156,0.74479216,0.2552079
52732,0.89981663,0.10018332
53224,0.398421,0.601579
55019,0.43480393,0.56519604
26908,0.0047983425,0.9952017
31289,0.10969665,0.8903033
1559,0.15485689,0.8451431
56455,0.8566463,0.14335363
19903,0.00021444994,0.9997856
2042,0.29431748,0.7056825
8179,0.8324965,0.16750348
15799,0.012536619,0.98746336
56589,0.8739421,0.12605798
14730,0.010682524,0.9893175
43413,0.9456468,0.05435311
42951,0.7245033,0.27549678
8338,0.594009,0.40599102
22512,0.0033982347,0.9966017
71,0.08722701,0.91277295
46726,0.84056216,0.15943782
56972,0.9448174,0.0551825
56964,0.9628753,0.037124682
31371,0.10136376,0.8986363
37340,0.012535008,0.987465
50603,0.9053744,0.094625644
43978,0.7308498,0.26915017
13862,0.050680008,0.94931996
1392,0.8660948,0.13390517
65079,0.74460405,0.25539598
33699,0.20487747,0.79512256
60570,0.41080615,0.5891939
58755,0.8306789,0.16932112
42923,0.09319085,0.9068091
63641,0.87409174,0.12590818
24107,0.0123368325,0.9876631
2073,0.8600733,0.1399267
6921,0.49043056,0.50956947
22823,0.009169349,0.99083066
38956,0.0009300214,0.99907
27155,0.0012874092,0.99871266
48608,0.8596792,0.14032081
4938,0.9271863,0.07281371
26963,0.5438613,0.45613867
59214,0.12283895,0.8771611
38307,0.02236339,0.97763664
36837,0.004226772,0.99577326
7325,0.15066378,0.84933627
55986,0.94797224,0.052027754
63506,0.58096933,0.41903064
19645,0.00051927986,0.9994808
11298,0.0634603,0.93653977
40319,0.026750758,0.9732492
22793,0.04361273,0.95638734
30686,0.008735778,0.9912642
23080,0.18646751,0.81353253
31574,0.41397536,0.58602464
6652,0.7076979,0.29230207
45780,0.94127065,0.058729373
38055,0.00087194913,0.99912804
11509,0.016940497,0.9830595
6125,0.16206358,0.8379364
3485,0.050374605,0.9496254
949,0.27864352,0.7213565
14722,0.037493758,0.9625063
45843,0.80896,0.19104
43087,0.07097922,0.92902076
25374,0.0026446595,0.99735534
3867,0.17307729,0.82692266
32174,0.47403723,0.52596277
33307,0.4819523,0.51804775
31601,0.09170999,0.90829
26957,0.13140365,0.8685963
10143,0.6512738,0.34872618
5774,0.3838502,0.61614984
50473,0.976158,0.023841962
14337,0.023839505,0.9761605
45646,0.8709271,0.12907289
9000,0.9065839,0.09341612
27837,0.0027529765,0.99724704
44925,0.8797226,0.120277435
64082,0.5306471,0.46935296
10674,0.17489249,0.8251075
65208,0.8004513,0.19954874
48141,0.9315796,0.06842043
54961,0.6113032,0.38869682
4688,0.9295358,0.07046417
26004,0.009555816,0.99044424
4708,0.5858541,0.4141459
6273,0.25348344,0.7465165
33518,0.14680602,0.85319394
59496,0.6769839,0.3230161
63410,0.38415158,0.6158484
35806,0.30032843,0.69967157
62223,0.9231412,0.07685877
32907,0.39026654,0.60973346
1654,0.36448255,0.6355175
60805,0.39254272,0.6074572
14275,0.6625145,0.3374855
57028,0.9842142,0.015785836
63737,0.666832,0.33316803
26446,0.5267987,0.4732013
61820,0.9192475,0.08075246
23700,0.043275766,0.9567242
45392,0.95818883,0.041811146
5814,0.6561607,0.3438393
54119,0.4960698,0.5039302
47830,0.93033385,0.06966622
44380,0.85603726,0.14396271
21721,0.004721658,0.99527836
38593,0.0428459,0.95715415
38030,0.0012456522,0.9987544
54395,0.47659677,0.5234032
23779,0.03976417,0.96023583
17863,0.018911162,0.9810889
47427,0.80460846,0.19539157
14322,0.27956545,0.72043455
38998,0.0017304642,0.99826956
21708,0.5360602,0.4639398
41537,0.10970477,0.8902952
13234,0.5572538,0.44274622
3195,0.90820605,0.09179395
48022,0.6793934,0.32060653
63939,0.93147874,0.068521254
22881,0.0060146125,0.99398535
28287,0.0077347476,0.9922652
30336,0.22220358,0.7777964
58420,0.98291135,0.017088674
30286,0.09026991,0.90973
11088,0.0040179417,0.99598205
51607,0.76139104,0.238609
14399,0.4488715,0.5511285
33111,0.80642015,0.19357987
17091,0.014060138,0.98593986
9316,0.24886866,0.75113136
41248,0.11153072,0.8884693
2285,0.79674464,0.20325534
1063,0.24608731,0.7539126
63847,0.4786652,0.5213348
40819,0.0039340374,0.99606603
53113,0.9213713,0.07862877
47243,0.80324125,0.19675875
41934,0.0032163882,0.9967836
53428,0.45841333,0.5415867
23898,0.32731754,0.6726824
65119,0.544989,0.45501098
16716,0.0048117875,0.99518824
43727,0.6860581,0.3139419
51090,0.8231782,0.17682178
59371,0.68104374,0.3189562
56272,0.8182828,0.18171725
45111,0.39133608,0.60866386
21899,0.18924217,0.8107578
24693,0.008172451,0.9918276
6234,0.5814822,0.41851786
26922,0.021194344,0.97880566
22558,0.0026173624,0.9973826
10220,0.9356152,0.0643848
36105,0.008088973,0.991911
42232,0.26292014,0.7370798
33340,0.2938395,0.70616055
43439,0.93265516,0.06734491
60455,0.54835343,0.45164654
6825,0.55448294,0.44551706
42934,0.079716146,0.92028385
29529,0.025118425,0.97488153
14819,0.038010493,0.96198946
14536,0.38405007,0.6159499
7313,0.2530031,0.74699694
61553,0.9278785,0.07212147
55929,0.7309637,0.26903626
52183,0.51504725,0.48495275
23199,0.013153579,0.9868464
39621,0.0014101637,0.9985898
25422,0.0018992199,0.9981008
47911,0.45829278,0.5417072
29239,0.28210145,0.7178985
2971,0.10610004,0.89390004
36397,0.009605006,0.990395
46779,0.9028926,0.097107455
39967,0.0024936562,0.9975063
6041,0.919897,0.08010299
63931,0.3649962,0.63500375
46345,0.9611124,0.03888768
62561,0.67864233,0.3213577
27846,0.18948467,0.8105153
55337,0.94191855,0.05808149
37701,0.008571017,0.99142903
16975,0.023331638,0.9766683
163,0.20866302,0.79133695
19934,0.0007471791,0.99925286
39307,0.096669644,0.9033304
57219,0.8746951,0.1253049
49147,0.9768102,0.02318973
22914,0.0034814882,0.9965185
7856,0.62619823,0.3738017
41100,0.016390052,0.9836099
21783,0.10209686,0.89790314
23493,0.03899671,0.96100324
58626,0.59478605,0.4052139
63236,0.70293343,0.2970666
21040,0.15131664,0.84868336
2912,0.401081,0.598919
34304,0.46462214,0.53537786
27184,0.06026816,0.9397318
16130,0.0034555558,0.9965444
131,0.066334076,0.9336659
1830,0.27574083,0.7242592
60271,0.40338328,0.59661674
39158,0.011748331,0.9882516
59448,0.53375167,0.46624833
3882,0.11760712,0.8823929
35761,0.26616606,0.7338339
8117,0.80035454,0.19964543
7115,0.76929337,0.23070663
27462,0.4030423,0.59695774
42798,0.013776046,0.98622394
42942,0.0025488252,0.9974511
51704,0.688727,0.31127298
39678,0.0001957962,0.9998042
8384,0.010055632,0.98994434
61956,0.8693349,0.1306651
51794,0.7769216,0.22307841
30035,0.0041391933,0.9958609
12091,0.6258542,0.3741458
15650,0.047189113,0.9528109
1007,0.8653772,0.1346228
31033,0.1858521,0.8141479
36983,0.11282781,0.8871722
19524,0.003073942,0.996926
47422,0.32227185,0.6777282
41751,0.75385535,0.24614465
52550,0.9454798,0.05452015
47486,0.33217853,0.6678215
44455,0.9381283,0.06187171
26086,0.006145459,0.9938545
16610,0.02956099,0.970439
18126,0.004728582,0.9952714
17669,0.019398883,0.9806011
16929,0.004683992,0.995316
32482,0.3025007,0.69749933
5077,0.5111351,0.48886493
35156,0.8518739,0.14812614
47636,0.91675186,0.08324807
44310,0.9106372,0.089362785
30587,0.3440386,0.6559614
16186,0.0016327329,0.99836725
6359,0.39917445,0.6008255
14293,0.013450535,0.98654944
6244,0.70123255,0.29876748
965,0.77164894,0.22835109
555,0.012169047,0.98783094
37974,0.0028826266,0.9971174
61887,0.9001745,0.09982555
23247,0.0012786282,0.9987213
43657,0.98438567,0.015614274
3878,0.09864584,0.9013542
49824,0.7133815,0.28661847
29865,0.017594289,0.9824057
42714,0.023524106,0.97647595
30860,0.46977285,0.5302271
63071,0.916946,0.08305397
64586,0.86672676,0.13327324
3729,0.0048867273,0.9951133
8378,0.16062225,0.83937776
56643,0.93099403,0.069006
37870,0.037719127,0.9622808
40368,0.014076936,0.98592305
30004,0.01351896,0.9864811
12518,0.16101076,0.83898926
20928,0.07769556,0.92230445
4150,0.27091885,0.72908115
18427,0.034934107,0.96506584
23406,0.25499636,0.7450036
56875,0.9991984,0.0008016921
21557,0.0069199754,0.9930801
25494,0.26855543,0.7314446
3547,0.5781102,0.42188975
22553,0.0032071676,0.99679285
53691,0.41939616,0.58060384
36781,0.008379589,0.9916204
11291,0.667583,0.332417
4907,0.60813665,0.39186335
9245,0.6640186,0.3359814
50143,0.76143545,0.2385646
37296,0.0025890109,0.99741095
34296,0.49430877,0.5056913
26481,0.29581523,0.7041848
63857,0.0020339815,0.99796605
14580,0.5236401,0.4763599
36202,0.04409585,0.9559042
933,0.20400499,0.79599506
14645,0.5631055,0.4368945
14063,0.016855862,0.98314416
48834,0.629607,0.37039298
10660,0.7086679,0.29133207
36421,0.008388208,0.9916117
7339,0.15453978,0.84546024
53328,0.8590454,0.14095461
13157,0.2510969,0.7489031
36214,0.009435069,0.99056494
64581,0.6738365,0.32616344
60807,0.3860857,0.6139143
16721,0.0022880407,0.997712
45216,0.44766995,0.55233
64948,0.85906786,0.1409321
33884,0.38798684,0.61201316
62611,0.7108865,0.28911352
48602,0.97471184,0.025288178
36777,0.0018346903,0.9981653
37433,0.49123225,0.5087677
15292,0.29634717,0.7036528
63263,0.29904902,0.7009509
16913,0.0036999579,0.99630004
44996,0.91182333,0.08817661
62338,0.78577596,0.21422403
47050,0.9395292,0.06047085
60262,0.3450118,0.65498817
17433,0.0030468367,0.9969531
52188,0.880953,0.119046964
64469,0.8577335,0.14226644
17683,0.007733361,0.9922666
23089,0.007823251,0.9921767
38536,0.01648411,0.9835159
7049,0.77548254,0.22451745
37109,0.14108558,0.8589144
45201,0.91058314,0.08941681
950,0.2850099,0.7149901
17471,0.0032225642,0.9967775
10819,0.6405786,0.35942134
33293,0.47531766,0.5246823
51386,0.75745034,0.2425497
19318,0.0051321825,0.9948678
62537,0.88031816,0.1196819
44124,0.93335414,0.066645816
56910,0.9787859,0.021214148
12325,0.36306572,0.6369343
8528,0.5364978,0.46350223
51401,0.698873,0.30112702
19477,0.05797638,0.9420236
10515,0.70514417,0.29485586
5104,0.3417746,0.65822536
8070,0.39436647,0.6056335
19802,0.00044667392,0.99955326
54293,0.53683287,0.46316713
39726,0.00048009172,0.99951994
49972,0.7866333,0.2133667
1666,0.5770196,0.42298046
23548,0.03515232,0.96484774
6851,0.24378571,0.7562143
50723,0.84346044,0.15653953
17352,0.0004099419,0.9995901
39373,0.101250276,0.8987497
15421,0.0065610902,0.9934389
36711,0.01774613,0.98225385
35587,0.8377636,0.16223645
25326,0.00050834625,0.9994917
25550,0.1321404,0.86785966
1201,0.48297116,0.51702887
49645,0.9646444,0.035355613
43317,0.5516961,0.4483039
27622,0.0076027927,0.99239725
17645,0.011901608,0.98809844
27174,0.013326897,0.9866731
11436,0.85959256,0.1404075
5148,0.7548737,0.24512628
9109,0.14142916,0.8585708
14300,0.008932242,0.9910678
48866,0.47174114,0.52825886
54739,0.7660955,0.23390451
44847,0.7287015,0.2712985
87,0.02967404,0.970326
14030,0.11662306,0.883377
15863,0.003897319,0.9961027
34487,0.70535386,0.29464608
21170,0.065823644,0.9341763
20110,0.0003718864,0.99962807
56857,0.99732155,0.002678525
60845,0.8745455,0.12545455
40098,0.000721655,0.99927837
49731,0.8158491,0.18415086
45408,0.8041247,0.1958753
37559,0.0007333048,0.9992667
52388,0.7407867,0.25921333
42694,0.035939436,0.96406054
4540,0.03277455,0.96722543
14524,0.57461274,0.42538723
957,0.15907063,0.8409293
32341,0.081110895,0.91888905
24906,0.37918508,0.6208149
7563,0.6334978,0.36650226
40335,0.0016854263,0.9983146
12726,0.32722378,0.67277616
34134,0.32324708,0.6767529
39934,0.0048717386,0.9951283
41365,0.0009587581,0.99904126
64114,0.90693617,0.0930638
14747,0.5356789,0.46432108
44083,0.8212227,0.17877728
33736,0.32745236,0.6725476
54573,0.7628479,0.23715216
31793,0.08361942,0.9163805
920,0.11407674,0.88592327
22395,0.005243548,0.99475646
3674,0.7084856,0.2915144
30953,0.6240535,0.37594652
5712,0.7493069,0.25069308
1398,0.7349862,0.26501384
43369,0.409302,0.59069806
36171,0.006501069,0.9934989
35590,0.5000707,0.49992928
24027,0.009804978,0.990195
61421,0.5151698,0.48483017
50872,0.5716541,0.42834592
34221,0.35854745,0.6414525
52426,0.84815043,0.15184957
39599,0.05521351,0.9447865
27080,0.0041483785,0.99585164
36851,0.020455977,0.979544
9447,0.49880996,0.50119
56353,0.93343025,0.06656973
31298,0.15420598,0.845794
38015,0.056178495,0.9438215
53774,0.9007226,0.09927741
34745,0.8652988,0.13470116
57564,0.9998487,0.0001512313
61602,0.6383369,0.3616631
62992,0.71741873,0.2825813
8248,0.027255723,0.9727443
27954,0.0328365,0.96716344
10834,0.010487107,0.98951286
46032,0.8116809,0.18831907
51406,0.24558337,0.7544167
32919,0.3426723,0.65732765
5911,0.84415865,0.15584135
5907,0.8536728,0.14632723
60562,0.3133995,0.6866005
13137,0.028282696,0.9717173
14517,0.57317936,0.42682064
61282,0.5152132,0.48478687
21209,0.8293247,0.17067525
56243,0.98338485,0.016615182
11993,0.02278217,0.97721785
5530,0.73406136,0.26593867
26562,0.11110687,0.8888931
2714,0.52503073,0.47496924
38431,0.00356756,0.9964324
16465,0.0014110733,0.99858886
37547,0.07400073,0.9259993
12589,0.81456614,0.18543391
37884,0.05537845,0.94462156
3059,0.7834125,0.21658747
37985,0.005823812,0.99417615
48639,0.8243859,0.17561406
1984,0.18309018,0.8169098
41103,0.0032155581,0.99678445
60787,0.3545575,0.6454425
51556,0.5875136,0.4124864
14268,0.0005253612,0.9994747
9968,0.6304775,0.36952254
57646,0.9998398,0.00016020771
62034,0.8641076,0.13589245
7340,0.026353708,0.9736462
11401,0.024567546,0.97543246
43383,0.2888494,0.7111506
54872,0.9446674,0.055332553
9162,0.17701177,0.8229882
25712,0.20112576,0.79887426
25129,0.022093842,0.97790617
64283,0.6650398,0.33496028
3218,0.7945199,0.20548011
47790,0.3090703,0.6909297
2587,0.77860373,0.22139625
16882,0.004574885,0.99542516
12620,0.12263492,0.8773651
44923,0.90720713,0.09279283
27447,0.0063204477,0.9936795
54303,0.5422656,0.45773438
52330,0.8912081,0.10879182
24082,0.007250428,0.9927496
57438,0.97740436,0.022595624
30287,0.12762395,0.8723761
59987,0.53710747,0.46289256
44624,0.89640826,0.1035918
8371,0.062469777,0.9375302
17842,0.0064789564,0.99352103
21604,0.5205524,0.47944763
7672,0.592288,0.40771195
17971,0.0061318385,0.9938682
21041,0.014281345,0.98571867
61980,0.81179774,0.18820223
36546,0.00084373826,0.99915624
21668,0.060862,0.939138
13555,0.87041366,0.12958632
7409,0.57655,0.42345002
28569,0.0812658,0.9187342
47722,0.8074847,0.19251527
54057,0.54563236,0.4543676
20708,0.6205558,0.3794442
59402,0.37335834,0.62664163
59480,0.5824264,0.41757357
52904,0.72151566,0.2784843
55586,0.60067827,0.39932168
35290,0.6167885,0.3832115
44484,0.80004615,0.19995381
37258,0.68687767,0.31312233
44058,0.60416126,0.39583874
25213,0.008471287,0.99152875
34038,0.27547306,0.72452694
9774,0.0130424835,0.98695755
58414,0.963429,0.03657104
25438,0.005048695,0.99495137
2444,0.88103515,0.11896488
62334,0.5485085,0.45149148
1423,0.41653585,0.58346415
48055,0.76127404,0.23872599
39804,0.005585101,0.9944149
43665,0.9474752,0.052524857
34511,0.7175615,0.28243858
37785,0.06285066,0.9371493
3676,0.86577374,0.13422626
42195,0.006490643,0.99350935
52605,0.7557639,0.2442361
44649,0.9326002,0.06739986
47816,0.9738029,0.026197141
49078,0.65266234,0.34733766
2758,0.8116342,0.18836582
34705,0.2736451,0.72635496
26380,0.0010752907,0.9989247
49605,0.5992796,0.4007204
30171,0.11772282,0.88227725
39177,0.0008462851,0.99915373
57714,0.99980325,0.00019674425
32422,0.045830943,0.9541691
8864,0.8029319,0.19706807
53394,0.93603843,0.06396155
46016,0.9314355,0.06856443
1420,0.89381236,0.10618759
46423,0.91202044,0.08797957
139,0.13914748,0.8608526
27974,0.04902844,0.9509716
7482,0.018358566,0.9816414
7757,0.37506658,0.6249335
28085,0.08185342,0.9181466
61179,0.99843425,0.0015657854
47118,0.56485593,0.4351441
64112,0.8707913,0.12920871
55838,0.90649354,0.09350645
58185,0.995989,0.0040110173
49725,0.8900791,0.10992092
5055,0.76227546,0.2377246
27426,0.36230046,0.63769954
57324,0.98014426,0.01985577
7117,0.09871586,0.9012842
22281,0.013367898,0.98663217
33401,0.32533324,0.67466676
15825,0.017500775,0.98249924
53858,0.7726801,0.22731982
45284,0.95076877,0.049231194
35395,0.6367538,0.3632462
5448,0.7270126,0.27298743
28226,0.031109778,0.96889025
8586,0.4831076,0.5168924
56174,0.62040496,0.379595
5698,0.8505624,0.14943758
9449,0.40602815,0.5939718
57695,0.99962974,0.00037027203
14820,0.8997144,0.10028555
24874,0.19517182,0.80482817
22606,0.042978544,0.9570215
18304,0.051639386,0.9483606
62306,0.62908953,0.37091044
4602,0.66657513,0.33342487
42659,0.030682877,0.96931714
35311,0.7698834,0.23011658
37431,0.37699184,0.62300813
20032,0.013673076,0.98632693
45051,0.94488525,0.05511481
38836,0.034777656,0.9652223
22626,0.09437495,0.90562505
47656,0.65333265,0.34666732
59834,0.9564946,0.043505374
47779,0.81545305,0.18454696
2291,0.8501515,0.14984849
58236,0.98510635,0.014893611
34668,0.7544695,0.24553044
45794,0.9450509,0.054949153
715,0.64404,0.35596004
6877,0.74967706,0.25032297
62516,0.923323,0.07667701
30154,0.1513509,0.84864914
14313,0.6191814,0.3808186
8297,0.6099568,0.39004323
27274,0.004341162,0.9956589
49546,0.8518603,0.14813974
28015,0.01642643,0.9835736
13188,0.25081208,0.74918795
43422,0.968991,0.031009084
46574,0.9206543,0.07934572
4963,0.671087,0.32891294
3027,0.6257259,0.37427405
53380,0.69337267,0.30662733
22978,0.020286707,0.9797133
14044,0.44874758,0.5512524
58629,0.81405544,0.18594453
2137,0.6978219,0.30217806
35483,0.6707145,0.3292855
36042,0.052185487,0.9478145
49345,0.33889997,0.66110003
13055,0.80525935,0.1947407
244,0.32757798,0.672422
51983,0.7106661,0.28933382
45644,0.93568367,0.06431632
49937,0.95635724,0.043642808
43154,0.8467653,0.15323474
40116,0.00040308115,0.9995969
64765,0.87788385,0.12211608
46850,0.7749299,0.22507012
35338,0.6280678,0.3719322
42947,0.025519302,0.97448075
64891,0.7014088,0.2985912
8156,0.42512572,0.5748743
50780,0.87402546,0.12597452
8770,0.0586495,0.9413505
10175,0.71807253,0.28192747
4186,0.06350721,0.9364928
31393,0.82257295,0.17742707
8181,0.03871212,0.9612879
56469,0.97711474,0.022885343
4917,0.7230981,0.2769019
36306,0.02033942,0.9796606
22521,0.05898141,0.94101864
3026,0.723915,0.276085
48918,0.95004976,0.049950264
30196,0.603368,0.39663208
2674,0.7002835,0.29971653
34853,0.85879385,0.14120616
26625,0.6522772,0.34772286
29894,0.57746357,0.42253643
11859,0.5731076,0.42689243
35955,0.07475687,0.92524314
57373,0.9877708,0.012229208
56310,0.8504042,0.14959587
10065,0.39078316,0.60921687
46005,0.8859985,0.11400153
46505,0.6610441,0.3389559
17422,0.0010101176,0.9989899
50539,0.90587234,0.09412763
64815,0.7906872,0.20931281
55346,0.65031904,0.349681
20806,0.26949808,0.73050195
21183,0.022099145,0.9779009
20376,0.57613087,0.4238692
60722,0.5976872,0.40231276
21038,0.043362632,0.9566374
13684,0.103389814,0.8966102
14384,0.49449587,0.50550413
3662,0.007965393,0.9920346
63041,0.9904857,0.00951425
60301,0.40330195,0.59669805
8386,0.2980058,0.7019942
12930,0.00513273,0.9948672
487,0.4888128,0.5111872
50767,0.2452792,0.75472075
20584,0.4300298,0.5699702
21990,0.13307838,0.86692166
38526,0.040939026,0.95906097
16953,0.0113700675,0.98862994
29586,0.012658839,0.9873411
64216,0.9673372,0.032662813
18938,0.0020291226,0.9979709
63794,0.32922053,0.67077947
26355,0.0010156556,0.9989843
42446,0.14016862,0.8598314
58538,0.95015943,0.049840514
32767,0.29164207,0.7083579
22549,0.0010130694,0.9989869
50030,0.88259035,0.117409624
40824,0.018392757,0.9816072
28235,0.007838285,0.9921617
38933,0.0013512019,0.9986488
15106,0.031225856,0.9687742
14699,0.49778014,0.50221986
46577,0.8892399,0.11076015
29869,0.021713072,0.9782869
15326,0.6005157,0.3994843
49820,0.8098694,0.19013058
43043,0.010593189,0.98940676
30643,0.03924922,0.96075076
20068,0.00148737,0.99851257
53400,0.7591593,0.2408407
30660,0.037602715,0.9623973
10775,0.8550157,0.14498426
16027,0.0008069187,0.99919313
16712,0.008546258,0.99145377
9790,0.52275395,0.47724605
33625,0.40421006,0.59578997
20080,0.00041217482,0.99958783
17089,0.0057876636,0.9942123
53656,0.7052776,0.2947224
28576,0.031607427,0.9683926
31597,0.19943988,0.80056006
3538,0.54889613,0.45110393
15709,0.0013294384,0.9986706
17998,0.01677796,0.98322207
34045,0.32299906,0.677001
49039,0.96352726,0.036472704
48309,0.8506558,0.14934416
14623,0.881545,0.11845499
41204,0.0054155686,0.9945845
45961,0.9366325,0.06336751
6706,0.21801703,0.78198296
3613,0.1949803,0.8050197
12829,0.8184465,0.18155344
23130,0.047750466,0.9522495
23313,0.0025498802,0.99745005
54974,0.8089734,0.19102666
34667,0.60394573,0.39605433
51494,0.8493908,0.15060923
17711,0.0014468321,0.9985532
23621,0.10099731,0.8990026
802,0.7610986,0.23890145
24249,0.0032914348,0.9967085
47343,0.54801965,0.45198038
62052,0.62861234,0.3713877
33952,0.32297325,0.67702675
57235,0.6747299,0.32527012
40806,0.028548399,0.9714516
19157,0.038522795,0.9614772
62238,0.94918954,0.050810453
15580,0.0058510755,0.99414897
48835,0.712513,0.28748703
46372,0.93545204,0.06454801
2874,0.73893917,0.26106086
14387,0.19816612,0.80183387
39406,0.023675459,0.97632456
46595,0.92743707,0.072562896
7396,0.25798288,0.7420171
14020,0.19149485,0.8085052
30295,0.1463904,0.8536096
55210,0.86406624,0.13593379
59035,0.6457181,0.35428184
26289,0.0062137437,0.9937862
8862,0.8362661,0.16373388
65188,0.85041434,0.1495856
16784,0.006159705,0.9938403
36838,0.074967496,0.9250325
8402,0.3373329,0.66266704
32607,0.12764111,0.87235886
2719,0.8240436,0.17595641
58734,0.9898896,0.010110383
8668,0.53981173,0.46018827
456,0.8507589,0.14924105
10200,0.29907724,0.7009228
40606,0.023121385,0.9768786
6085,0.85287535,0.14712465
56463,0.9823997,0.01760034
10325,0.02028307,0.97971696
31166,0.05794335,0.9420566
17650,0.029055035,0.97094494
64757,0.86106163,0.13893837
62192,0.9003001,0.0996999
50260,0.66934013,0.33065987
47345,0.95453715,0.04546285
4453,0.3232016,0.6767984
4507,0.7180384,0.28196168
5037,0.93707055,0.06292941
3168,0.8671274,0.13287261
3282,0.072752684,0.9272473
64919,0.81856716,0.18143289
19018,0.002148579,0.9978515
34673,0.78460836,0.21539162
316,0.39686894,0.60313106
42091,0.04283387,0.95716614
25863,0.005738283,0.99426174
44803,0.9452877,0.054712303
59311,0.66567427,0.33432573
40818,0.002867478,0.99713254
25041,0.03874618,0.96125376
30747,0.0306297,0.9693703
44580,0.73927176,0.26072824
18955,0.001043641,0.9989563
52305,0.9508761,0.049123894
62000,0.9415907,0.05840927
356,0.32978362,0.6702164
40949,0.18637289,0.8136271
2503,0.5058653,0.49413475
32416,0.13180768,0.8681923
49119,0.62007564,0.37992433
59849,0.60425836,0.3957417
13525,0.38253242,0.6174676
11568,0.027610417,0.97238964
62669,0.95720077,0.04279918
31198,0.0065649576,0.993435
18249,0.003582285,0.99641776
58062,0.9955332,0.0044668065
6193,0.73659855,0.26340148
54793,0.7775975,0.22240253
41841,0.81403625,0.18596372
15658,0.33588442,0.6641156
21348,0.005773153,0.9942268
9788,0.19763376,0.8023662
20793,0.09857456,0.9014254
16385,0.0019685708,0.99803144
54676,0.39116484,0.60883516
44405,0.83187246,0.16812754
47284,0.9447784,0.055221636
55021,0.60199153,0.39800847
49502,0.059021235,0.9409787
23339,0.030802896,0.96919703
10286,0.1461947,0.8538053
59370,0.6934082,0.30659187
20685,0.15641354,0.8435865
18991,0.0015917722,0.99840826
58611,0.6659598,0.33404025
65197,0.44682726,0.55317277
638,0.21810406,0.78189594
62065,0.9608658,0.039134193
11279,0.35154277,0.6484573
51882,0.5914932,0.4085068
2652,0.78571045,0.21428953
46014,0.9360627,0.06393735
3245,0.032103777,0.9678963
27167,0.099682614,0.9003174
56197,0.95006937,0.049930587
37503,0.05553172,0.9444683
15284,0.43229428,0.5677057
52964,0.79734,0.20266
38657,0.039898165,0.9601019
21138,0.28673628,0.71326375
52638,0.906363,0.093637004
22364,0.004714933,0.9952851
50887,0.63806933,0.36193064
28611,0.03943143,0.9605686
26840,0.006578413,0.9934216
58122,0.9936852,0.0063147717
4055,0.038927257,0.96107274
41571,0.026598768,0.9734012
28530,0.32658628,0.6734137
55185,0.8044212,0.19557881
3255,0.16072938,0.8392706
29336,0.17177047,0.82822955
8000,0.34224606,0.65775394
1069,0.23802362,0.7619764
10604,0.013231604,0.9867684
4257,0.27096006,0.72903997
21412,0.71057755,0.28942245
19911,0.00054919405,0.99945074
5942,0.5286914,0.4713086
28374,0.0036559866,0.99634403
17434,0.0063716047,0.9936283
32700,0.07895002,0.92104995
6544,0.7246485,0.27535158
33986,0.5332261,0.46677393
59792,0.79161423,0.2083858
29796,0.008480727,0.9915193
9852,0.17447758,0.8255224
25836,0.09718497,0.90281504
12861,0.3604979,0.6395021
34342,0.27618837,0.7238117
23005,0.03183883,0.96816117
25388,0.020984774,0.97901523
25211,0.0052784043,0.99472165
22084,0.26347873,0.7365213
37977,0.003114193,0.99688584
57957,0.9785805,0.021419523
4318,0.027484473,0.9725156
10823,0.12969175,0.8703083
44270,0.94331366,0.056686383
39856,0.022692077,0.9773079
22063,0.08860787,0.9113921
4251,0.034779955,0.9652201
22418,0.019654283,0.9803458
33191,0.25836477,0.74163526
23170,0.0036183076,0.99638164
61530,0.8009927,0.19900727
54272,0.5356094,0.46439058
15093,0.2498643,0.7501357
48051,0.8356691,0.16433091
26850,0.0076068235,0.99239314
54927,0.74211085,0.25788918
48526,0.96362734,0.036372703
44685,0.95456105,0.045438997
35337,0.7970666,0.20293339
61381,0.8465706,0.15342939
48672,0.874892,0.12510796
35077,0.65983266,0.34016737
14240,0.067336045,0.9326639
65060,0.83160627,0.16839375
50500,0.7161112,0.28388882
44458,0.76818395,0.23181604
249,0.15857391,0.8414261
56863,0.98111814,0.018881833
39838,0.0002766201,0.9997234
36158,0.0059775696,0.9940224
622,0.04100513,0.95899487
48500,0.76638305,0.23361693
60051,0.2106518,0.7893481
8762,0.69023305,0.30976692
22562,0.0012464855,0.99875355
35877,0.05633073,0.94366926
28047,0.22403547,0.77596456
56522,0.77417445,0.22582558
30243,0.36384913,0.63615084
45754,0.7577677,0.24223231
38131,0.0009959799,0.99900407
61594,0.7145259,0.2854741
23272,0.0072654253,0.99273455
43779,0.94697934,0.053020712
30593,0.16912252,0.8308775
25279,0.0086387005,0.9913613
16263,0.00451984,0.9954802
29481,0.008402706,0.99159735
52355,0.46742192,0.53257805
61507,0.84734297,0.15265703
57951,0.9705602,0.029439788
18077,0.0016723251,0.9983277
46110,0.8257695,0.17423058
8683,0.6195993,0.38040072
64211,0.9739527,0.026047336
54551,0.76521736,0.2347826
22893,0.0040189778,0.995981
54094,0.9279608,0.07203917
11190,0.20580742,0.79419255
10768,0.035753652,0.9642464
17785,0.0005833796,0.9994166
58782,0.95795405,0.042045943
62615,0.76779705,0.23220292
22379,0.008211939,0.9917881
872,0.4324594,0.5675405
35479,0.7667979,0.23320207
3301,0.9271447,0.07285528
4515,0.681558,0.31844193
58569,0.8571986,0.14280145
65160,0.82543707,0.17456296
60208,0.28166702,0.718333
29404,0.01564744,0.9843525
39666,0.000118603035,0.9998814
41415,0.003006529,0.9969934
48499,0.6356222,0.3643778
12603,0.69009745,0.30990255
23845,0.02676953,0.9732304
19945,0.0006119014,0.9993881
44002,0.74608505,0.25391492
40507,0.0047884746,0.99521154
46998,0.7981446,0.2018554
50618,0.8298706,0.17012942
41257,0.0080553135,0.9919446
20168,0.00073912163,0.99926084
6628,0.43338704,0.566613
31360,0.117332555,0.8826674
28575,0.057140913,0.9428591
51073,0.70509535,0.29490468
60159,0.6797671,0.3202329
56726,0.9317023,0.06829772
46376,0.8829412,0.11705878
41134,0.00450948,0.9954905
31072,0.16604789,0.8339521
24741,0.5883157,0.4116843
14426,0.06593577,0.93406427
61616,0.8118461,0.18815398
29003,0.5951521,0.40484786
41424,0.06927098,0.9307291
54874,0.9227694,0.07723062
22311,0.004256029,0.99574393
1500,0.50766146,0.49233857
64943,0.7526726,0.24732734
47743,0.7548764,0.24512362
56434,0.7427699,0.25723007
5645,0.3774802,0.62251985
57565,0.9998591,0.00014093469
23686,0.11678019,0.8832198
48618,0.92436665,0.07563336
59699,0.14974274,0.8502572
25031,0.012996002,0.987004
57766,0.8491847,0.15081531
14097,0.000635963,0.9993641
22017,0.31530577,0.68469423
13022,0.01114291,0.9888571
44767,0.93064624,0.06935371
62554,0.5394823,0.46051767
28236,0.01437172,0.98562825
8792,0.10795794,0.89204204
25820,0.020063236,0.97993684
43213,0.809254,0.190746
667,0.22015642,0.77984357
18773,0.031552345,0.9684476
38314,0.123600006,0.8764
43207,0.12567143,0.87432855
7089,0.37059262,0.62940735
52457,0.68213993,0.31786007
44978,0.96012133,0.039878655
54228,0.89402527,0.10597471
35486,0.3823512,0.61764884
31807,0.100536995,0.899463
40521,0.001911379,0.99808854
61408,0.73528516,0.2647149
7875,0.50546736,0.49453261
12241,0.13118207,0.8688179
14962,0.32073635,0.67926365
13434,0.14475615,0.85524386
7480,0.54727465,0.45272532
13505,0.5251145,0.47488555
18870,0.005717113,0.99428296
57844,0.9898907,0.010109323
56075,0.9673045,0.032695428
15610,0.0036668605,0.9963331
38370,0.23139866,0.76860136
60556,0.37979886,0.6202011
59978,0.59464324,0.4053568
10447,0.019550225,0.9804498
27353,0.003766929,0.99623305
18010,0.0031601368,0.9968399
43111,0.0042556017,0.9957444
5957,0.015839042,0.98416096
32217,0.08003292,0.9199671
16868,0.0041915323,0.9958085
18532,0.39099813,0.6090019
57333,0.9780799,0.021920031
16646,0.00074832386,0.99925166
33172,0.4167679,0.58323216
53979,0.7288826,0.27111736
13282,0.6350698,0.36493015
30332,0.75410163,0.24589832
47182,0.5584529,0.44154716
48455,0.8836969,0.116303094
56394,0.9560859,0.04391402
55919,0.94789904,0.052100923
59842,0.9141142,0.08588585
26962,0.33197314,0.66802686
39255,0.00044431028,0.99955565
46281,0.9474065,0.05259349
22108,0.7295406,0.27045944
2986,0.78914934,0.21085064
30085,0.6054671,0.3945329
40563,0.002347678,0.99765235
53788,0.9381962,0.061803848
40650,0.45728645,0.5427136
12762,0.119954586,0.8800454
24669,0.001663933,0.99833614
34397,0.5338745,0.46612552
64700,0.78982395,0.210176
45316,0.47833386,0.52166617
1494,0.8674156,0.1325844
10337,0.03740762,0.9625924
25756,0.21026951,0.7897305
32373,0.050429754,0.94957024
24628,0.030291388,0.9697086
29310,0.47634056,0.52365947
423,0.16040078,0.83959925
49213,0.32363227,0.67636776
63865,0.5372367,0.46276328
33415,0.1818555,0.8181445
64957,0.79848415,0.20151582
36673,0.051159836,0.9488402
30212,0.025718879,0.9742811
534,0.56237495,0.43762505
51678,0.86231613,0.13768387
12500,0.124568254,0.8754318
18824,0.0008381243,0.99916184
42108,0.2894138,0.7105862
50489,0.7976322,0.2023678
24191,0.0007401842,0.99925977
47434,0.8633072,0.13669285
50538,0.8732874,0.12671265
59829,0.53166467,0.46833533
32873,0.26882958,0.73117036
16654,0.002785899,0.99721414
58817,0.35899627,0.6410037
61637,0.92438996,0.07561005
11754,0.46260056,0.5373994
32818,0.40670517,0.5932948
25753,0.15386759,0.8461324
21120,0.16458102,0.83541906
12571,0.25192088,0.7480791
18934,0.0010028072,0.99899715
3720,0.68006575,0.3199343
46892,0.82906824,0.17093173
54838,0.38031498,0.619685
19556,0.00203788,0.9979621
13213,0.2336922,0.7663078
41547,0.10555993,0.89444005
46905,0.67459047,0.3254095
48905,0.74143785,0.25856215
9562,0.2820571,0.7179429
18193,0.0016276048,0.9983724
42150,0.15488161,0.8451184
36655,0.22416556,0.77583444
19753,0.0019886694,0.99801135
36728,0.019158753,0.9808413
57561,0.99987686,0.00012311967
56685,0.9778049,0.022195123
34655,0.63804436,0.36195558
44171,0.6068861,0.39311394
59321,0.7406702,0.25932977
3348,0.5278703,0.47212967
10665,0.5139237,0.48607633
26834,0.0028848518,0.99711514
420,0.16114797,0.838852
61771,0.6785121,0.32148793
49819,0.8664068,0.13359314
22704,0.0023540794,0.9976459
38628,0.16383739,0.83616257
49919,0.76042646,0.23957358
37417,0.15384373,0.8461563
45929,0.8357121,0.16428791
20304,0.0004602434,0.99953973
27905,0.05600891,0.9439911
11128,0.54429376,0.45570624
21595,0.20253944,0.79746056
36168,0.0041949134,0.995805
34650,0.34964308,0.65035695
56067,0.8549027,0.14509729
31290,0.042732306,0.95726776
62123,0.5374736,0.46252638
13092,0.1631426,0.8368574
22515,0.0047670305,0.995233
62761,0.45215592,0.54784405
45036,0.97308016,0.026919795
5514,0.58981276,0.41018724
51252,0.96119255,0.038807414
58348,0.9733166,0.026683452
37857,0.07465547,0.9253445
4980,0.77211016,0.22788985
32889,0.36307278,0.63692725
931,0.13419096,0.865809
37557,0.00796626,0.9920338
19388,0.0031402034,0.9968598
30495,0.0015131818,0.99848676
5274,0.5183709,0.4816291
33087,0.33881134,0.66118866
42954,0.60441107,0.39558893
54031,0.18054646,0.81945354
33455,0.3196536,0.6803464
16399,0.00080611056,0.99919385
33252,0.8439371,0.15606292
23475,0.017679576,0.9823204
55887,0.79544675,0.20455323
1425,0.553504,0.44649598
15852,0.0023878317,0.9976121
1841,0.16746202,0.832538
12209,0.0067245685,0.9932754
62316,0.9948436,0.0051563447
5463,0.7332422,0.26675773
17997,0.0043101897,0.9956898
38629,0.4942374,0.50576264
54728,0.69534093,0.30465913
4237,0.03957733,0.96042264
31302,0.08155083,0.9184492
13081,0.12991294,0.870087
50685,0.8925053,0.1074947
18281,0.0013200194,0.99867994
56301,0.9910028,0.008997172
22383,0.003179543,0.99682045
37404,0.35017338,0.64982665
50711,0.5051428,0.49485713
54680,0.25932702,0.740673
61853,0.84254915,0.15745082
41507,0.4129837,0.5870163
38222,0.00032500675,0.99967504
26227,0.040353954,0.9596461
37887,0.12778968,0.87221026
57052,0.9756025,0.02439746
22727,0.027357504,0.97264254
29189,0.014534664,0.98546535
1565,0.28497332,0.7150267
39128,0.0017597164,0.99824023
22253,0.0023365673,0.9976635
43367,0.8918858,0.108114146
62872,0.9093079,0.090692125
21779,0.009247596,0.99075234
55853,0.80231124,0.19768874
42047,0.022748997,0.977251
19618,0.0032926146,0.9967073
29525,0.018682322,0.9813177
52475,0.8143728,0.1856272
31259,0.09613063,0.90386933
41825,0.726541,0.27345902
40199,0.018855197,0.98114485
36332,0.04876097,0.95123905
14045,0.2040525,0.79594755
57415,0.7410645,0.2589355
32940,0.34788454,0.65211546
170,0.09676277,0.9032372
20389,0.52617604,0.473824
17111,0.060072057,0.93992794
44893,0.9676618,0.032338183
11803,0.24018249,0.75981754
64337,0.77219605,0.22780396
12508,0.020977436,0.97902256
43069,0.0033408024,0.99665916
23573,0.0014062867,0.99859375
8188,0.122972645,0.8770274
16637,0.0017666969,0.9982333
55141,0.75194603,0.24805392
14156,0.10943262,0.8905674
1010,0.6111034,0.38889658
13118,0.51437825,0.48562175
15870,0.0019067716,0.9980932
36276,0.044117887,0.9558821
35021,0.3311723,0.6688277
2666,0.25511846,0.7448816
13582,0.038753763,0.9612463
11853,0.838813,0.161187
52187,0.961345,0.038654976
42760,0.03889107,0.961109
38962,0.0022782604,0.99772173
51930,0.84045947,0.1595406
27216,0.038694296,0.9613057
1944,0.5599589,0.44004115
52322,0.7999956,0.20000443
46141,0.5522147,0.4477853
8661,0.57542574,0.4245743
59708,0.56265837,0.43734166
50552,0.8356638,0.16433616
26510,0.21854228,0.7814577
23416,0.10690944,0.8930906
60990,0.61537355,0.38462645
26274,0.056131817,0.9438682
57673,0.9997726,0.00022743575
3256,0.34342983,0.65657014
60665,0.46521986,0.53478014
39480,0.0465724,0.9534276
8334,0.79403806,0.20596191
63371,0.34045348,0.65954655
33729,0.20591114,0.7940888
46966,0.9606575,0.03934252
61638,0.9974005,0.0025994661
2150,0.7864023,0.21359771
60862,0.8590281,0.14097185
27186,0.009333885,0.9906661
37303,0.070878424,0.9291216
21650,0.017324716,0.9826753
28365,0.06536882,0.93463117
6779,0.51249534,0.4875047
50415,0.76868033,0.23131964
9397,0.19301501,0.80698496
5876,0.8857935,0.11420649
64969,0.7803032,0.21969683
11389,0.013824543,0.9861755
58588,0.907671,0.092329025
41565,0.10572051,0.8942795
42551,0.27462226,0.7253778
14640,0.018054625,0.98194534
4962,0.6689085,0.3310915
43771,0.76960003,0.23039997
55471,0.82191914,0.17808081
31404,0.054645006,0.94535506
50937,0.56303746,0.43696257
26275,0.13667202,0.86332804
64279,0.7708577,0.22914235
7088,0.20119944,0.7988005
32849,0.04765295,0.95234704
27549,0.21986075,0.78013927
65127,0.8267044,0.17329565
30580,0.008786639,0.9912134
15133,0.012669375,0.9873307
38088,0.005111532,0.9948885
11784,0.89932543,0.100674555
42024,0.052071497,0.9479285
37865,0.034471903,0.96552813
43844,0.84676725,0.15323274
28681,0.012280317,0.98771966
37074,0.46617752,0.5338225
5799,0.63916177,0.36083826
20642,0.38854054,0.61145943
12401,0.01982922,0.9801707
27166,0.017771348,0.98222864
53572,0.8858687,0.11413124
33639,0.37965316,0.62034684
47352,0.9304695,0.069530465
64044,0.94283354,0.05716644
5801,0.90794003,0.092059925
27234,0.5856576,0.41434237
26166,0.0029218711,0.9970782
35708,0.3837678,0.61623216
10644,0.76546854,0.23453148
61292,0.6063536,0.39364648
16573,0.006234948,0.993765
53217,0.41464204,0.58535796
523,0.5028379,0.49716216
16370,0.0021987162,0.99780124
6000,0.62493885,0.37506115
15568,0.019035747,0.98096424
29622,0.2825434,0.71745664
22300,0.066072665,0.9339273
16892,0.0022633423,0.9977367
35416,0.61537355,0.38462645
4633,0.5945139,0.40548605
11776,0.09096669,0.90903336
64402,0.9056607,0.09433932
36809,0.0020834722,0.9979165
37128,0.12976642,0.8702336
8531,0.012101304,0.98789865
54450,0.6234446,0.37655535
3641,0.10074414,0.8992558
59436,0.2858332,0.71416676
19245,0.027545286,0.97245467
20869,0.057892103,0.9421079
55192,0.93840384,0.061596118
5948,0.404172,0.595828
5177,0.9231908,0.076809205
33027,0.23263094,0.76736903
15427,0.07232297,0.9276771
9520,0.036310475,0.9636895
60186,0.7409605,0.25903955
38800,0.00036891815,0.99963105
42116,0.3258666,0.6741334
15892,0.00566886,0.9943311
63197,0.9303387,0.06966131
2494,0.28976953,0.7102305
5004,0.09621426,0.90378577
1288,0.5927314,0.4072686
38338,0.13574265,0.86425734
43508,0.87593114,0.12406879
34409,0.63138837,0.3686116
26777,0.5678846,0.43211532
52945,0.85884553,0.1411545
35854,0.19105734,0.8089426
20206,0.0011946413,0.9988054
58822,0.5373354,0.46266463
3756,0.47979486,0.52020514
57706,0.9998658,0.00013420319
51537,0.38223836,0.6177617
3240,0.50105256,0.49894747
38780,0.20038818,0.79961187
32906,0.4892246,0.5107754
20066,0.015080376,0.98491967
26183,0.007233314,0.9927666
26992,0.56574035,0.43425968
57719,0.9076252,0.09237479
25125,0.07298543,0.9270146
54786,0.64559776,0.3544022
63344,0.24354859,0.75645137
14673,0.02121388,0.9787861
9671,0.043106,0.956894
11023,0.7365887,0.2634113
27731,0.0045143114,0.9954856
42309,0.08323727,0.9167627
40998,0.5402417,0.45975825
15595,0.09065645,0.90934354
47951,0.2206428,0.7793572
58270,0.99155456,0.008445395
19525,0.00067821535,0.9993218
46952,0.6502465,0.34975347
23450,0.03046539,0.9695346
47278,0.7603198,0.23968016
35767,0.10905059,0.8909494
15646,0.07009889,0.92990106
51683,0.9776995,0.022300465
19035,0.0032580055,0.99674207
24391,0.00029240918,0.9997075
63712,0.61683935,0.38316068
56874,0.99869776,0.0013022269
724,0.33510467,0.66489536
19404,0.0002999871,0.99970007
39991,0.0012796986,0.9987203
56053,0.9505282,0.049471866
35282,0.31467113,0.6853289
10488,0.36250648,0.63749355
19367,0.0015353772,0.9984647
53771,0.488632,0.511368
39635,0.00053991145,0.99946004
44039,0.98446876,0.015531264
15068,0.5615394,0.43846062
57079,0.9358087,0.06419126
54809,0.016152652,0.9838473
53359,0.58755434,0.41244566
62840,0.81603414,0.18396585
64143,0.73106694,0.26893306
63750,0.79536384,0.20463611
28252,0.2879891,0.71201086
31802,0.1311832,0.8688168
56991,0.9805894,0.019410644
24960,0.0051345374,0.9948655
56867,0.9894946,0.010505416
13694,0.4658443,0.53415567
64073,0.74092686,0.25907314
31285,0.11753373,0.88246626
55367,0.84063935,0.15936065
50442,0.51356155,0.48643842
41601,0.08619885,0.9138012
15120,0.8081312,0.19186878
12158,0.0046413015,0.99535865
50304,0.8606356,0.13936447
55396,0.810421,0.18957895
48188,0.94733983,0.05266016
52489,0.75079846,0.2492016
10073,0.123789854,0.87621015
1709,0.70855564,0.29144436
52596,0.8766922,0.12330783
28088,0.0080198655,0.9919802
57234,0.85900867,0.14099132
47872,0.46611282,0.5338872
23595,0.0017806548,0.9982193
21375,0.06704681,0.9329531
23328,0.006283426,0.99371666
37575,0.020464217,0.97953576
5900,0.43460172,0.5653983
11759,0.36829114,0.63170886
8719,0.80912066,0.19087934
21671,0.057159293,0.94284064
49051,0.7508602,0.24913979
22139,0.08486674,0.91513324
28663,0.001882962,0.9981171
48487,0.9179441,0.08205595
20999,0.07222536,0.92777467
40785,0.5667924,0.43320757
43313,0.7320135,0.26798645
35275,0.7117934,0.28820652
1576,0.36739123,0.6326088
59345,0.78377914,0.21622083
39170,0.0005291336,0.9994709
44609,0.89667594,0.10332403
25267,0.061264377,0.9387356
14147,0.10248078,0.89751923
23725,0.010360176,0.9896399
31483,0.12413992,0.8758601
53640,0.9479903,0.052009687
4310,0.07226807,0.92773193
18474,0.0011936995,0.99880636
42039,0.43544775,0.5645523
52217,0.73221046,0.26778954
32018,0.072047606,0.9279524
3943,0.4387138,0.5612862
62341,0.70771277,0.2922872
26124,0.003199255,0.9968008
4225,0.006424763,0.9935753
50891,0.63965243,0.36034757
46135,0.871155,0.128845
42184,0.55729425,0.44270575
52846,0.6268203,0.37317967
30907,0.033621088,0.9663789
59939,0.5611187,0.43888134
38106,0.0011574093,0.9988426
40730,0.06553977,0.93446016
508,0.64300126,0.35699874
46715,0.9706397,0.029360313
4640,0.7362161,0.26378384
9863,0.49634084,0.5036592
5389,0.62042445,0.37957552
58606,0.8130787,0.18692122
17597,0.09108018,0.9089198
11834,0.034867182,0.9651328
39774,0.00021381292,0.9997862
29166,0.003657163,0.99634284
56970,0.88269806,0.11730189
38272,0.027282208,0.97271776
38086,0.006850441,0.9931496
23638,0.08063884,0.9193612
48155,0.9132379,0.08676211
24434,0.001730896,0.9982691
62903,0.6151056,0.38489437
63040,0.75356656,0.24643339
43051,0.018136425,0.9818635
41179,0.38762084,0.6123792
31602,0.16500153,0.8349985
46354,0.68813026,0.3118697
52120,0.7823005,0.21769953
21617,0.040158905,0.9598411
62803,0.858321,0.14167896
57170,0.95481485,0.04518509
18542,0.5661048,0.43389514
3050,0.72911996,0.2708801
41370,0.02316647,0.9768336
14164,0.020634765,0.9793652
9536,0.025291974,0.974708
36399,0.010417237,0.9895828
56530,0.7644017,0.23559833
20579,0.4317749,0.5682251
51775,0.85019404,0.14980593
47451,0.7090704,0.29092965
36099,0.0046099247,0.99539006
59069,0.4600615,0.5399385
40609,0.09462527,0.9053747
26753,0.2599671,0.7400329
15246,0.00200805,0.9979919
13302,0.267244,0.73275596
32121,0.06472284,0.9352771
33188,0.30382338,0.6961766
2621,0.865492,0.13450798
4455,0.74598813,0.25401187
13419,0.11587402,0.88412595
37108,0.18056706,0.819433
37592,0.0265078,0.97349226
64553,0.84044504,0.15955494
47949,0.8445733,0.15542665
55543,0.7894883,0.2105117
49130,0.6145679,0.38543212
38751,0.028433755,0.97156626
60902,0.77353173,0.22646828
8721,0.2423842,0.75761575
14119,0.01436459,0.9856354
11472,0.11736259,0.8826374
33629,0.52465826,0.47534168
32401,0.39941233,0.6005877
9842,0.02549996,0.9745
65154,0.85860026,0.14139968
15089,0.32699654,0.67300344
32896,0.12882406,0.87117594
31872,0.5747722,0.42522782
53928,0.80156386,0.19843616
45009,0.95772326,0.04227669
2827,0.5738139,0.42618608
57761,0.98106474,0.018935258
20987,0.16139354,0.8386065
11074,0.6181224,0.38187757
30439,0.0020493234,0.99795073
29334,0.5679042,0.43209586
44042,0.8626204,0.13737965
21330,0.364758,0.635242
40436,0.024945902,0.97505414
4252,0.002515337,0.9974847
23135,0.001118624,0.9988814
27792,0.0031141245,0.99688584
50230,0.8695947,0.13040534
33940,0.34542015,0.6545798
27920,0.60053205,0.39946797
35741,0.13445234,0.8655476
12621,0.6873127,0.31268725
36786,0.11354808,0.8864519
44070,0.7814293,0.21857074
20396,0.7944973,0.2055027
27798,0.005759323,0.99424064
59646,0.61303246,0.38696754
27987,0.20499016,0.7950098
23298,0.0050117155,0.9949883
10657,0.007598717,0.99240124
11344,0.010266251,0.98973376
38235,0.03362474,0.9663753
4804,0.048600454,0.95139956
46521,0.93686116,0.06313888
8041,0.68742913,0.31257093
47708,0.9565355,0.04346451
3316,0.3262733,0.67372674
43374,0.76278895,0.23721108
52430,0.2767407,0.7232593
2551,0.670172,0.329828
2585,0.84721726,0.15278274
29557,0.019914983,0.98008496
55138,0.7622895,0.23771049
18146,0.0015500705,0.9984499
9973,0.14948069,0.8505193
61439,0.7556214,0.24437858
54578,0.7509588,0.24904118
42114,0.058249075,0.94175094
53964,0.2671543,0.73284566
28878,0.068979815,0.93102014
56513,0.88084227,0.11915778
35841,0.08060545,0.9193945
58169,0.9922316,0.0077683977
1614,0.79273415,0.20726591
58223,0.9867959,0.013204095
53702,0.88551503,0.11448491
14314,0.01781929,0.9821807
46,0.19053477,0.8094652
13899,0.18624307,0.81375694
31105,0.010857103,0.98914284
32997,0.3992188,0.6007812
38997,0.002703019,0.997297
31614,0.37805542,0.62194455
20089,0.004311649,0.9956884
434,0.059011407,0.94098854
9660,0.91380155,0.086198434
16941,0.03316752,0.96683246
25307,0.0029915473,0.9970085
5922,0.69390076,0.30609927
40809,0.07983156,0.92016846
43901,0.80187064,0.19812931
14007,0.1408388,0.85916126
11063,0.06877899,0.93122095
44335,0.9319412,0.068058796
19646,0.00026059133,0.99973935
16047,0.059870366,0.9401297
43987,0.58146334,0.4185366
35509,0.6448633,0.35513672
33653,0.28252715,0.71747285
22368,0.048635013,0.95136505
7465,0.41291344,0.58708656
64365,0.6709005,0.32909948
26424,0.103569664,0.8964304
15159,0.27177012,0.7282299
32693,0.08047604,0.9195239
49724,0.9421261,0.057873927
13192,0.19907159,0.8009284
50219,0.55958444,0.4404156
64380,0.80751485,0.19248515
24124,0.0011042913,0.99889565
13328,0.0030644482,0.9969356
54743,0.83147615,0.16852392
58027,0.978229,0.02177099
29403,0.0050522075,0.9949478
7989,0.18825893,0.811741
64115,0.8366929,0.1633071
37600,0.023383807,0.9766162
5257,0.5907695,0.4092305
51816,0.96666723,0.03333276
37010,0.57650554,0.42349443
25819,0.005409706,0.9945903
41263,0.012897633,0.9871023
41209,0.07603306,0.92396694
27152,0.007318305,0.9926817
63147,0.7451645,0.25483555
656,0.053688485,0.94631153
44695,0.9285838,0.07141613
60215,0.7537087,0.2462913
2097,0.8064514,0.19354862
51768,0.8208299,0.17917004
63809,0.6676861,0.33231384
56390,0.99943787,0.0005621441
61459,0.81785685,0.18214314
40715,0.38925853,0.6107415
59362,0.49555537,0.50444466
21155,0.13262883,0.8673712
2773,0.52892953,0.47107047
46317,0.90792966,0.09207041
38012,0.001069706,0.9989303
48234,0.91655165,0.08344838
7847,0.6252061,0.37479386
7311,0.15329736,0.84670264
61384,0.7080321,0.29196796
63930,0.5051646,0.49483535
34308,0.49711308,0.5028869
50205,0.9765023,0.023497704
16739,0.0031585838,0.99684143
31722,0.70948285,0.29051712
36874,0.14021994,0.85978
13410,0.26567155,0.7343285
44629,0.8317967,0.16820331
2828,0.32720265,0.6727973
6716,0.025932437,0.9740676
28511,0.19870283,0.8012972
10896,0.0708961,0.9291039
41013,0.050520938,0.9494791
810,0.112696715,0.8873033
25776,0.23684075,0.7631592
5297,0.82678056,0.17321941
59836,0.4292263,0.5707737
44962,0.9370131,0.062986836
64819,0.8575855,0.14241448
14961,0.7831496,0.21685043
39074,0.03657119,0.9634288
21316,0.0011858554,0.9988142
63507,0.6219093,0.37809065
43260,0.7602746,0.23972541
46803,0.7198558,0.28014427
3686,0.19762301,0.802377
34092,0.5140585,0.48594153
4593,0.13176692,0.86823314
12486,0.22381668,0.77618337
41688,0.03056729,0.9694327
11863,0.0030404704,0.99695957
23244,0.006207781,0.99379224
54107,0.91359586,0.086404145
24084,0.00040595827,0.99959403
64849,0.8133663,0.18663366
55012,0.6876885,0.31231153
17386,0.035835244,0.96416473
41288,0.07362046,0.92637956
6005,0.41619533,0.5838047
5243,0.5925026,0.40749738
43356,0.57954174,0.42045832
28872,0.08025593,0.91974413
55242,0.44907862,0.5509214
2750,0.2661966,0.7338034
1588,0.5851668,0.4148332
27552,0.6236535,0.3763466
23579,0.0011205225,0.9988795
7872,0.17282367,0.82717633
54659,0.68371606,0.3162839
32776,0.07066774,0.9293322
1552,0.9786781,0.021321915
24834,0.058436524,0.9415634
53698,0.7531927,0.24680729
21296,0.0024703192,0.9975297
52995,0.7303956,0.2696044
33928,0.23888889,0.7611111
21623,0.050326847,0.9496731
47967,0.7035793,0.2964207
1961,0.28901532,0.71098465
7220,0.6692653,0.3307347
62418,0.9997553,0.00024473027
7269,0.008253082,0.9917469
31683,0.10111779,0.8988822
2415,0.81209683,0.18790312
14564,0.68566954,0.31433046
42118,0.009265973,0.990734
6704,0.29348204,0.706518
28328,0.02318136,0.9768187
33351,0.14906119,0.8509388
50852,0.91801256,0.08198747
9136,0.704147,0.29585302
44977,0.8611142,0.13888575
30008,0.001768084,0.99823195
39173,0.001271034,0.99872893
58136,0.9056432,0.09435684
27425,0.034142826,0.9658572
52072,0.7937428,0.20625721
21921,0.14931302,0.85068697
12135,0.23105472,0.7689453
58727,0.95470977,0.04529019
55791,0.3187401,0.68125993
11420,0.0047520665,0.9952479
11245,0.8663177,0.13368233
13747,0.62886673,0.3711333
39913,0.018468907,0.981531
7545,0.066918485,0.9330815
52273,0.61030763,0.38969237
41819,0.51536214,0.48463792
53598,0.25301072,0.74698925
16190,0.18636703,0.81363297
39833,0.0056496873,0.9943504
22873,0.0023643912,0.9976356
57952,0.98336685,0.016633093
53908,0.81888235,0.1811176
46643,0.7777019,0.22229809
27193,0.096467555,0.9035325
2207,0.43457854,0.56542146
21677,0.027256882,0.97274315
44563,0.97242594,0.027574036
18438,0.015359152,0.98464084
35666,0.17761643,0.8223835
57921,0.96526706,0.034732893
20951,0.8743713,0.12562871
9615,0.69499785,0.30500212
37122,0.04027752,0.9597225
46553,0.8402581,0.1597419
34871,0.75067353,0.24932645
758,0.5563231,0.44367686
59258,0.19154419,0.8084558
18194,0.008772,0.991228
26051,0.0051188795,0.99488115
37024,0.14538653,0.8546135
25591,0.013682327,0.98631763
40816,0.0052400045,0.99476
35143,0.59013665,0.40986338
58831,0.020873234,0.9791268
45115,0.8119151,0.18808493
45094,0.93126523,0.0687348
12405,0.7495607,0.2504393
34806,0.62315786,0.3768422
9970,0.22794971,0.7720503
33950,0.19962518,0.80037487
3904,0.008843372,0.9911567
51621,0.74973506,0.25026494
32811,0.040780526,0.95921946
19193,0.078995965,0.92100406
19123,0.003927298,0.99607277
39522,0.067127086,0.93287295
11183,0.0041981973,0.99580175
30707,0.11965145,0.88034856
21391,0.0133848945,0.9866151
51845,0.8701204,0.12987961
15121,0.34863728,0.6513628
14491,0.8586677,0.14133234
31341,0.123263665,0.87673634
32828,0.025670284,0.97432977
62408,0.9450328,0.054967232
28181,0.002441922,0.9975581
39662,0.0005588287,0.9994412
6556,0.5943535,0.40564647
9819,0.47549883,0.52450114
31862,0.37139365,0.6286063
61867,0.86054677,0.1394532
43375,0.9371225,0.062877476
39432,0.010342511,0.98965746
33728,0.22485895,0.775141
39382,0.24382174,0.75617826
6362,0.65003985,0.34996018
16303,0.0036465242,0.9963535
41286,0.016921235,0.9830787
40992,0.1358674,0.86413264
16976,0.022206001,0.977794
28100,0.018932538,0.98106754
12716,0.23735203,0.762648
12198,0.002314776,0.9976852
17282,0.013410061,0.9865899
18595,0.0019669142,0.9980331
38223,0.00039534824,0.99960464
51686,0.6429556,0.35704437
22351,0.005824586,0.9941755
958,0.574825,0.425175
3096,0.76988804,0.23011188
24785,0.048861295,0.95113873
46221,0.834325,0.16567504
45280,0.9501519,0.049848154
49839,0.6760441,0.32395592
54546,0.9340259,0.06597408
40346,0.00091908197,0.9990809
50105,0.85961324,0.14038676
9583,0.11095184,0.8890482
57107,0.7331465,0.26685345
49616,0.78630894,0.21369106
21030,0.06208624,0.9379138
22896,0.0033446883,0.99665534
26146,0.004440662,0.99555933
32503,0.8833663,0.116633706
60189,0.8593762,0.14062378
29407,0.0109796915,0.9890203
2877,0.6318686,0.3681314
15399,0.3150905,0.6849095
43016,0.041710954,0.958289
16921,0.0038186838,0.99618137
64456,0.67120254,0.32879746
1570,0.46857935,0.53142065
4759,0.49364755,0.5063524
27925,0.0065983925,0.9934016
18031,0.005012167,0.99498785
32803,0.24208023,0.7579197
62671,0.8747538,0.12524618
42789,0.011276628,0.9887234
23915,0.002254328,0.9977457
33344,0.1885539,0.8114461
13538,0.25884396,0.741156
50336,0.7701059,0.2298941
20478,0.35954574,0.64045423
54831,0.9423167,0.05768328
54765,0.89729893,0.10270107
39647,0.009985437,0.99001455
18981,0.003408197,0.9965918
20289,0.00016621903,0.9998337
41692,0.008836766,0.99116325
59505,0.29786164,0.70213836
22567,0.0005064165,0.9994936
46519,0.91813797,0.08186203
4807,0.23381151,0.76618844
36462,0.099932,0.90006804
41285,0.0063807378,0.99361926
45915,0.816624,0.18337607
45707,0.94420636,0.055793643
63289,0.1251579,0.8748421
22080,0.10126133,0.8987386
1702,0.5181625,0.4818375
19569,0.0035051452,0.9964948
59406,0.6650741,0.33492583
45413,0.9399077,0.060092222
10397,0.30899176,0.69100827
61510,0.7047245,0.2952755
6587,0.8979391,0.10206089
38543,0.05481617,0.9451839
37093,0.009360811,0.9906392
56781,0.8780222,0.12197784
28210,0.019122992,0.980877
43395,0.28177568,0.71822435
18692,0.0003766126,0.9996234
16166,0.20381936,0.79618067
18675,0.0011210414,0.9988789
47687,0.73597634,0.26402363
46379,0.81471694,0.18528311
17429,0.012292824,0.9877072
2447,0.6591135,0.3408865
2151,0.39117262,0.6088274
61886,0.58624846,0.41375157
824,0.3056135,0.6943865
35403,0.69738203,0.30261803
21928,0.029835017,0.97016495
51280,0.6370448,0.36295527
32425,0.13593347,0.8640665
1227,0.3438922,0.65610784
31232,0.09101319,0.90898675
12637,0.31204867,0.6879514
20295,0.003926108,0.99607396
55387,0.79645973,0.20354025
8757,0.477003,0.52299696
20338,0.03493432,0.9650657
24031,0.0023077226,0.99769235
24887,0.10482152,0.89517844
38845,0.096498094,0.9035019
21903,0.3760538,0.6239462
33433,0.39628595,0.60371405
28197,0.0017368665,0.9982632
58257,0.9872929,0.012707121
37405,0.1845786,0.81542134
58928,0.66103315,0.33896685
39272,0.20541461,0.7945854
48801,0.87614334,0.12385672
3361,0.091249205,0.90875083
32318,0.21089166,0.78910834
15923,0.0013051907,0.99869484
26161,0.015676077,0.9843239
41366,0.0008338228,0.99916625
63762,0.71259457,0.28740537
45418,0.92536986,0.07463017
4698,0.52902865,0.4709714
25577,0.2787592,0.72124076
25101,0.59955525,0.40044478
24550,0.0032969897,0.99670297
43169,0.010819724,0.9891803
15184,0.3672562,0.63274384
39585,0.00047082824,0.99952924
105,0.012721571,0.98727846
54855,0.70063716,0.29936287
20692,0.53325164,0.4667484
17892,0.008005913,0.99199414
13794,0.28518063,0.7148194
8247,0.72569543,0.27430463
4242,0.025750868,0.97424906
37219,0.6011437,0.39885634
684,0.544691,0.45530894
57831,0.95899504,0.04100497
8303,0.30961502,0.690385
27242,0.12448867,0.87551135
47642,0.8200312,0.17996877
300,0.31946552,0.6805345
38709,0.015429187,0.9845708
42245,0.80134666,0.19865339
20252,0.0040164096,0.9959836
27668,0.00038425103,0.99961567
28156,0.09614081,0.9038592
35054,0.7021428,0.29785722
31101,0.0028813386,0.9971187
30520,0.0020221726,0.9979778
3122,0.79738104,0.20261891
27949,0.043030836,0.95696914
11588,0.446314,0.55368596
7582,0.52507734,0.4749227
61783,0.7174565,0.28254345
55890,0.54656446,0.4534355
24548,0.0024842257,0.9975158
15630,0.0040298393,0.99597013
23632,0.0010400029,0.99896
48837,0.8943539,0.10564609
18255,0.00037339868,0.99962664
46176,0.94061756,0.05938239
12213,0.2738622,0.72613776
4434,0.7205465,0.27945355
58750,0.6974258,0.3025742
26118,0.0016038326,0.9983961
26309,0.055018004,0.944982
40714,0.12033639,0.87966365
62589,0.8604769,0.13952312
41378,0.012533591,0.9874664
54320,0.858324,0.14167602
45584,0.8465002,0.1534998
44720,0.9390142,0.060985826
48313,0.7811601,0.21883988
44356,0.9278849,0.072115086
64306,0.81593966,0.18406035
61164,0.8299888,0.1700112
5977,0.51190597,0.488094
39387,0.029656526,0.97034353
55774,0.16668336,0.8333167
18359,0.0058514583,0.9941485
2916,0.59191,0.40809003
27880,0.013199635,0.9868003
22033,0.54047114,0.45952886
16375,0.17330407,0.826696
53232,0.69180566,0.30819434
36592,0.036257405,0.96374255
54742,0.34763604,0.65236396
9509,0.13527185,0.8647282
24914,0.12721618,0.87278384
12784,0.6888007,0.31119934
17483,0.0038778512,0.9961222
3238,0.073339105,0.9266609
51900,0.89551926,0.1044808
48435,0.7056885,0.29431146
34550,0.7575671,0.24243292
3651,0.66296685,0.3370332
52216,0.85876894,0.14123102
31345,0.08345299,0.91654706
26518,0.50206065,0.49793932
58153,0.9899832,0.010016805
63838,0.68545973,0.3145403
11646,0.3308016,0.6691984
52760,0.8108235,0.1891765
53441,0.77653486,0.22346509
32797,0.16291828,0.8370817
2580,0.9288097,0.07119027
17563,0.010522704,0.9894772
35934,0.06507854,0.93492144
11394,0.55856526,0.4414347
21137,0.17448878,0.8255112
35703,0.23897009,0.76102996
40442,0.06269585,0.9373042
4861,0.83873147,0.16126855
51205,0.8795187,0.120481394
13961,0.06234969,0.9376503
29955,0.0356052,0.9643948
26460,0.30380705,0.696193
52601,0.7999542,0.20004587
59915,0.7283898,0.27161023
11014,0.2637003,0.7362997
1769,0.5868934,0.4131066
56652,0.8925906,0.10740948
30153,0.24691948,0.75308055
5477,0.81429315,0.18570681
59243,0.56293404,0.437066
48720,0.94170773,0.05829234
60565,0.6361446,0.3638554
13652,0.5771525,0.4228475
61008,0.99549097,0.004509091
5246,0.9514648,0.04853526
39806,0.0026618822,0.9973381
44101,0.5311474,0.46885252
6328,0.7875414,0.2124586
33081,0.42562473,0.5743753
18652,0.00033567063,0.9996643
11020,0.86827826,0.13172176
7697,0.8180903,0.18190973
53991,0.6280576,0.3719424
60149,0.19102462,0.8089754
18581,0.0017454363,0.9982546
37582,0.0045551364,0.9954449
21436,0.4023497,0.59765035
26062,0.0069117416,0.9930883
50669,0.608756,0.39124402
28240,0.06410322,0.9358968
22184,0.02816357,0.9718364
13911,0.09655353,0.9034465
28141,0.0025520993,0.99744797
33097,0.2351838,0.76481616
41206,0.1574872,0.8425127
63687,0.6818219,0.3181781
51960,0.20820794,0.7917921
29802,0.0034239679,0.996576
42865,0.039629802,0.9603702
20440,0.63589823,0.36410174
62130,0.8465706,0.15342939
41260,0.025560558,0.97443944
13734,0.6140311,0.38596892
22530,0.015796512,0.98420346
38420,0.037972562,0.96202743
9985,0.91733557,0.082664475
17383,0.0056303157,0.9943697
62084,0.9498487,0.05015127
2654,0.6742412,0.3257588
20340,0.06593026,0.9340698
62312,0.7674303,0.23256972
55272,0.23821078,0.7617892
42191,0.06011889,0.9398811
14523,0.020047188,0.9799529
18413,0.55797565,0.44202432
41002,0.045193553,0.9548065
44521,0.9186602,0.0813398
9036,0.54251695,0.45748305
42644,0.014456505,0.9855435
18884,0.0047214115,0.9952786
50588,0.77646995,0.22353001
36473,0.010401172,0.9895989
57931,0.9774055,0.022594467
15442,0.63905686,0.36094317
17096,0.00532544,0.99467456
5779,0.96393317,0.036066864
58319,0.9634717,0.03652831
58109,0.9793006,0.020699378
35468,0.35873902,0.641261
51890,0.5013918,0.49860814
30159,0.01792892,0.9820711
37161,0.0793499,0.92065006
12099,0.020639984,0.97936
2241,0.70846415,0.29153588
11409,0.34442997,0.65557
17939,0.0039208494,0.99607915
3618,0.21743281,0.7825672
52263,0.7548817,0.24511835
61559,0.7451645,0.25483555
52917,0.4879567,0.51204324
33083,0.3901752,0.6098248
37040,0.10431735,0.89568263
56413,0.6816174,0.31838256
55504,0.84998584,0.15001418
25184,0.22834432,0.7716557
1737,0.92935836,0.07064164
10279,0.60296583,0.3970342
58431,0.9511219,0.048878044
55186,0.66802627,0.33197373
7598,0.5110441,0.48895586
28174,0.0012491096,0.9987509
10610,0.66454124,0.3354587
2814,0.52083826,0.47916174
16678,0.028047662,0.9719524
25504,0.0011095665,0.99889046
4200,0.1489923,0.85100764
56603,0.9265811,0.07341891
31617,0.5963572,0.4036428
40181,0.00072135613,0.9992786
47273,0.8571488,0.14285116
37504,0.20829575,0.7917042
54533,0.8665178,0.13348216
62986,0.90505916,0.09494078
28626,0.35186478,0.64813524
34179,0.47549838,0.5245016
12039,0.6413213,0.35867873
42501,0.020825809,0.9791742
34696,0.5680651,0.43193492
20712,0.108683005,0.891317
51934,0.515435,0.48456502
24318,0.0013814002,0.9986186
23184,0.004991352,0.9950086
13727,0.17679599,0.823204
24109,0.0007669152,0.9992331
58465,0.92808384,0.07191616
26382,0.0068905284,0.99310946
53511,0.8665677,0.13343231
10805,0.013913149,0.98608685
55710,0.75866586,0.24133408
33539,0.78539634,0.2146036
24909,0.2388143,0.7611857
14510,0.5701235,0.42987645
39586,0.0006105312,0.9993894
53355,0.55070597,0.44929406
27700,0.0008775104,0.99912244
50269,0.92984504,0.07015494
38928,0.00093129603,0.9990687
43191,0.027802087,0.97219795
12464,0.1653906,0.8346094
47771,0.74244356,0.2575564
2669,0.7665108,0.23348927
7995,0.635506,0.36449406
34800,0.6259491,0.37405095
29349,0.013522566,0.9864775
7981,0.72722155,0.2727785
47093,0.7080913,0.29190868
20319,0.0002325003,0.9997675
38570,0.18538338,0.81461656
254,0.44892243,0.5510776
54901,0.56711036,0.43288967
35366,0.8113496,0.18865043
29912,0.17906925,0.8209308
48405,0.8859518,0.11404817
45619,0.79153794,0.20846213
15305,0.60708445,0.39291555
45896,0.92960536,0.07039466
17686,0.32770628,0.6722937
23804,0.0031972497,0.9968027
49317,0.73663604,0.263364
47859,0.27439773,0.72560227
9408,0.3912507,0.60874933
34990,0.67864233,0.3213577
20265,0.0024821847,0.9975178
18520,0.001641376,0.99835867
16483,0.00012545112,0.9998746
24449,0.001327275,0.9986727
46886,0.5698411,0.43015888
12092,0.34329492,0.65670514
29566,0.02739357,0.9726064
61290,0.8641076,0.13589245
18970,0.001538427,0.9984616
63372,0.80644375,0.19355623
26903,0.0072493786,0.99275064
7085,0.3714882,0.6285117
17742,0.031640545,0.9683594
52434,0.80658466,0.19341528
2940,0.015639376,0.98436064
34066,0.5407972,0.45920283
38394,0.009170325,0.9908297
53016,0.93536556,0.064634465
27212,0.14565329,0.8543467
30042,0.076136835,0.9238631
20487,0.44047534,0.5595247
24925,0.14115962,0.85884035
18513,0.009110834,0.99088913
3296,0.013716796,0.98628324
64871,0.50763744,0.49236253
43007,0.5108853,0.48911467
14359,0.06999444,0.93000555
62524,0.6695568,0.33044323
6491,0.7559178,0.24408218
63547,0.5181046,0.48189542
48753,0.92569804,0.074301936
42969,0.007841189,0.9921589
65112,0.8244257,0.17557429
4348,0.051935665,0.9480643
55590,0.70850545,0.29149452
62061,0.75864714,0.24135289
31936,0.22849375,0.77150625
37651,0.038789306,0.9612107
27932,0.033782795,0.9662172
63375,0.16673936,0.8332606
23748,0.015544452,0.9844556
37176,0.6614184,0.33858156
61145,0.967627,0.032372985
46470,0.5802063,0.41979373
543,0.34105676,0.65894324
13251,0.0054298574,0.9945701
42918,0.16445409,0.83554584
34817,0.79412115,0.20587885
9576,0.5840909,0.41590908
32246,0.49480042,0.5051996
15528,0.0033833021,0.99661666
13235,0.95836455,0.04163547
35293,0.90542394,0.09457606
27164,0.024689376,0.9753107
60982,0.8276512,0.17234884
22907,0.00037374164,0.9996263
43945,0.93853533,0.061464656
51577,0.8197921,0.1802079
14036,0.11740764,0.8825924
8078,0.017666008,0.982334
21047,0.094661824,0.90533817
38297,0.008560698,0.99143934
14813,0.13125207,0.868748
57431,0.8903004,0.10969958
7398,0.23258708,0.7674129
13621,0.062387146,0.93761283
35329,0.6843318,0.31566823
38453,0.0015353025,0.9984647
11507,0.5451258,0.45487425
28933,0.034661304,0.9653387
17234,0.046789084,0.95321095
58445,0.97995424,0.020045836
43015,0.00560254,0.9943975
18666,0.0005296834,0.9994703
39899,0.00020956676,0.9997905
3490,0.24002218,0.7599778
27574,0.018942611,0.9810574
1038,0.29538447,0.7046155
26371,0.0020514012,0.9979486
22702,0.010814368,0.9891857
15180,0.020277424,0.97972256
29643,0.11212701,0.887873
50016,0.974984,0.025016023
60940,0.91853356,0.08146643
64536,0.8709302,0.12906979
44989,0.9544886,0.0455114
2605,0.369616,0.63038397
29045,0.04055549,0.9594446
49245,0.7681187,0.23188129
26843,0.0018508583,0.99814916
53037,0.43008927,0.56991076
5510,0.63340145,0.36659855
52172,0.7986278,0.20137224
5551,0.95903116,0.040968884
41545,0.01732846,0.98267156
19677,0.020680405,0.97931963
31841,0.22919066,0.77080935
57149,0.8955063,0.10449372
61948,0.9600333,0.039966684
36900,0.010009261,0.9899907
21879,0.24321824,0.75678176
56412,0.8197382,0.18026179
39842,0.0008490041,0.999151
10215,0.8287191,0.17128092
12387,0.13089374,0.86910623
5519,0.6965754,0.30342463
2731,0.783188,0.21681201
23728,0.011257442,0.9887426
26342,0.06265342,0.9373466
10807,0.0077483007,0.9922517
24146,0.0051182727,0.99488175
21856,0.015783703,0.9842163
17195,0.0014826611,0.99851733
14038,0.3484931,0.6515069
39131,0.008182223,0.9918177
16553,0.002705264,0.9972947
34852,0.56513864,0.43486133
22481,0.024703491,0.9752965
41492,0.59655255,0.40344745
9707,0.42212665,0.57787335
36051,0.013102527,0.98689747
38696,0.042665854,0.95733416
7390,0.4081759,0.5918241
38446,0.0022449468,0.9977551
64772,0.80442536,0.19557466
1163,0.37818447,0.62181556
11877,0.15907496,0.84092504
16450,0.0004526946,0.9995473
28224,0.029720904,0.9702791
14665,0.65798473,0.3420152
58260,0.9948179,0.005182146
59713,0.86854076,0.13145925
46622,0.9197688,0.08023117
33503,0.1309315,0.8690685
10037,0.7122485,0.28775144
62927,0.7873374,0.21266256
23821,0.014694897,0.98530513
48756,0.82192045,0.17807953
39293,0.045796588,0.95420337
20966,0.06518894,0.934811
47930,0.89436346,0.105636545
22260,0.0023504996,0.9976495
13099,0.0068324264,0.9931676
29582,0.04379244,0.9562076
13892,0.31907892,0.6809211
22144,0.026652193,0.9733478
32343,0.051481392,0.94851863
14457,0.32676995,0.67323005
22682,0.020526297,0.97947365
8885,0.6417918,0.3582082
43286,0.15084192,0.8491581
43300,0.9011015,0.09889849
31788,0.13663617,0.86336386
61243,0.6043079,0.39569214
14207,0.16895767,0.83104235
61304,0.9633689,0.036631048
17076,0.02087171,0.97912824
1754,0.8799845,0.12001554
13614,0.66490006,0.3350999
18440,0.006150665,0.99384934
1412,0.8968091,0.103190914
19572,0.009842006,0.990158
25667,0.18356371,0.81643623
55136,0.8474609,0.1525391
42139,0.10312606,0.89687395
53570,0.58728373,0.41271624
51859,0.7252941,0.27470595
35327,0.7260975,0.27390248
24715,0.7818193,0.21818069
7475,0.03799514,0.96200484
1156,0.75772285,0.24227715
11792,0.29391083,0.70608914
19631,0.0080097355,0.99199027
34455,0.8766156,0.123384416
21693,0.1137552,0.8862448
20159,0.0003566247,0.9996433
9882,0.81204605,0.1879539
57616,0.99981874,0.00018123932
62326,0.94479406,0.055205993
27173,0.1662633,0.8337367
16607,0.040521547,0.9594785
9482,0.6771912,0.32280877
38562,0.09273808,0.9072619
58474,0.99704796,0.002952092
61369,0.89974195,0.10025804
50535,0.9534351,0.046564914
42720,0.038940668,0.9610593
28938,0.020402845,0.97959715
49718,0.7161824,0.28381762
33434,0.18483561,0.8151644
56321,0.9856418,0.014358252
14280,0.7060258,0.29397422
60440,0.23666225,0.7633377
14064,0.35980612,0.6401939
57721,0.8720751,0.12792493
49065,0.085523985,0.914476
57367,0.9990158,0.0009842184
38591,0.039783362,0.96021664
13508,0.7791293,0.22087069
59219,0.56094235,0.43905762
33414,0.1710067,0.8289933
37209,0.6590931,0.34090692
63034,0.5920551,0.4079449
503,0.7411212,0.2588789
65180,0.7506419,0.24935804
22901,0.0069129486,0.993087
26066,0.0035797174,0.99642026
24869,0.029042253,0.97095776
65224,0.726682,0.27331796
56810,0.9940701,0.0059298887
7793,0.22781083,0.77218914
41965,0.02209554,0.97790444
16591,0.0022446073,0.99775547
6560,0.78491706,0.21508294
7079,0.48473877,0.51526123
61135,0.9322936,0.06770642
55991,0.99553263,0.0044673234
45655,0.6380797,0.36192027
35511,0.42932376,0.57067627
11102,0.0050304346,0.99496955
10080,0.7475131,0.25248688
56701,0.93864644,0.061353583
875,0.36640903,0.63359094
48697,0.8774711,0.12252888
6019,0.9409156,0.059084393
42110,0.080942206,0.9190578
17446,0.009416662,0.9905833
29311,0.121096596,0.8789034
38642,0.0061594597,0.99384046
1527,0.90259093,0.09740908
60892,0.9468551,0.05314487
31875,0.058344845,0.94165516
5464,0.4840631,0.5159369
37675,0.005824897,0.99417514
4880,0.7744645,0.22553556
56097,0.84120077,0.1587992
55332,0.8704414,0.12955865
10621,0.13826604,0.861734
33918,0.3600731,0.6399269
15560,0.037588604,0.9624114
15357,0.53788257,0.46211746
63450,0.15100928,0.8489907
16124,0.00788764,0.9921124
6955,0.012793638,0.98720634
3927,0.038789246,0.9612107
40102,0.00037208252,0.99962795
46009,0.8871995,0.112800464
53556,0.67153317,0.32846683
2845,0.57613957,0.4238604
17106,0.025359323,0.9746407
10560,0.22320233,0.7767977
55659,0.4928618,0.5071382
50348,0.76544034,0.23455961
34118,0.29950604,0.700494
2311,0.94095665,0.059043344
53134,0.8723818,0.12761816
36114,0.010332297,0.9896678
33124,0.3533475,0.6466525
49708,0.98560613,0.014393823
43709,0.7632732,0.2367268
3552,0.6192826,0.38071743
16183,0.07837679,0.92162323
5378,0.063313104,0.9366869
15025,0.26976365,0.7302364
62473,0.8525899,0.14741015
31645,0.10289973,0.89710027
566,0.0037904924,0.9962095
41036,0.06960586,0.9303942
572,0.3103303,0.68966967
7447,0.39400154,0.6059985
48045,0.6682164,0.33178362
24056,0.039919656,0.9600803
6938,0.29689848,0.7031015
12959,0.0032419562,0.99675804
38707,0.010473429,0.9895266
27902,0.040218186,0.95978177
46347,0.70875144,0.29124856
48233,0.6145055,0.38549444
55379,0.9636537,0.03634634
61365,0.34482002,0.65518
14052,0.0054808552,0.9945192
52445,0.8324976,0.16750242
14373,0.013044823,0.9869552
55608,0.8058647,0.19413534
33881,0.29822567,0.7017743
43035,0.026218235,0.97378176
14072,0.0994423,0.90055776
39286,0.0051132706,0.9948867
19097,0.029818188,0.9701818
25269,0.0014917232,0.9985083
57497,0.9945651,0.0054348763
52243,0.73150516,0.2684948
45258,0.855975,0.14402501
57396,0.2886009,0.7113991
18246,0.092619404,0.9073806
58211,0.985391,0.014609003
49463,0.30397552,0.6960245
50735,0.8469549,0.15304512
38427,0.03266679,0.9673332
6632,0.11165048,0.88834953
48049,0.4814747,0.5185253
19100,0.0011911701,0.99880886
6945,0.060416978,0.93958294
1514,0.8230749,0.1769251
22506,0.08492753,0.91507244
58945,0.46008053,0.5399195
35688,0.13243937,0.8675607
15955,0.012020188,0.9879799
46877,0.89046997,0.10953
54726,0.6372743,0.3627257
50282,0.43889454,0.56110543
43320,0.87505484,0.12494522
30904,0.17420697,0.825793
33896,0.3198963,0.68010366
1911,0.61123234,0.3887677
16381,0.0039106514,0.99608934
29402,0.094584554,0.9054154
38787,0.0014696934,0.99853027
2442,0.15652232,0.84347767
49714,0.9405453,0.0594547
16134,0.044447064,0.95555294
57116,0.7783144,0.22168557
33828,0.26258653,0.7374134
22403,0.0044024675,0.99559754
9855,0.18710172,0.8128983
53219,0.86515135,0.1348486
28353,0.44762883,0.55237114
27554,0.3947265,0.60527354
17375,0.0012912042,0.99870884
10501,0.015509712,0.9844902
29589,0.020684555,0.9793154
19237,0.044993196,0.95500684
22961,0.0038882405,0.9961118
53128,0.82500154,0.17499845
24180,0.0064232955,0.9935767
36960,0.055006877,0.9449932
25803,0.17123494,0.82876503
59363,0.56533086,0.43466917
17895,0.013623295,0.9863767
61873,0.8066855,0.19331448
864,0.62842417,0.37157586
12820,0.8194302,0.18056984
50938,0.75402087,0.24597916
55987,0.99976677,0.00023329085
55054,0.8717437,0.12825634
50493,0.8770734,0.1229266
64064,0.83626103,0.16373894
60321,0.4082487,0.59175134
16653,0.0032088433,0.9967912
7912,0.3183484,0.68165165
11319,0.8973834,0.10261662
48505,0.91387135,0.086128615
49294,0.719215,0.280785
10661,0.0029902165,0.99700975
64506,0.71326965,0.28673038
62304,0.70418566,0.29581434
12654,0.038433,0.96156704
59671,0.27874336,0.7212567
35736,0.2205052,0.77949476
376,0.3284831,0.6715169
26059,0.002236781,0.99776316
60412,0.54701054,0.45298946
3343,0.44811764,0.5518823
60825,0.36722517,0.6327749
7936,0.56670845,0.43329158
43297,0.799627,0.20037295
35177,0.7524055,0.24759455
1448,0.8413208,0.15867917
32182,0.36878833,0.63121164
49401,0.89085174,0.10914833
15570,0.009160127,0.9908399
18996,0.0010547045,0.9989453
59979,0.37251598,0.627484
47455,0.7795165,0.2204835
63297,0.37295303,0.62704694
26092,0.012869538,0.98713046
5708,0.47705048,0.5229495
9624,0.0013918218,0.9986082
8154,0.036824144,0.9631759
41083,0.016736815,0.98326325
46826,0.68966556,0.31033438
50591,0.32643747,0.6735625
36776,0.014056139,0.9859439
58446,0.9745866,0.025413442
43481,0.9118577,0.088142306
29824,0.0029559908,0.997044
1924,0.53383696,0.46616304
680,0.3099013,0.6900987
22022,0.13100718,0.8689928
44547,0.80690384,0.19309619
37197,0.3542415,0.64575845
37835,0.009224629,0.9907754
57643,0.99946886,0.0005311962
26055,0.015679045,0.984321
11260,0.43336523,0.5666348
49312,0.908498,0.09150198
64481,0.6417018,0.35829818
11807,0.7150511,0.28494886
5211,0.7470331,0.2529669
28946,0.026333813,0.97366613
42372,0.12740982,0.8725902
34945,0.69880235,0.30119762
64909,0.7268259,0.27317408
56009,0.99234617,0.007653761
16309,0.00064749486,0.9993525
54278,0.5584678,0.4415322
58045,0.9952963,0.004703747
7013,0.29390275,0.7060973
62396,0.6910227,0.30897728
13841,0.0005936855,0.99940634
13983,0.0064476775,0.9935523
49367,0.96337235,0.036627688
47103,0.81963426,0.18036574
45319,0.96093917,0.039060783
40268,0.0019411666,0.99805886
55785,0.73339826,0.26660177
28593,0.051927075,0.9480729
6130,0.29004344,0.7099565
28200,0.0061275396,0.9938725
47745,0.6149867,0.38501325
58100,0.9866433,0.013356758
51679,0.5249304,0.47506958
919,0.2208583,0.77914166
38110,0.062042963,0.937957
52730,0.24152763,0.7584724
52985,0.48563376,0.5143662
9344,0.0015841344,0.9984158
9242,0.4283434,0.5716566
6317,0.51473904,0.48526096
61065,0.9847882,0.015211776
61432,0.71741873,0.2825813
29327,0.34085596,0.659144
44392,0.88970476,0.11029523
46949,0.76248634,0.23751366
36326,0.01550611,0.9844939
49754,0.9435023,0.056497667
65132,0.8035976,0.19640236
29785,0.0007103657,0.99928963
442,0.7006626,0.2993374
60607,0.22241242,0.77758753
5398,0.11564157,0.8843584
12409,0.43666306,0.5633369
58916,0.28310403,0.716896
64737,0.82769626,0.17230374
2155,0.3702614,0.62973857
52176,0.49395916,0.5060408
57397,0.6360908,0.3639092
38492,0.0072018495,0.9927981
4873,0.89037097,0.109629
39184,0.06037896,0.9396211
36696,0.009207117,0.9907928
16280,0.0030621504,0.9969379
1498,0.69267344,0.30732659
63298,0.24093035,0.7590697
31342,0.13664249,0.86335754
10919,0.5097991,0.49020085
1860,0.8443707,0.15562929
9039,0.46515557,0.5348444
59592,0.68723625,0.3127637
313,0.31054014,0.68945986
30013,0.012400254,0.98759973
20847,0.56088567,0.4391144
61686,0.7545266,0.24547337
2367,0.48635697,0.5136431
11477,0.35875383,0.6412462
40656,0.06412192,0.93587804
18267,0.023464385,0.9765356
24089,0.004235258,0.99576473
63766,0.6108594,0.38914064
61105,0.35873902,0.641261
44868,0.91934526,0.0806547
8263,0.7430537,0.25694633
4800,0.77742165,0.22257839
7391,0.7970384,0.20296164
12138,0.24368761,0.7563123
26759,0.6286649,0.3713351
7248,0.53829324,0.46170673
3365,0.06575366,0.9342463
52029,0.7192682,0.2807318
29179,0.011088537,0.9889115
48932,0.96435714,0.035642873
64086,0.9203034,0.079696566
8764,0.16405961,0.83594036
50879,0.013013629,0.98698634
13849,0.08412397,0.915876
19034,0.0010017791,0.9989982
56131,0.9466068,0.053393207
25309,0.0019477146,0.99805236
28799,0.22805287,0.7719472
61679,0.88733524,0.11266479
23279,0.031164614,0.9688354
46931,0.6841583,0.3158417
58645,0.72120076,0.2787992
53658,0.8208811,0.17911884
14348,0.3690585,0.63094145
46278,0.57034624,0.42965373
63569,0.49234962,0.5076504
6170,0.2709042,0.72909576
32172,0.72944075,0.27055928
43005,0.031691983,0.968308
47242,0.7316931,0.2683069
18270,0.00388774,0.9961123
24939,0.19739194,0.802608
54829,0.7714397,0.22856034
53851,0.91835064,0.08164935
25033,0.08867628,0.9113237
18348,0.0014765664,0.9985234
42167,0.018728921,0.9812711
36067,0.10700278,0.89299726
18421,0.0043914923,0.9956085
39840,0.0014069256,0.99859303
45412,0.831165,0.16883491
48126,0.93127894,0.06872099
35381,0.580413,0.41958702
5128,0.87738466,0.12261531
27706,0.0050699874,0.99492997
56030,0.9167727,0.08322731
59650,0.4186359,0.5813641
17052,0.02862219,0.9713778
6108,0.86463016,0.13536982
22411,0.0072936197,0.99270636
14519,0.82552445,0.1744755
34611,0.66818565,0.33181432
56026,0.99250823,0.0074917516
1780,0.1703862,0.82961375
24530,0.12698705,0.8730129
55625,0.7190215,0.28097847
14611,0.08301277,0.9169872
16217,0.28735995,0.71264005
9648,0.6797815,0.32021856
15329,0.43656904,0.56343096
62617,0.35846385,0.6415361
45084,0.71240073,0.28759924
11740,0.83803,0.16197003
22792,0.043990526,0.95600945
31182,0.0253089,0.97469115
63257,0.11384948,0.8861505
40134,0.00026748487,0.99973255
21520,0.20234062,0.7976594
43248,0.8127117,0.18728824
10461,0.7116374,0.2883626
42117,0.063568525,0.9364314
44185,0.89617324,0.103826776
37897,0.12864216,0.87135786
2294,0.828651,0.17134902
64701,0.85719746,0.14280257
23323,0.009086389,0.9909136
13271,0.4421679,0.55783206
29671,0.048582006,0.95141804
34011,0.17122279,0.82877725
59271,0.44518706,0.5548129
61300,0.99838066,0.001619278
59380,0.43480453,0.5651955
65165,0.6699967,0.33000332
2979,0.73777366,0.26222637
43449,0.8164635,0.18353653
53574,0.8643273,0.13567269
3425,0.5808612,0.41913885
58281,0.95867395,0.041326
53605,0.6344242,0.3655758
55163,0.9089857,0.09101428
48458,0.8182441,0.18175595
15546,0.012787184,0.98721284
45718,0.26631808,0.7336819
8301,0.6396743,0.36032572
14545,0.5540676,0.4459324
47447,0.91357774,0.08642223
46902,0.86991554,0.13008443
15448,0.35921305,0.6407869
62025,0.7459007,0.25409928
56252,0.99774796,0.002252036
16067,0.00096274127,0.99903727
41053,0.010362814,0.9896372
49702,0.9547566,0.045243435
41193,0.77090675,0.2290932
26973,0.7440513,0.25594875
58752,0.8745382,0.12546177
47934,0.6570059,0.34299412
15715,0.0044272365,0.9955727
29951,0.46867308,0.53132695
17513,0.026622113,0.97337794
1608,0.567371,0.43262896
52877,0.9382097,0.06179029
16463,0.005575604,0.99442434
33593,0.5461709,0.45382908
5103,0.8021984,0.19780156
36142,0.036296945,0.96370304
48998,0.35251588,0.6474841
44046,0.84695244,0.15304756
5053,0.37342948,0.6265705
16605,0.05009733,0.9499027
39450,0.17629172,0.8237083
15208,0.021001799,0.97899824
34129,0.29476103,0.705239
1391,0.871866,0.12813403
3813,0.8524406,0.14755943
45348,0.88722694,0.112773076
39725,0.00037154125,0.9996284
58042,0.99372077,0.0062793074
21864,0.3871912,0.6128088
41742,0.56284606,0.4371539
15743,0.0036893282,0.99631065
45438,0.74304664,0.25695336
54281,0.17298074,0.8270193
61789,0.9714328,0.028567221
7016,0.62767166,0.3723284
38174,0.006832271,0.9931677
21583,0.059580475,0.94041955
52786,0.7691294,0.2308706
44772,0.9168936,0.08310647
32884,0.6322935,0.36770648
59858,0.607076,0.392924
30802,0.0006458985,0.99935406
23488,0.05664998,0.94335
52868,0.86721426,0.13278574
13543,0.18257378,0.81742626
52068,0.62518466,0.3748153
64351,0.5410701,0.4589299
57920,0.9774713,0.022528633
15717,0.00248329,0.99751675
51155,0.9001683,0.09983172
3635,0.006746689,0.9932533
27869,0.0027507674,0.9972492
26550,0.11457878,0.8854212
19430,0.0010500802,0.99894994
23388,0.01009455,0.9899054
621,0.028120842,0.9718792
16103,0.026156906,0.97384304
34079,0.26890355,0.73109645
23602,0.00019232907,0.99980766
64510,0.9263041,0.073695965
22750,0.024742313,0.9752577
62668,0.95006686,0.049933143
47620,0.83598053,0.16401948
18794,0.0009321865,0.99906784
59275,0.08358179,0.9164182
49214,0.9521864,0.047813606
62126,0.9984383,0.00156173
62641,0.8311088,0.16889116
50504,0.9162445,0.083755456
61138,0.95977795,0.040222056
48693,0.95969164,0.040308397
44758,0.903499,0.09650101
6008,0.82808065,0.17191935
38016,0.0049778563,0.9950222
13038,0.056478925,0.9435211
47619,0.7052405,0.2947595
10131,0.9149924,0.085007615
15409,0.67780674,0.32219326
20986,0.4684359,0.5315641
7802,0.013731699,0.9862683
24484,0.0004550319,0.9995449
54227,0.592225,0.407775
29089,0.031794827,0.96820515
18788,0.00017693013,0.99982315
56619,0.39637807,0.6036219
59621,0.99332327,0.0066767246
29052,0.0179342,0.98206586
59967,0.40708518,0.59291476
17463,0.03892456,0.9610755
32570,0.50646025,0.49353978
64794,0.8385071,0.16149291
38094,0.041964635,0.9580353
63783,0.8006126,0.1993873
17861,0.0007737313,0.9992262
28582,0.012885971,0.9871141
23634,0.06347076,0.9365293
6479,0.9029057,0.09709428
41303,0.12304733,0.87695265
10540,0.3796263,0.62037367
23192,0.013023646,0.9869763
6227,0.75973624,0.24026373
21576,0.3539498,0.6460502
51557,0.70200133,0.29799867
23277,0.21548298,0.784517
13398,0.57853144,0.4214685
21160,0.24470177,0.75529826
21848,0.0377,0.9623
32282,0.35192212,0.64807785
36591,0.007833798,0.99216616
27697,0.012882582,0.98711747
2375,0.84011006,0.1598899
61644,0.8568571,0.1431429
58138,0.98429006,0.015709946
32162,0.2094252,0.7905748
45393,0.9223656,0.07763445
20196,0.00044281283,0.9995572
16890,0.0205327,0.97946733
23578,0.00015466289,0.99984527
25495,0.029305888,0.97069407
51463,0.77400714,0.22599289
58853,0.6978011,0.30219883
54655,0.75321686,0.24678317
9048,0.44061303,0.55938697
5679,0.6792138,0.32078615
2216,0.38367248,0.6163275
48067,0.63195306,0.36804694
20670,0.75561035,0.24438967
4065,0.081986666,0.9180134
54058,0.7818783,0.21812166
20339,0.007216809,0.9927832
14341,0.2522382,0.7477617
7098,0.5557151,0.4442849
51749,0.7988621,0.20113786
63293,0.30691436,0.6930856
30659,0.010018375,0.9899816
1816,0.43963316,0.5603668
56798,0.88762176,0.112378284
529,0.43456239,0.5654377
25193,0.10492779,0.8950722
49995,0.7847612,0.21523881
8480,0.7388602,0.26113984
55594,0.30212677,0.69787323
30738,0.027909553,0.9720905
66,0.03163517,0.9683649
31555,0.13539302,0.864607
27772,0.008869879,0.9911301
42201,0.77557266,0.22442728
6988,0.5082221,0.4917779
32191,0.07988893,0.920111
21300,0.011584022,0.98841596
20346,0.009450269,0.99054974
10571,0.074621566,0.9253784
31966,0.06532379,0.93467623
6835,0.21488555,0.78511447
8926,0.77977157,0.22022845
41202,0.08348239,0.9165176
23619,0.0024865356,0.9975134
49207,0.81430644,0.18569352
32841,0.117133,0.882867
17215,0.019495659,0.98050433
39661,0.00040459394,0.99959546
18649,0.012243865,0.98775613
20907,0.0686829,0.93131715
63417,0.34122938,0.65877056
35385,0.6405306,0.35946935
11823,0.19149281,0.8085072
27440,0.0643981,0.93560195
32493,0.5735506,0.42644942
20897,0.046179973,0.95382005
53629,0.66817987,0.33182013
41763,0.039552137,0.96044785
22845,0.0008758465,0.9991241
392,0.8607841,0.13921584
5034,0.7207281,0.27927187
53358,0.59816664,0.40183336
33063,0.30723542,0.6927646
52405,0.9629232,0.037076753
25145,0.35573292,0.6442671
45568,0.5902461,0.40975395
12871,0.0016017979,0.99839824
32376,0.07138343,0.9286166
54731,0.9446788,0.05532118
43048,0.3859267,0.6140733
32708,0.2807271,0.7192729
38792,0.00084950385,0.9991505
1482,0.90313774,0.09686227
3671,0.12119736,0.87880266
7237,0.19308424,0.8069158
20483,0.49820277,0.50179726
34182,0.19601077,0.80398923
31796,0.3623081,0.6376919
21895,0.0754855,0.9245145
62020,0.5518617,0.44813827
15673,0.052695476,0.94730455
29753,0.0015739385,0.9984261
27023,0.25593886,0.7440612
193,0.08089717,0.9191028
32141,0.08811538,0.9118846
3063,0.0014786939,0.99852127
44911,0.9171087,0.08289127
14617,0.14745094,0.8525491
7892,0.32418996,0.67581004
40046,0.023468167,0.97653186
17459,0.0053746356,0.9946254
42374,0.054580893,0.9454191
21325,0.011416891,0.9885831
29238,0.058317672,0.94168234
18189,0.015352779,0.98464715
49348,0.5026068,0.49739316
61394,0.82362765,0.17637236
40938,0.011490339,0.9885097
64850,0.8967555,0.103244446
51769,0.7883627,0.21163732
58690,0.86857945,0.13142057
12289,0.73374707,0.26625293
45210,0.9562376,0.04376232
23533,0.0008667339,0.9991333
16169,0.00353574,0.99646425
35950,0.007966471,0.99203354
6930,0.13724728,0.8627527
27330,0.0041109775,0.995889
52079,0.68429434,0.31570566
40692,0.050137028,0.9498629
9518,0.52979654,0.47020346
60632,0.43423006,0.56577
42433,0.0046591153,0.99534094
59905,0.6761524,0.32384762
45512,0.87579846,0.12420152
38279,0.06723385,0.9327662
22720,0.10123397,0.8987661
58296,0.98109037,0.018909603
7347,0.3281645,0.6718355
235,0.45771697,0.542283
64729,0.7653408,0.23465917
36418,0.02338159,0.9766184
26561,0.5811368,0.4188632
11168,0.19045514,0.8095449
24866,0.089786455,0.91021353
6385,0.6150799,0.38492018
27881,0.052943576,0.9470564
22426,0.05031775,0.94968224
60218,0.72969425,0.27030575
62819,0.679187,0.32081303
50163,0.2117179,0.7882821
6904,0.17938127,0.8206187
19320,0.00083629356,0.99916375
29416,0.017552543,0.98244745
20728,0.4553168,0.54468316
37848,0.008281101,0.9917189
34478,0.82774705,0.17225295
12272,0.66966355,0.33033645
40755,0.027929366,0.97207063
7258,0.11671963,0.88328034
52099,0.7312701,0.26872993
786,0.65284187,0.3471581
11945,0.17255342,0.8274466
8120,0.122516565,0.8774834
26426,0.038469296,0.9615307
64156,0.7919503,0.20804974
8428,0.014208387,0.9857917
14248,0.6987388,0.30126116
37100,0.039892856,0.96010715
59759,0.34102708,0.6589729
27435,0.051690932,0.948309
46408,0.8029806,0.1970194
30422,0.0065223537,0.9934776
60352,0.45438418,0.5456158
63008,0.9025386,0.09746145
60705,0.7923673,0.2076327
62435,0.95256984,0.04743016
38664,0.08706015,0.91293985
8373,0.08475145,0.9152485
4491,0.35001925,0.6499807
10155,0.66679794,0.33320206
52884,0.5491254,0.4508747
7071,0.7479891,0.2520109
30869,0.119643375,0.8803566
44463,0.75144064,0.24855936
39207,0.0023864692,0.99761355
11801,0.4563298,0.5436702
27156,0.05894353,0.94105655
12767,0.5940664,0.40593362
60081,0.7778973,0.22210272
44722,0.94277817,0.057221837
7129,0.6769431,0.32305688
34030,0.7220899,0.2779101
23253,0.002390373,0.9976096
62109,0.8718944,0.12810552
13411,0.41780892,0.58219105
31067,0.037329562,0.96267045
34720,0.58667964,0.41332036
6013,0.6680909,0.33190912
8068,0.5710191,0.42898083
25722,0.39785266,0.6021474
53431,0.8581768,0.14182313
40689,0.2114376,0.78856236
58659,0.5353505,0.4646495
57200,0.92470616,0.07529378
60746,0.89603263,0.10396737
44663,0.87787056,0.122129455
56587,0.89311343,0.10688655
6573,0.8817537,0.118246235
3216,0.185698,0.81430197
9106,0.077039614,0.9229604
24720,0.43541324,0.5645868
36128,0.003967198,0.9960328
18625,0.0021603608,0.99783957
3233,0.6290405,0.3709595
53835,0.5998329,0.40016705
7399,0.12614048,0.87385947
27541,0.27716398,0.722836
39487,0.014861345,0.9851386
20569,0.35050258,0.6494974
31233,0.07214513,0.9278549
46836,0.84501606,0.15498398
31704,0.5552036,0.44479635
35062,0.589441,0.410559
54361,0.8193406,0.18065944
49166,0.9515773,0.048422724
63788,0.7627357,0.23726428
17885,0.004660301,0.99533975
63133,0.87124866,0.12875131
24431,0.0071378537,0.99286216
58985,0.6727564,0.32724363
61361,0.9986744,0.0013256895
38581,0.010061218,0.98993886
25147,0.11757244,0.8824276
42056,0.004808486,0.9951916
51394,0.5774328,0.4225672
32279,0.39744148,0.60255855
52771,0.80713236,0.19286765
10122,0.23336932,0.7666307
28723,0.11922343,0.8807766
10156,0.03700171,0.96299833
4044,0.360671,0.639329
62169,0.83952934,0.16047071
31004,0.37209216,0.6279079
51740,0.74196017,0.2580399
909,0.23680744,0.76319253
26646,0.019848865,0.9801512
234,0.6383141,0.36168584
19289,0.0006272161,0.9993728
35231,0.5067409,0.49325907
38440,0.006381454,0.9936186
62950,0.8278253,0.17217472
5045,0.52151203,0.47848797
62895,0.88609225,0.11390775
9460,0.282604,0.717396
60557,0.2427315,0.7572684
17406,0.049740512,0.9502595
61952,0.90588975,0.09411021
34868,0.92008185,0.07991819
21722,0.5404033,0.45959672
13056,0.17890248,0.8210975
59348,0.39782387,0.60217613
45110,0.6545423,0.34545767
60090,0.81532365,0.18467641
63117,0.70706075,0.29293922
54073,0.8696856,0.13031441
50570,0.8663655,0.13363448
60386,0.52842104,0.47157893
52834,0.8189535,0.18104649
19766,0.00028613626,0.99971384
101,0.035479516,0.96452045
63076,0.7117934,0.28820652
19377,0.006200981,0.99379903
18280,0.07575016,0.9242498
3579,0.013359817,0.98664016
19617,0.0006866863,0.99931335
27364,0.042573527,0.9574265
38641,0.013575974,0.986424
23764,0.008101452,0.99189854
52926,0.00903629,0.9909637
45573,0.4351889,0.5648111
61447,0.1313581,0.8686419
31242,0.14954636,0.8504537
31113,0.08400239,0.9159976
7774,0.061242335,0.93875766
57927,0.97731084,0.022689112
8350,0.4909064,0.5090936
11117,0.78208035,0.21791966
36432,0.011897822,0.9881022
32068,0.23979397,0.7602061
10889,0.5901984,0.40980157
13603,0.007495568,0.9925045
33555,0.17609948,0.8239005
7585,0.51122695,0.488773
16514,0.0053456007,0.9946544
15867,0.006769632,0.99323034
31737,0.14275141,0.8572486
35534,0.9262678,0.07373225
46008,0.86516833,0.13483162
18072,0.00437232,0.99562764
33660,0.5736714,0.4263286
7490,0.19827105,0.80172896
4513,0.6891393,0.3108607
1615,0.6724204,0.32757962
25201,0.05137819,0.94862187
52366,0.60522753,0.39477247
48736,0.82906204,0.17093794
51716,0.8862431,0.11375691
54636,0.7888412,0.21115886
7091,0.5178677,0.4821323
11247,0.19531702,0.804683
30442,0.0041838367,0.9958162
15838,0.024409609,0.97559035
52115,0.8642545,0.13574545
53783,0.8672083,0.13279174
36221,0.013846702,0.98615324
28214,0.009001885,0.99099815
54329,0.74047184,0.25952813
55883,0.83684117,0.16315886
27886,0.057429932,0.9425701
46158,0.86635816,0.13364191
37471,0.013640839,0.9863592
52362,0.8838993,0.11610077
60566,0.45245442,0.54754555
51523,0.6791518,0.32084826
52921,0.31908274,0.68091726
15482,0.007585992,0.99241406
41733,0.034657203,0.9653428
57886,0.9780532,0.021946792
50995,0.9103793,0.08962075
60986,0.8678902,0.13210985
14869,0.24334115,0.7566589
5898,0.5792248,0.42077518
48873,0.35943666,0.6405633
32225,0.24310745,0.7568925
48476,0.9302478,0.0697522
17501,0.0037820856,0.9962179
46295,0.86674064,0.13325939
23082,0.0038850887,0.99611485
39280,0.06242742,0.93757254
53146,0.7374707,0.2625293
59312,0.30965015,0.6903498
24738,0.71600336,0.28399664
57108,0.66303307,0.336967
53837,0.8929156,0.10708444
18855,0.0016800707,0.9983199
24627,0.030049207,0.9699508
20603,0.21434298,0.78565705
56696,0.84373194,0.15626812
48231,0.7191909,0.2808091
53063,0.95050126,0.049498767
49654,0.9418364,0.058163613
45208,0.9838816,0.016118368
26741,0.57534283,0.4246572
50666,0.85872704,0.14127295
13930,0.03301904,0.96698093
16111,0.0016023155,0.99839765
62360,0.944903,0.055096943
49187,0.91078246,0.08921753
39770,0.012973341,0.98702663
26245,0.008241155,0.9917589
47900,0.855892,0.14410797
28448,0.0031338632,0.99686617
26588,0.5909695,0.40903044
58887,0.46144408,0.5385559
44546,0.90191704,0.09808296
17633,0.00051691814,0.9994831
23057,0.0068460433,0.9931539
47945,0.45558557,0.5444144
9450,0.21364698,0.786353
47617,0.82381034,0.17618963
21632,0.03551423,0.96448576
59466,0.014265712,0.98573434
5369,0.68184686,0.3181531
49254,0.855108,0.14489195
15587,0.017723378,0.9822766
35565,0.62630856,0.37369147
62026,0.911816,0.08818403
8927,0.7762858,0.22371416
29152,0.03417718,0.9658229
55427,0.25374615,0.74625385
44826,0.97139806,0.028601903
29417,0.18637758,0.8136224
23552,0.016197043,0.9838029
6875,0.86445504,0.13554488
30858,0.12757644,0.8724235
27776,0.006069428,0.9939306
36011,0.022678494,0.97732157
42359,0.0049260156,0.995074
35881,0.04746626,0.9525337
9108,0.38635963,0.61364037
33770,0.3329075,0.6670925
26099,0.034378313,0.9656217
58180,0.9884532,0.011546791
32378,0.068729185,0.9312708
4161,0.67407835,0.32592162
16328,0.018834047,0.98116595
5535,0.22946988,0.7705301
28513,0.43456444,0.5654355
54969,0.91459954,0.0854005
9067,0.11198023,0.8880198
5592,0.8236541,0.17634591
12928,0.287594,0.71240604
33075,0.33561036,0.6643896
30201,0.089667365,0.9103327
46935,0.82018465,0.17981535
9824,0.6346412,0.36535886
20002,0.0040620584,0.99593794
11086,0.028461127,0.9715389
58961,0.64082843,0.35917154
8691,0.019493205,0.9805068
54040,0.6819179,0.3180821
55128,0.80712736,0.19287258
24592,0.0012820435,0.998718
48142,0.8563681,0.14363185
1549,0.7607703,0.23922968
19234,0.013814761,0.98618525
49222,0.9548481,0.045151923
8737,0.13122486,0.8687752
34450,0.7035429,0.2964571
64440,0.781518,0.21848203
56947,0.99412763,0.0058723325
31040,0.20498389,0.7950161
40212,0.19284897,0.8071511
6068,0.53849417,0.46150583
30591,0.009734026,0.9902659
13836,0.0024122028,0.9975878
28770,0.14955616,0.85044384
63328,0.37056422,0.6294358
13050,0.03534161,0.96465844
34908,0.7012356,0.29876435
11765,0.4587456,0.5412544
14794,0.073837705,0.92616236
21397,0.008606715,0.9913933
11280,0.019061944,0.98093814
19151,0.012632488,0.9873675
53442,0.11930551,0.8806945
64245,0.6649802,0.33501977
24926,0.16131394,0.838686
35098,0.35179392,0.64820606
16108,0.011543407,0.9884566
56161,0.96012694,0.039873045
33036,0.19735448,0.8026455
28220,0.038331833,0.96166813
65017,0.7633594,0.23664054
38638,0.18624192,0.8137581
6380,0.6955948,0.30440524
11165,0.11091137,0.88908863
23132,0.010645905,0.98935413
29004,0.20562941,0.79437065
33581,0.3804234,0.61957663
61516,0.94969213,0.050307896
53947,0.42461324,0.57538676
48137,0.94718313,0.052816898
27565,0.18889774,0.8111023
26898,0.0015288775,0.9984711
7676,0.74722254,0.2527775
8904,0.77800393,0.22199607
52230,0.6470609,0.3529391
11938,0.44112515,0.55887485
46001,0.8000225,0.19997746
29520,0.027874941,0.97212505
52610,0.85028845,0.14971162
4306,0.00899211,0.99100786
9217,0.69491166,0.3050883
32104,0.08456474,0.9154352
39196,0.009292011,0.990708
39549,0.009478995,0.99052095
35663,0.12604654,0.87395346
22076,0.17788833,0.82211167
35501,0.60129136,0.39870864
39271,0.11475538,0.8852446
30667,0.0032800664,0.9967199
44961,0.96763873,0.032361288
12735,0.07687952,0.92312044
16684,0.020737374,0.9792626
16810,0.0021907433,0.99780923
62791,0.79271877,0.2072812
9668,0.65122086,0.34877917
11303,0.01946063,0.9805393
42726,0.015373005,0.98462695
40296,0.0004122841,0.9995877
64777,0.7903063,0.20969363
30546,0.16679643,0.8332035
54279,0.57741266,0.42258734
41343,0.001963426,0.99803656
7287,0.18280716,0.81719285
48387,0.76060355,0.2393965
4362,0.006949318,0.9930507
47902,0.58055735,0.41944268
6626,0.37674573,0.62325424
29287,0.7330842,0.26691577
48434,0.8732895,0.1267104
33923,0.2650487,0.73495126
14988,0.15837389,0.8416261
41478,0.01552098,0.984479
7866,0.63213104,0.367869
14850,0.08756311,0.9124369
63413,0.05581376,0.9441863
40035,0.17744255,0.82255745
48807,0.9303849,0.06961512
25866,0.002735148,0.99726486
16836,0.0053059706,0.99469405
49942,0.7395261,0.26047388
25089,0.046136726,0.9538633
63725,0.6318374,0.36816257
62477,0.5051219,0.4948781
570,0.34533176,0.6546683
32862,0.7520718,0.2479282
47802,0.884236,0.11576404
38240,0.021211367,0.9787886
2468,0.79630864,0.20369141
4401,0.34274545,0.6572545
27461,0.038401432,0.9615986
31097,0.24904178,0.7509582
54677,0.77888095,0.221119
17977,0.018435227,0.9815648
32606,0.35801598,0.641984
64973,0.93171245,0.06828752
56064,0.9728468,0.027153207
38195,0.02235145,0.97764856
8445,0.84058815,0.15941188
27331,0.009675766,0.99032426
19596,0.010525903,0.9894741
65066,0.8746157,0.12538433
61680,0.9762137,0.023786293
50212,0.67224425,0.32775572
29237,0.028660132,0.9713399
44367,0.9357208,0.064279154
35735,0.33227277,0.66772723
37778,0.025909837,0.9740901
36829,0.0057814443,0.9942186
37721,0.047094274,0.9529057
26156,0.025031446,0.97496855
51891,0.9587588,0.041241225
42801,0.040484965,0.95951504
11158,0.0007309752,0.99926907
64807,0.8335676,0.1664323
34727,0.7623426,0.23765741
60778,0.25302762,0.7469724
8632,0.64635146,0.35364857
31938,0.030506944,0.969493
2799,0.69411695,0.30588305
11398,0.0036306735,0.99636936
24125,0.00063975604,0.99936026
309,0.11585083,0.8841492
21680,0.01826244,0.9817376
17845,0.009560288,0.99043965
60483,0.7469327,0.25306737
29293,0.07028468,0.9297153
51941,0.85521454,0.1447854
40782,0.13586168,0.8641383
18505,0.0024915675,0.9975084
6113,0.3033498,0.69665027
57416,0.95097774,0.049022257
37459,0.019772975,0.980227
30575,0.63244253,0.36755744
50315,0.82106286,0.17893715
39462,0.035139892,0.96486014
12307,0.18555847,0.81444156
34861,0.79340655,0.20659344
53127,0.7924732,0.20752683
10409,0.4620953,0.53790474
3108,0.6445976,0.3554024
213,0.82411474,0.17588526
31825,0.06394009,0.93605995
12823,0.44107383,0.55892617
50235,0.856134,0.14386602
46316,0.75924045,0.2407595
40270,0.00026434395,0.99973565
30964,0.6683695,0.33163047
46309,0.74192995,0.25807005
20314,0.003938532,0.9960615
62330,0.92438996,0.07561005
61494,0.6032245,0.39677542
54776,0.75305164,0.24694836
3758,0.87722015,0.12277982
46823,0.56992495,0.43007508
5351,0.53432417,0.46567583
54590,0.63545364,0.36454633
46101,0.9507623,0.04923767
48790,0.6836711,0.31632888
10915,0.34069255,0.6593074
55588,0.6674016,0.33259836
462,0.875318,0.124682084
36374,0.002456254,0.99754375
47205,0.76978964,0.23021032
46953,0.9506747,0.049325336
45141,0.52370995,0.47629005
48300,0.94443834,0.055561624
33898,0.39188832,0.60811174
12374,0.11734748,0.8826525
50566,0.9415668,0.058433235
25240,0.12057294,0.879427
59225,0.6026292,0.3973708
12375,0.43412122,0.56587875
59013,0.6863868,0.31361318
28414,0.014759986,0.98524
51717,0.70188767,0.2981123
41901,0.008595326,0.99140465
44710,0.9107413,0.089258656
14501,0.71558344,0.28441656
3802,0.2411745,0.7588255
27566,0.010624004,0.98937595
16673,0.0058121895,0.99418783
10383,0.0033016407,0.9966983
63871,0.67393005,0.32606995
26708,0.008523303,0.9914767
44159,0.7634479,0.23655212
52184,0.76180995,0.23819001
53234,0.62725395,0.37274602
50637,0.93608975,0.063910306
10418,0.39581755,0.6041824
25294,0.0016076639,0.9983923
47063,0.9436185,0.056381498
60561,0.27043602,0.729564
43636,0.73255664,0.26744336
21147,0.1552848,0.8447152
38291,0.078017026,0.921983
18769,0.00021047708,0.99978954
14921,0.45975384,0.5402461
4358,0.09777682,0.9022232
54363,0.7807312,0.2192688
43851,0.7418958,0.25810423
2185,0.7003125,0.29968745
53156,0.8044741,0.19552591
3493,0.42685157,0.5731485
3593,0.87953794,0.12046202
10246,0.5864183,0.41358176
42157,0.82846045,0.17153947
28827,0.049506295,0.9504937
48382,0.60192937,0.39807063
18589,0.00031042015,0.9996896
155,0.032331783,0.9676682
12898,0.022765499,0.9772345
50103,0.8392822,0.16071779
61610,0.6904445,0.3095555
26978,0.24926476,0.7507353
38758,0.02332298,0.97667706
63359,0.7188442,0.28115588
16113,0.0013132341,0.99868673
37562,0.018796895,0.98120314
9467,0.5699058,0.43009415
52182,0.587144,0.41285598
51603,0.4715801,0.5284199
41180,0.44632077,0.5536792
57763,0.97452843,0.025471538
45858,0.9450978,0.0549022
26896,0.0064304513,0.9935695
37968,0.0403762,0.9596238
41058,0.00608157,0.9939184
40073,0.015027616,0.9849724
34846,0.6251789,0.37482107
5195,0.5241526,0.4758474
30529,0.02727372,0.97272635
45139,0.83055425,0.16944578
11046,0.7477825,0.2522174
7169,0.9565343,0.04346569
39885,0.0079890005,0.992011
47846,0.9662444,0.03375565
29706,0.014887331,0.9851127
9547,0.3199896,0.6800104
28934,0.026468605,0.97353137
55587,0.6096202,0.39037976
28855,0.10406333,0.8959366
5011,0.50404716,0.4959528
56963,0.8721053,0.1278947
62233,0.9972018,0.0027982634
3808,0.2816525,0.71834743
35214,0.71741873,0.2825813
13210,0.08821336,0.9117867
10709,0.49264324,0.50735676
94,0.1662062,0.8337938
43602,0.9720438,0.027956134
4670,0.33341643,0.6665836
10374,0.06807,0.93193007
60426,0.4779829,0.5220171
14441,0.6865937,0.31340626
57076,0.89230305,0.10769693
46241,0.8466999,0.15330006
3630,0.013452104,0.9865479
2883,0.42714107,0.5728589
42058,0.046068918,0.95393115
7951,0.07965999,0.92033994
32848,0.4465539,0.5534461
14720,0.03229662,0.96770334
29320,0.58419526,0.4158047
16709,0.00067110034,0.999329
50006,0.56076103,0.43923894
12124,0.94693816,0.0530618
44871,0.9349447,0.06505535
59057,0.782941,0.21705908
27422,0.039560106,0.9604399
42301,0.063437305,0.93656266
35652,0.39098707,0.6090129
53447,0.9681636,0.03183642
58715,0.9265124,0.073487625
34151,0.27005556,0.72994447
7308,0.5487765,0.45122343
50853,0.78839684,0.21160316
52628,0.37839228,0.6216078
21446,0.074338295,0.9256617
38728,0.004284419,0.99571556
36950,0.012565593,0.98743445
37153,0.039245177,0.9607548
42697,0.024950244,0.9750498
53159,0.850771,0.14922898
6365,0.6427309,0.3572691
12480,0.0011079473,0.9988921
54892,0.9295902,0.070409775
19401,0.001321975,0.998678
6374,0.46964115,0.5303588
9282,0.03289566,0.9671044
28997,0.3706636,0.6293364
20567,0.42641327,0.5735867
35129,0.77535045,0.2246495
22007,0.18637693,0.813623
37748,0.028247572,0.9717524
3145,0.43975067,0.5602493
51297,0.9623281,0.037671883
50822,0.5156039,0.4843961
25091,0.11425747,0.88574255
6295,0.6896842,0.31031576
44355,0.8272942,0.17270583
20264,0.00034021455,0.9996598
51805,0.8516309,0.14836907
23615,0.0012423949,0.9987576
25960,0.008087363,0.9919126
32618,0.06988286,0.9301171
15138,0.0383792,0.9616208
34710,0.37900525,0.62099475
48305,0.80520236,0.1947976
30926,0.0342596,0.9657403
61335,0.90429974,0.095700316
7570,0.66220456,0.33779544
37725,0.0073901867,0.9926098
53105,0.7665108,0.23348922
3564,0.031267986,0.968732
13481,0.05738696,0.942613
43642,0.99397165,0.006028386
53453,0.6347735,0.36522654
56350,0.9336742,0.06632575
43695,0.7333401,0.26665992
39367,0.18493083,0.8150692
34599,0.9530458,0.04695417
14189,0.019681511,0.9803185
59657,0.6944015,0.30559856
1204,0.4900104,0.50998956
8473,0.2915533,0.7084467
45198,0.7103502,0.28964975
31941,0.114225894,0.88577414
41489,0.15861839,0.84138155
60795,0.66865635,0.33134365
50229,0.7519098,0.2480902
22227,0.13277505,0.86722493
23196,0.010954513,0.9890455
31728,0.06060924,0.9393907
61733,0.95256984,0.04743016
53536,0.79986054,0.20013939
44012,0.5196215,0.48037857
32989,0.28206518,0.71793485
8706,0.036346257,0.96365374
34856,0.5045509,0.4954492
36789,0.00850545,0.99149454
48198,0.9260785,0.0739215
16776,0.030868543,0.96913147
42142,0.23150791,0.7684921
35368,0.19688667,0.80311334
43477,0.91461575,0.085384205
8013,0.7379112,0.26208875
26286,0.014172886,0.9858271
41611,0.045341652,0.9546584
47901,0.7522139,0.24778612
62873,0.74452055,0.25547943
44819,0.9395675,0.060432468
45224,0.88778615,0.11221381
35916,0.0027855202,0.9972145
44491,0.89566964,0.10433041
48014,0.65009546,0.3499045
62830,0.9633689,0.036631048
5832,0.8192224,0.18077762
40085,0.023774238,0.97622573
23379,0.2962566,0.70374334
24870,0.062849805,0.93715024
34925,0.62192357,0.3780764
15944,0.018573482,0.98142654
57114,0.23107132,0.76892865
41227,0.047140446,0.9528596
55482,0.36593118,0.63406885
40847,0.19641325,0.8035867
30310,0.117428295,0.88257164
8146,0.82083005,0.17916997
775,0.20710726,0.7928927
53682,0.2045043,0.7954957
37767,0.049661897,0.9503381
14288,0.09225521,0.9077448
12550,0.39797682,0.6020232
37030,0.41396135,0.58603865
50869,0.60159904,0.39840096
21109,0.45262,0.54738
20224,0.040776238,0.9592237
42107,0.1652232,0.8347768
46393,0.87495786,0.12504217
4364,0.3156603,0.68433976
54883,0.46378767,0.53621227
50472,0.71382296,0.2861771
1795,0.919844,0.080156006
45984,0.7471755,0.25282454
38089,0.009151796,0.9908482
788,0.84223807,0.15776192
22858,0.007243475,0.99275655
60981,0.9399701,0.06002988
56782,0.98915595,0.010844054
21637,0.18149196,0.818508
40853,0.008793107,0.99120694
51183,0.56437975,0.4356202
30084,0.6110346,0.38896543
14514,0.63856536,0.36143467
8988,0.27783644,0.72216356
45550,0.8260397,0.17396031
41466,0.07598341,0.9240166
38242,0.023256607,0.97674334
8624,0.19604848,0.80395156
52614,0.7341242,0.26587585
55182,0.48212865,0.5178714
10891,0.78512114,0.21487883
41926,0.03087414,0.96912587
2438,0.58976024,0.41023973
55237,0.48825034,0.5117496
35528,0.5125767,0.48742327
17394,0.0025804217,0.9974196
3044,0.065254554,0.9347455
15778,0.0005214136,0.99947864
54088,0.27983344,0.72016656
56314,0.6903326,0.30966738
15431,0.8484553,0.1515447
31464,0.0752426,0.9247574
7009,0.60101664,0.39898333
8232,0.23753062,0.76246935
26864,0.0046363724,0.9953636
7904,0.070427775,0.92957217
19191,0.026058767,0.9739412
31849,0.14869054,0.8513095
26053,0.036365464,0.9636345
26956,0.65311307,0.34688696
25268,0.15441033,0.84558964
9055,0.08508176,0.91491824
62817,0.85796815,0.14203177
39146,0.00048365843,0.99951637
21282,0.31571713,0.68428284
18518,0.0017626808,0.99823725
34703,0.53792816,0.46207184
6156,0.5176884,0.48231158
50497,0.88846326,0.11153671
60419,0.37963688,0.6203631
5739,0.5741337,0.42586625
36835,0.01858402,0.981416
60307,0.31684563,0.6831544
15079,0.42375293,0.57624704
44493,0.84377027,0.1562297
19133,0.0026886605,0.99731135
26181,0.0032711148,0.9967289
19735,0.006744558,0.9932554
54691,0.78916204,0.21083792
51318,0.7895475,0.2104525
1310,0.63735104,0.36264896
41647,0.15984184,0.84015816
60932,0.67449576,0.32550427
43813,0.9461313,0.05386872
16652,0.08911005,0.91089
2670,0.85136867,0.14863132
55753,0.656588,0.34341192
41882,0.014070862,0.9859291
44572,0.90828896,0.091711074
61098,0.97006613,0.029933916
10567,0.73087317,0.2691268
62879,0.7526442,0.24735576
20659,0.101087086,0.89891297
63032,0.35207364,0.6479264
30155,0.10646537,0.89353466
40171,0.031114828,0.9688852
46048,0.76035273,0.23964728
8593,0.5045681,0.49543187
50592,0.7877585,0.21224152
39212,0.00035260242,0.9996474
27765,0.0055802646,0.99441975
29346,0.030375535,0.96962446
14804,0.74288404,0.257116
32242,0.08259818,0.91740185
63070,0.79283756,0.20716248
61324,0.8155284,0.18447162
1639,0.89095163,0.10904837
48461,0.96802616,0.031973865
63356,0.6096133,0.39038676
7853,0.4175189,0.5824811
48999,0.9230312,0.076968774
3011,0.60525554,0.3947445
14008,0.63558316,0.3644169
1388,0.8917715,0.10822857
45708,0.9719464,0.028053572
12648,0.036458172,0.96354187
7488,0.68380916,0.31619084
21219,0.9488866,0.051113404
426,0.49342072,0.5065793
31605,0.33454183,0.6654582
19713,0.026874043,0.9731259
56724,0.9710433,0.028956702
35163,0.4302801,0.5697199
30560,0.553464,0.44653603
25583,0.10126027,0.8987397
52975,0.64738584,0.35261416
43158,0.022387808,0.97761226
9704,0.013187617,0.9868124
56504,0.9519821,0.04801793
43486,0.94940203,0.050597988
4545,0.6009171,0.3990829
32924,0.22077,0.77923
47598,0.8969019,0.1030981
56511,0.9184343,0.081565715
26689,0.002480367,0.99751955
59421,0.3792878,0.62071216
9012,0.29338267,0.70661736
31050,0.6917089,0.30829105
54639,0.6489779,0.35102215
27800,0.01995428,0.9800457
30483,0.014433357,0.9855666
60804,0.6489734,0.35102665
26247,0.09702048,0.9029795
58151,0.9961623,0.0038377503
57401,0.2629516,0.7370483
26949,0.7259245,0.27407554
30936,0.010651953,0.98934805
2304,0.7944657,0.2055343
58924,0.45080888,0.5491911
36288,0.035566397,0.9644336
64736,0.8578631,0.1421368
25905,0.008074814,0.9919252
25287,0.003412017,0.996588
10829,0.8599398,0.14006013
16581,0.0006909431,0.99930906
63553,0.40148875,0.5985113
35631,0.5435982,0.4564018
19374,0.015500905,0.98449916
7798,0.12322327,0.87677675
43864,0.93306845,0.06693162
56367,0.9628748,0.037125174
739,0.3722819,0.62771815
18657,0.000610748,0.9993893
18709,0.00067411823,0.9993259
45825,0.9761973,0.023802647
29927,0.20671181,0.79328823
22414,0.22348563,0.7765144
9069,0.4346531,0.5653469
57924,0.9855622,0.01443776
51491,0.8623991,0.1376009
7186,0.12739913,0.87260085
35867,0.05778515,0.9422149
17219,0.0006677745,0.99933225
43569,0.6946264,0.30537358
31139,0.09241463,0.9075853
44195,0.93052155,0.06947849
19620,0.0029557717,0.99704427
53445,0.60131496,0.39868507
64063,0.7906627,0.20933726
63004,0.84526664,0.15473333
57350,0.9879076,0.01209238
13964,0.0670267,0.93297327
11500,0.55759186,0.44240814
43188,0.06932516,0.93067485
58523,0.97460866,0.025391322
33131,0.47007275,0.52992725
51432,0.7768382,0.22316179
3856,0.55220354,0.4477965
27058,0.0035969338,0.9964031
36210,0.028072331,0.9719277
59442,0.64856267,0.3514373
14595,0.58136165,0.41863832
841,0.4310133,0.5689867
46400,0.965771,0.03422893
24247,0.0019474418,0.9980526
59032,0.046714257,0.9532858
20157,0.000881715,0.99911827
8465,0.6996309,0.30036905
64161,0.7959378,0.20406216
60239,0.6483029,0.3516971
28551,0.05418977,0.9458102
29066,0.046258863,0.95374113
12072,0.008254967,0.99174505
60093,0.8587324,0.1412676
5568,0.6465585,0.35344145
23920,0.0035569677,0.996443
29877,0.0065749115,0.99342513
21930,0.39925647,0.60074353
54144,0.65651464,0.34348536
43126,0.012865166,0.9871349
62221,0.78588486,0.21411514
17238,0.025300063,0.9747
14969,0.0015483408,0.9984516
36671,0.041936558,0.9580634
17817,0.017436096,0.9825639
2546,0.40885627,0.5911437
50075,0.8518605,0.1481395
53460,0.968936,0.031063959
32091,0.34433866,0.6556613
64204,0.9362981,0.06370191
53675,0.8444209,0.15557909
39508,0.16891587,0.8310842
17482,0.0030625868,0.9969374
23813,0.005082173,0.99491787
18905,0.001540007,0.99846005
62439,0.9526295,0.047370475
26859,0.0034762016,0.9965238
25000,0.0018165099,0.9981834
65033,0.748329,0.25167102
50503,0.9311104,0.06888962
42813,0.09651767,0.9034824
1873,0.91539705,0.084602915
24999,0.020072978,0.97992694
9479,0.16757941,0.8324206
14193,0.18041448,0.81958556
19791,0.0012290746,0.9987709
28193,0.013007064,0.98699296
42889,0.07550863,0.92449135
50258,0.83739144,0.1626086
14976,0.4425378,0.5574622
56505,0.95437413,0.04562588
30662,0.010918572,0.9890814
23454,0.0022234947,0.99777645
62623,0.5200203,0.47997972
25745,0.5653286,0.43467143
57443,0.9891375,0.010862451
47747,0.613293,0.386707
62677,0.9608399,0.039160058
26709,0.02183596,0.9781641
29533,0.05779553,0.9422044
28360,0.3206564,0.67934364
18276,0.15661557,0.84338444
32504,0.17263727,0.8273627
16489,0.002848342,0.9971517
64515,0.8474658,0.15253422
22662,0.0064148195,0.99358517
32200,0.29321197,0.706788
7185,0.53747255,0.46252748
7663,0.31005028,0.68994975
50640,0.8275668,0.17243315
30746,0.004192432,0.9958075
19718,0.00365698,0.99634296
59827,0.8806313,0.11936864
56581,0.8939469,0.10605307
50061,0.9681065,0.031893525
24714,0.33126247,0.66873753
18544,0.0013247132,0.9986753
54187,0.86784166,0.13215826
16106,0.004382713,0.9956173
18735,0.00054669165,0.99945337
32715,0.13167202,0.8683279
48802,0.8667729,0.13322714
14756,0.004429881,0.9955701
61558,0.52815163,0.4718484
31773,0.10568693,0.89431304
14556,0.4602576,0.53974247
41011,0.00692221,0.9930779
63193,0.10514562,0.89485437
36017,0.6538337,0.34616628
26827,0.15985687,0.8401431
45690,0.8917234,0.10827663
5231,0.6099043,0.39009565
45388,0.84917796,0.15082206
6575,0.8019921,0.19800793
32492,0.037424415,0.96257555
60346,0.3666058,0.6333942
17936,0.0032151088,0.9967849
60473,0.45283008,0.54717
497,0.95102704,0.048972983
36134,0.005828604,0.9941713
20292,0.00020624443,0.9997938
56077,0.8620567,0.13794333
61698,0.9627181,0.03728185
64935,0.72904366,0.2709564
26569,0.31538567,0.6846143
51647,0.8729758,0.12702414
47129,0.72576207,0.2742379
38678,0.027662864,0.9723371
27141,0.009224385,0.99077564
10338,0.2953784,0.7046216
53272,0.67119616,0.3288038
42816,0.038558096,0.96144193
19229,0.027614795,0.9723852
45355,0.80207485,0.19792517
23224,0.0018830874,0.99811697
3768,0.3506914,0.64930856
34984,0.5394823,0.46051767
35061,0.46973044,0.53026956
44440,0.86813134,0.13186863
40883,0.010536183,0.9894638
48511,0.74466264,0.25533733
19662,0.38900056,0.61099946
16611,0.0027011556,0.9972989
12741,0.7459752,0.25402483
5775,0.78143823,0.21856183
22193,0.0023402793,0.9976597
276,0.46352062,0.5364794
24585,0.0021409243,0.99785906
56686,0.9842711,0.015728893
11625,0.05773224,0.94226784
46619,0.7113658,0.28863418
60354,0.2738195,0.7261805
15844,0.0023003467,0.9976997
38119,0.0036861415,0.99631387
57208,0.3927259,0.60727406
49230,0.528327,0.47167304
42602,0.45463774,0.5453623
19025,0.006484318,0.99351573
20207,0.021502325,0.9784977
19965,0.004151256,0.9958488
23306,0.003279755,0.99672025
28918,0.023381243,0.9766187
13581,0.34119448,0.65880555
35111,0.77195287,0.22804716
11794,0.08491818,0.9150818
41208,0.15958495,0.84041506
34273,0.22752261,0.7724774
64500,0.86144847,0.13855155
35472,0.7575671,0.24243292
56735,0.9499423,0.050057676
52924,0.247963,0.752037
39905,0.00018500934,0.99981505
55087,0.3745756,0.62542444
22039,0.48427704,0.51572293
4151,0.47553012,0.52446985
7784,0.50901,0.49098998
60727,0.5137574,0.48624265
52,0.051715884,0.94828415
40789,0.04540361,0.95459634
57580,0.9998592,0.00014082293
21785,0.0052772076,0.99472284
52136,0.7403023,0.25969768
51105,0.95997256,0.04002746
53324,0.7389055,0.26109445
59596,0.9902576,0.009742396
24457,0.0009058465,0.9990941
39085,0.03382883,0.96617115
36147,0.010159315,0.9898407
57664,0.99979085,0.00020913078
37498,0.067007,0.932993
5541,0.82737094,0.17262903
54185,0.8692619,0.13073805
10474,0.019601608,0.98039836
19922,0.0008054856,0.99919456
42493,0.16933268,0.83066726
42670,0.089456424,0.9105435
51006,0.4646468,0.53535324
23374,0.0059481864,0.99405175
42095,0.020952892,0.9790471
46185,0.9361191,0.06388096
109,0.040638726,0.95936126
59168,0.24900131,0.7509987
2613,0.7332906,0.26670936
63978,0.9650272,0.034972824
8139,0.9132362,0.08676374
52598,0.86642957,0.13357049
49291,0.8974925,0.10250742
19621,0.0007596134,0.9992404
34299,0.3113918,0.6886082
56659,0.888805,0.11119501
8368,0.66556686,0.33443317
42207,0.049788065,0.95021194
57095,0.7070203,0.29297972
58978,0.47436118,0.5256388
54780,0.44659308,0.5534069
60084,0.7466552,0.25334474
36384,0.07666078,0.92333925
51450,0.8221606,0.17783944
61788,0.8544815,0.14551851
49997,0.9885141,0.011485888
38415,0.032084126,0.96791583
18109,0.0065746466,0.99342537
384,0.82405645,0.17594352
184,0.29049546,0.7095045
29651,0.37307483,0.6269252
12132,0.45463243,0.5453676
56529,0.78903896,0.21096101
55872,0.21852796,0.78147197
18654,0.00052207476,0.9994779
60757,0.48830122,0.5116988
11940,0.27885962,0.7211404
2968,0.6422705,0.35772952
21450,0.0040104208,0.9959896
12484,0.01212475,0.9878753
23129,0.0031416158,0.99685836
38386,0.031792723,0.9682073
9274,0.110683516,0.88931644
14003,0.010066965,0.989933
13854,0.0037248926,0.9962752
55375,0.21013252,0.7898675
53977,0.47589716,0.5241028
11421,0.028350122,0.9716499
23259,0.0018984337,0.99810153
14949,0.00663258,0.9933674
21164,0.082795456,0.91720456
18290,0.0015080579,0.9984919
15583,0.008548501,0.99145156
55723,0.76949483,0.23050515
34226,0.31425485,0.6857452
25739,0.15188037,0.8481196
26515,0.31799808,0.68200195
27689,0.0024869237,0.99751306
64420,0.8185768,0.18142319
53525,0.1875294,0.8124706
25845,0.087792546,0.9122075
14942,0.7705611,0.22943889
30050,0.0322128,0.9677872
43783,0.86369175,0.13630825
9874,0.49294716,0.50705284
18571,0.0019217054,0.99807835
41914,0.77287716,0.22712284
16977,0.0023529464,0.9976471
11343,0.34326306,0.65673697
58836,0.5453258,0.45467418
28813,0.6129014,0.3870986
35888,0.006725996,0.993274
20875,0.033263307,0.9667367
64521,0.93473876,0.06526131
53814,0.79771036,0.20228964
1468,0.859667,0.14033303
48997,0.6138087,0.38619134
6923,0.5707764,0.42922363
5565,0.7075437,0.2924563
22301,0.17462523,0.8253748
52118,0.8225411,0.17745896
13123,0.1103171,0.8896829
47221,0.9106691,0.08933091
15965,0.022962414,0.97703755
43574,0.8651479,0.13485211
18680,0.0002072984,0.99979275
23696,0.03239682,0.9676032
62247,0.83170176,0.16829826
30376,0.037541695,0.9624584
58398,0.98241514,0.017584862
38397,0.037206545,0.9627935
42324,0.029211072,0.9707889
45492,0.8776716,0.122328416
58640,0.8525819,0.14741807
40999,0.006841156,0.9931589
28858,0.0043368847,0.9956631
55966,0.9462616,0.05373846
8105,0.028707698,0.9712923
10837,0.383872,0.616128
29419,0.018501235,0.9814988
64261,0.8340133,0.16598672
51180,0.9636204,0.036379557
1125,0.17552045,0.8244796
49540,0.83350486,0.16649517
42960,0.09595833,0.90404165
34887,0.87329644,0.12670352
6713,0.31158426,0.6884157
54029,0.81204027,0.18795975
5031,0.65631694,0.34368306
34419,0.92008185,0.07991819
54812,0.89716065,0.10283932
41766,0.11066863,0.8893314
52309,0.68770856,0.3122914
17840,0.00090832356,0.99909174
50314,0.92636836,0.073631644
37289,0.02920169,0.9707983
16092,0.00043011687,0.99956983
3322,0.9531989,0.04680103
33335,0.27120626,0.7287938
20783,0.7485126,0.2514874
5702,0.5526702,0.4473298
3503,0.9258187,0.07418128
27836,0.019629808,0.98037016
34368,0.10474638,0.89525366
56656,0.8542313,0.14576872
51257,0.8352772,0.16472279
26629,0.31511438,0.6848856
54672,0.5659389,0.43406108
55081,0.8582047,0.14179523
41123,0.030546943,0.9694531
56938,0.96905655,0.03094347
21128,0.26554835,0.7344516
14099,0.0025492955,0.99745065
16846,0.005980432,0.9940196
36482,0.0010205304,0.9989794
34986,0.9704399,0.029560061
65101,0.4429553,0.5570447
64852,0.7985964,0.2014036
56865,0.9937203,0.006279771
46356,0.5895443,0.4104557
37119,0.0097992215,0.9902008
166,0.062214915,0.93778515
62810,0.15304947,0.84695053
19176,0.010140802,0.98985916
4816,0.62579185,0.37420815
56354,0.8845392,0.11546078
5604,0.7811657,0.2188343
3822,0.22643594,0.77356404
11366,0.22321595,0.776784
30012,0.0017229813,0.99827707
4145,0.47041252,0.5295875
3226,0.92541355,0.07458648
32903,0.36521155,0.6347885
9305,0.5303752,0.46962485
5262,0.7557715,0.24422847
17929,0.013398836,0.9866012
40700,0.035763316,0.9642366
8656,0.59602684,0.40397316
17606,0.027382119,0.9726178
24567,0.0033661185,0.99663395
13713,0.69662946,0.30337054
22895,0.0011785676,0.99882144
46994,0.84534836,0.15465167
3914,0.47509816,0.5249018
41362,0.014677151,0.98532283
62608,0.6414586,0.3585414
15645,0.15285069,0.8471493
13420,0.31905016,0.68094987
42388,0.76711136,0.23288861
57539,0.9998715,0.00012848107
54349,0.9065203,0.093479715
25966,0.0024429883,0.99755704
42618,0.0240414,0.9759586
40736,0.15567043,0.8443296
62167,0.84672016,0.15327983
59119,0.77758795,0.22241202
61187,0.9462095,0.053790532
53204,0.65535784,0.3446421
53028,0.8503293,0.1496707
63824,0.79136115,0.20863883
25759,0.786306,0.21369405
64174,0.5370367,0.46296328
43278,0.9353874,0.0646126
19816,0.002831936,0.9971681
15957,0.032368597,0.96763146
59338,0.5994424,0.4005576
34338,0.1877751,0.81222486
16248,0.0041095978,0.99589044
38831,0.033570535,0.9664295
61277,0.79271877,0.2072812
60633,0.29430908,0.7056909
27060,0.014778402,0.98522156
52111,0.9290172,0.07098286
45765,0.49782684,0.5021732
25135,0.003849987,0.99615
2896,0.049360916,0.9506391
50240,0.93863153,0.061368436
34270,0.19397858,0.8060214
28783,0.17538296,0.824617
7540,0.25771692,0.7422831
59719,0.53875947,0.46124056
576,0.2425075,0.7574925
40768,0.22622569,0.7737743
54302,0.7931464,0.20685357
60828,0.78860235,0.21139766
16026,0.017001983,0.982998
51072,0.88145256,0.11854739
52967,0.97806567,0.021934379
22438,0.4887273,0.51127267
54425,0.851279,0.14872096
7557,0.83379894,0.16620104
53876,0.6375899,0.3624101
19463,0.015339896,0.9846601
57226,0.8895939,0.11040613
63164,0.96753937,0.03246068
47110,0.38791192,0.612088
10210,0.13750416,0.86249584
25245,0.018786987,0.98121303
32102,0.8921402,0.107859805
64035,0.9274234,0.072576545
64412,0.8444957,0.15550427
56328,0.9794041,0.020595841
44068,0.9448335,0.055166457
51664,0.5621969,0.43780303
31090,0.01363084,0.98636913
61748,0.8276512,0.17234884
42288,0.20804267,0.79195726
1041,0.42603767,0.57396233
26127,0.008837129,0.9911629
49700,0.9535114,0.046488617
17960,0.004629235,0.9953708
24281,0.0027506233,0.9972493
19037,0.0039937044,0.9960063
38426,0.0010723354,0.99892765
59870,0.6814303,0.3185697
10528,0.67630666,0.32369334
62397,0.8013905,0.19860953
30550,0.35881382,0.6411862
11643,0.007218801,0.9927812
25710,0.06276199,0.937238
62404,0.9974832,0.0025168785
51229,0.6788316,0.32116845
48578,0.21071285,0.78928715
43200,0.056437116,0.94356287
63072,0.9895141,0.01048584
27951,0.020557387,0.97944266
42407,0.7498689,0.25013107
24765,0.16707087,0.8329291
41952,0.0015908063,0.9984092
12739,0.040310066,0.95969
38719,0.0027376893,0.99726236
53639,0.7694599,0.2305401
38428,0.0024634723,0.99753654
13782,0.0036436145,0.99635637
5745,0.71169794,0.28830203
47394,0.90040016,0.099599786
53821,0.6906595,0.3093405
17417,0.00064516364,0.9993548
51136,0.74462956,0.25537047
45015,0.9276868,0.07231316
63483,0.67019594,0.3298041
25771,0.36046866,0.6395314
34017,0.57694465,0.42305532
40989,0.24891955,0.75108045
26933,0.5319143,0.46808568
51145,0.88698834,0.11301166
8759,0.2251451,0.77485484
34228,0.40026134,0.59973866
35018,0.7667979,0.23320207
3673,0.119366735,0.8806333
64800,0.7930388,0.20696124
13257,0.12923518,0.87076485
60501,0.21108928,0.78891075
49192,0.82756424,0.17243575
13353,0.07706399,0.922936
31109,0.14821492,0.8517851
19741,0.002665703,0.99733436
11316,0.02704142,0.9729586
24392,0.00040104092,0.9995989
32274,0.11604816,0.8839519
60314,0.28870437,0.7112956
32845,0.24794862,0.75205135
29160,0.007222328,0.99277765
12624,0.7022235,0.2977765
14694,0.0042668055,0.9957332
6461,0.93090755,0.06909244
20563,0.5666084,0.4333916
53945,0.7108032,0.28919676
47537,0.83657587,0.16342415
45795,0.8634037,0.13659637
4735,0.14205165,0.85794836
13705,0.04004351,0.9599565
48739,0.7251573,0.27484274
62399,0.67449576,0.32550427
16672,0.00077054056,0.99922943
50107,0.93457085,0.06542913
33516,0.22332266,0.77667737
33747,0.23406085,0.7659391
24547,0.00064575515,0.9993543
32766,0.23435526,0.7656447
35431,0.2225336,0.77746636
35922,0.050843097,0.94915694
45986,0.90241677,0.09758326
28537,0.058250293,0.9417497
64170,0.8410182,0.15898179
57113,0.87602466,0.12397531
228,0.6299512,0.37004882
8821,0.47398987,0.52601016
44397,0.6894914,0.31050864
47894,0.5380921,0.4619079
21598,0.05643722,0.94356275
61767,0.6500043,0.34999567
10732,0.09153254,0.9084675
55144,0.35571212,0.6442879
38940,0.004269461,0.9957306
59860,0.31001076,0.68998927
23102,0.023561725,0.97643834
58807,0.93629116,0.063708834
35260,0.66376746,0.3362326
34393,0.83686227,0.16313775
18856,0.0013117791,0.9986883
44732,0.9236114,0.07638857
26626,0.6386997,0.36130023
5294,0.6975159,0.30248407
63489,0.7169607,0.28303933
61378,0.9067592,0.0932408
47290,0.92221034,0.07778969
48377,0.9632793,0.03672064
30684,0.10289082,0.8971092
51512,0.90394914,0.09605086
46845,0.617836,0.38216397
27409,0.08362373,0.91637623
58674,0.88401496,0.115985066
11842,0.017825698,0.9821743
10292,0.5149853,0.48501474
17164,0.00447902,0.99552095
3137,0.33260787,0.66739213
443,0.7860496,0.21395041
44001,0.54691464,0.45308542
8715,0.36929896,0.63070107
45735,0.8134155,0.18658447
19182,0.016484171,0.9835158
51918,0.93229586,0.06770411
40691,0.0014888296,0.99851114
12320,0.35065836,0.64934164
2998,0.78439397,0.215606
3952,0.0081489775,0.99185103
15296,0.39819625,0.6018037
46320,0.7782539,0.22174609
51996,0.9248871,0.075112894
1511,0.33617592,0.6638241
32234,0.010528521,0.98947155
12984,0.8891934,0.110806555
47992,0.46085647,0.5391435
61962,0.83581275,0.16418722
2630,0.73637605,0.26362398
46918,0.5107968,0.48920318
8951,0.52629995,0.47370002
25560,0.65014404,0.34985593
45460,0.90659827,0.09340176
56414,0.95113397,0.048865955
37203,0.3815145,0.6184855
35566,0.795836,0.20416398
24828,0.3889382,0.6110618
28244,0.38005742,0.6199426
51186,0.95452815,0.045471903
63575,0.9259786,0.07402133
64846,0.72227186,0.27772808
9816,0.16468133,0.83531874
59757,0.8258595,0.17414056
59217,0.42696017,0.5730399
64570,0.8781306,0.1218694
17866,0.014848708,0.98515135
7648,0.7556097,0.24439026
27474,0.15484777,0.8451522
38366,0.013569743,0.9864303
18714,0.0012228098,0.9987772
60967,0.9145764,0.085423574
7670,0.4639041,0.53609586
38430,0.44444653,0.5555535
13823,0.26979566,0.73020434
7722,0.9331913,0.066808686
58026,0.9503322,0.049667846
21295,0.039572008,0.96042806
55953,0.9728511,0.027148852
29079,0.06592571,0.9340743
52053,0.63874996,0.36125004
31887,0.2834545,0.71654546
24138,0.0120815,0.98791856
18906,0.008506737,0.9914932
35296,0.565817,0.43418297
40473,0.0012920806,0.9987079
49250,0.8055206,0.19447939
33093,0.5426193,0.45738068
1501,0.56345546,0.43654448
27883,0.0034601728,0.99653983
58102,0.9907486,0.009251434
41132,0.015268598,0.98473144
37696,0.0030783184,0.9969216
51304,0.943495,0.05650499
20003,0.003534613,0.9964653
27130,0.01774105,0.9822589
33218,0.21210212,0.7878979
35139,0.39738265,0.6026173
62673,0.84825283,0.1517472
38108,0.002248393,0.99775165
42846,0.058488335,0.94151163
44559,0.92312384,0.07687616
26434,0.14472061,0.8552793
2157,0.6860315,0.3139685
31417,0.08401565,0.9159843
45403,0.96004784,0.0399522
56428,0.8701147,0.12988527
63033,0.43096018,0.5690399
28163,0.013050342,0.9869496
11217,0.6075022,0.39249775
13748,0.64687735,0.35312262
33852,0.559855,0.44014502
56718,0.98195964,0.018040335
12411,0.0042636227,0.99573636
8420,0.71284676,0.28715324
39140,0.0026933467,0.9973067
7061,0.09489528,0.9051047
42335,0.14263418,0.85736585
7868,0.12303343,0.8769666
8282,0.41168648,0.5883135
41610,0.019806545,0.98019344
28738,0.0032929452,0.99670714
8874,0.67371106,0.32628897
17507,0.017869247,0.9821308
32916,0.403948,0.596052
13773,0.03941153,0.9605885
24809,0.06917404,0.93082595
11811,0.9076538,0.09234617
40598,0.04553917,0.9544608
5202,0.8961385,0.103861526
54335,0.6403103,0.35968965
2637,0.32184947,0.67815053
21090,0.08984618,0.9101538
3747,0.21363813,0.7863619
22874,0.0012175791,0.99878246
63142,0.94918954,0.050810453
33070,0.34101003,0.65898997
46811,0.9455757,0.054424293
59462,0.10821014,0.89178985
61166,0.589441,0.410559
44478,0.9760031,0.023996899
17506,0.0058744457,0.9941255
56541,0.92946815,0.07053184
50152,0.21845725,0.7815428
63385,0.32636777,0.67363226
168,0.6885789,0.31142116
37905,0.011288325,0.9887117
36884,0.53924817,0.46075186
44930,0.9758498,0.024150176
24187,0.01791013,0.9820899
47433,0.9427293,0.057270654
12534,0.0344907,0.96550924
3398,0.28787336,0.7121267
13011,0.23656088,0.7634391
48840,0.91209114,0.08790886
57041,0.96643764,0.03356237
2763,0.46498898,0.53501105
2531,0.20123753,0.79876244
60735,0.38694945,0.6130505
49631,0.8500596,0.14994039
24493,0.026474526,0.97352546
38128,0.0056139026,0.9943861
19405,0.00071325747,0.9992867
13473,0.050700314,0.9492997
50948,0.68784326,0.31215674
6259,0.07435067,0.9256493
65195,0.87371933,0.12628067
4069,0.100430824,0.8995691
31407,0.20399071,0.79600924
8849,0.5179627,0.4820373
58432,0.94661236,0.05338769
61506,0.67663616,0.32336384
56045,0.9411472,0.058852784
37532,0.023931017,0.976069
62654,0.9471257,0.052874323
171,0.12040776,0.87959224
49808,0.8686932,0.13130677
63537,0.49189913,0.50810087
35597,0.8308983,0.16910169
9025,0.5898533,0.41014668
53524,0.75874007,0.24125998
49853,0.8234047,0.17659521
33595,0.3074484,0.6925516
17726,0.014881193,0.9851188
50764,0.77772146,0.22227855
37280,0.0007876873,0.99921227
49960,0.74292886,0.25707114
16104,0.0009403429,0.9990596
10772,0.61412156,0.3858784
49558,0.67065454,0.3293455
20088,0.0010236923,0.99897635
61248,0.6630705,0.33692953
31272,0.15366136,0.8463386
46852,0.53847444,0.46152556
8694,0.43508047,0.56491953
5305,0.50445783,0.4955422
21757,0.005852954,0.99414706
2872,0.43932658,0.5606734
24075,0.0011767762,0.9988232
37012,0.42779392,0.5722061
13275,0.12298665,0.8770133
57965,0.9532413,0.046758763
35200,0.8652988,0.13470116
57827,0.9845308,0.015469238
48704,0.60162425,0.39837572
50275,0.96450216,0.03549788
45443,0.62378263,0.37621737
45610,0.80186284,0.19813713
45813,0.4094956,0.5905044
51057,0.9321549,0.067845136
12729,0.00814507,0.9918549
29840,0.009807641,0.9901924
13925,0.48670608,0.5132939
64029,0.87296426,0.1270357
58372,0.966099,0.033900987
8308,0.17290159,0.82709837
43682,0.9056962,0.09430377
51568,0.83069694,0.16930306
62815,0.6063536,0.39364648
62054,0.8535456,0.14645441
4847,0.2877715,0.71222854
1375,0.6707887,0.32921126
24004,0.013913313,0.9860867
17267,0.0012130319,0.998787
7209,0.7543351,0.24566486
35246,0.35207364,0.6479264
29657,0.08575125,0.91424876
30843,0.00942969,0.9905703
25389,0.014305818,0.9856941
7955,0.27627444,0.72372556
60489,0.50763816,0.49236187
42982,0.06109824,0.9389017
3925,0.50184906,0.4981509
64673,0.82880145,0.17119853
18635,0.0003949002,0.9996051
208,0.38521475,0.61478525
47476,0.9645389,0.035461158
64959,0.39555547,0.6044445
6178,0.22941291,0.7705871
18097,0.0014475212,0.9985525
53488,0.81756496,0.18243502
44914,0.9636471,0.036352854
29993,0.017502356,0.98249763
60049,0.18440141,0.8155986
32840,0.42791137,0.57208866
38355,0.07512719,0.9248729
6076,0.45153648,0.5484635
28720,0.000795158,0.9992048
24259,0.00070626254,0.9992937
52727,0.84022766,0.15977232
14637,0.08802304,0.911977
12680,0.0019295831,0.9980704
5714,0.8686694,0.13133061
32065,0.16441192,0.83558804
36139,0.0035146181,0.99648535
23333,0.0026461615,0.9973538
46925,0.87535286,0.12464718
8254,0.019899188,0.98010075
27929,0.048896264,0.9511038
4926,0.13732433,0.86267567
62657,0.6455549,0.35444507
64883,0.69003063,0.30996937
23165,0.0003489426,0.9996511
14123,0.0154630095,0.984537
38129,0.0006193609,0.9993806
7107,0.6432301,0.35676992
9947,0.22779568,0.7722043
4677,0.29051286,0.7094871
54528,0.12526882,0.8747312
53547,0.801985,0.19801497
37489,0.02356258,0.9764374
47068,0.9451036,0.054896403
50516,0.2238963,0.77610373
14206,0.00033619313,0.99966383
49346,0.72395515,0.27604488
31621,0.3015797,0.69842035
18916,0.0068434374,0.9931566
56903,0.99440813,0.005591892
6287,0.018563297,0.98143667
5168,0.68172145,0.31827855
4132,0.14684914,0.85315084
12396,0.325416,0.674584
9909,0.06553068,0.93446934
35268,0.6231157,0.37688434
38689,0.008769168,0.99123085
30673,0.035226617,0.96477336
43702,0.9819387,0.018061271
49281,0.94373655,0.05626351
45495,0.3345067,0.66549325
11057,0.32441372,0.67558634
37261,0.7399065,0.26009348
16822,0.04932783,0.9506722
42494,0.10389513,0.8961049
62483,0.44387624,0.55612373
7382,0.2227135,0.77728647
7846,0.7803472,0.21965271
64922,0.82757187,0.17242816
20887,0.07502553,0.92497444
6122,0.8909824,0.109017655
46937,0.5903344,0.40966564
52694,0.8944825,0.10551746
52702,0.77003115,0.22996885
61116,0.8604769,0.13952312
28002,0.10120004,0.89879996
40930,0.3412358,0.65876424
26223,0.010430676,0.98956937
5040,0.53158224,0.46841773
50776,0.63155985,0.3684401
22613,0.06792853,0.9320715
16896,0.004361378,0.99563867
31979,0.05471945,0.9452806
52970,0.6695574,0.33044264
62752,0.711053,0.28894702
52866,0.8120006,0.18799941
3417,0.62027043,0.37972954
33879,0.19853833,0.8014617
59773,0.24103147,0.75896853
57293,0.911612,0.088388026
28702,0.0026610887,0.99733895
35569,0.890946,0.10905406
61296,0.679187,0.32081303
61827,0.8582937,0.14170633
64043,0.95443845,0.045561533
19654,0.0047423453,0.9952577
64493,0.82146794,0.17853208
32705,0.20717348,0.79282653
40110,0.0041821506,0.99581784
53474,0.8234263,0.17657365
8459,0.1345586,0.86544144
55660,0.6815549,0.31844512
51102,0.81961864,0.18038134
48895,0.58281815,0.41718188
32921,0.18791622,0.8120838
5131,0.4346629,0.56533706
31516,0.08126723,0.91873276
54860,0.646929,0.35307097
2945,0.42414787,0.5758521
44517,0.45962545,0.5403745
7438,0.45411435,0.5458857
10601,0.76097167,0.23902826
43832,0.7577186,0.24228139
33416,0.189517,0.81048304
36995,0.21014658,0.7898534
53168,0.83234364,0.16765635
59029,0.4551798,0.54482025
29444,0.014879927,0.9851201
55800,0.5269514,0.47304863
54084,0.7779192,0.22208087
14710,0.006549172,0.99345076
11282,0.018321816,0.9816782
44202,0.70484656,0.29515344
30330,0.19867101,0.80132896
3815,0.9694847,0.030515334
4353,0.58484155,0.41515842
17838,0.002349443,0.99765056
23099,0.002199889,0.99780005
46943,0.88791794,0.11208208
15995,0.023410795,0.97658914
49790,0.83839345,0.16160657
62462,0.60456574,0.39543432
29632,0.014284204,0.9857158
63961,0.9509592,0.049040817
25547,0.015093327,0.98490673
3107,0.935908,0.06409201
4557,0.89745134,0.10254863
17614,0.00060256425,0.9993974
25536,0.0020469548,0.99795306
27208,0.03915733,0.96084267
31821,0.16385284,0.8361472
9161,0.029807542,0.97019243
40108,0.6156558,0.38434422
35503,0.39135277,0.6086472
21522,0.3406992,0.6593008
57731,0.85244185,0.14755818
55982,0.9452417,0.054758277
23688,0.35554844,0.64445156
40376,0.005503378,0.99449664
7189,0.62105584,0.37894416
51142,0.81022257,0.18977737
1758,0.6475108,0.35248914
40033,0.009387307,0.9906126
14422,0.2339818,0.7660182
17825,0.006211292,0.99378866
29001,0.294145,0.705855
25647,0.17596361,0.82403636
34557,0.5523213,0.4476787
29292,0.09114246,0.9088576
55798,0.7242032,0.27579677
2790,0.21654801,0.783452
11347,0.4221764,0.57782364
15679,0.19184978,0.80815023
419,0.24883385,0.7511661
4112,0.6390973,0.3609027
12075,0.10743588,0.8925642
35495,0.2636951,0.73630494
46062,0.9492394,0.050760645
52751,0.83333594,0.16666405
27059,0.007194333,0.99280566
47600,0.7588552,0.24114478
36428,0.010493195,0.9895068
43943,0.95627177,0.043728273
20991,0.23049526,0.7695047
30069,0.011006671,0.98899335
58363,0.9693732,0.030626768
27555,0.6832413,0.31675866
38041,0.0007118335,0.99928814
27372,0.13155837,0.86844164
50594,0.8166513,0.18334867
8923,0.2306217,0.7693783
55814,0.49704778,0.5029522
38501,0.03358401,0.966416
61270,0.94386905,0.056130927
5835,0.5516997,0.44830033
22158,0.00965902,0.990341
51597,0.82566565,0.17433435
14616,0.6605088,0.3394912
45049,0.9219312,0.07806878
3427,0.4403016,0.55969846
49217,0.6519203,0.34807965
57855,0.9706547,0.029345244
20866,0.062263187,0.9377368
20488,0.56929034,0.43070966
61657,0.57259417,0.42740577
52303,0.5122267,0.4877733
62703,0.92998624,0.07001376
42792,0.0025436871,0.9974564
58680,0.9194662,0.08053384
54975,0.69859135,0.3014087
1199,0.21261458,0.7873854
14901,0.14112383,0.8588762
22664,0.001687304,0.9983127
40591,0.054414745,0.94558525
44475,0.89694893,0.10305104
48210,0.93156046,0.068439536
4550,0.5337812,0.46621883
29924,0.14191052,0.85808945
9728,0.03659692,0.9634031
34189,0.4008487,0.59915125
27091,0.0066010524,0.9933989
26080,0.0012566491,0.99874336
64778,0.86884105,0.13115892
48003,0.61510456,0.38489547
7744,0.30086428,0.6991357
60848,0.9722643,0.02773573
30116,0.0068817986,0.99311817
28937,0.044401824,0.95559824
25346,0.002878503,0.9971215
15612,0.18171597,0.8182841
26299,0.02883122,0.97116876
17168,0.0061858688,0.9938141
39264,0.13888541,0.86111456
7217,0.3880962,0.6119038
42065,0.06051919,0.9394808
7547,0.3760757,0.62392426
27578,0.009839886,0.99016017
63523,0.39238057,0.60761946
41638,0.113821775,0.8861782
47524,0.8794672,0.12053278
61330,0.5101024,0.4898976
3461,0.3846809,0.6153191
3858,0.04781514,0.9521849
57568,0.9998429,0.00015713151
26098,0.013741119,0.98625886
58438,0.97645366,0.023546373
32069,0.21989779,0.7801022
5566,0.699053,0.300947
1347,0.37539795,0.6246021
34827,0.75057167,0.2494283
13418,0.23026843,0.7697316
29675,0.29523972,0.70476025
48885,0.9478578,0.052142236
37464,0.0015156277,0.99848443
34451,0.580413,0.41958702
45712,0.89269286,0.107307136
32664,0.14557353,0.8544265
59315,0.43493626,0.5650637
61701,0.67449576,0.32550427
28521,0.04172041,0.9582796
31879,0.42782375,0.5721763
35305,0.49070796,0.509292
55213,0.07666626,0.92333376
49438,0.7635,0.23649997
41667,0.06740894,0.932591
19959,0.0021801114,0.9978199
58206,0.96072835,0.039271705
45565,0.87435573,0.12564425
61021,0.7174565,0.28254345
57294,0.9600453,0.03995469
8603,0.14261366,0.85738635
19893,0.00034726533,0.99965274
13697,0.73854095,0.26145902
55453,0.14577463,0.85422534
40566,0.002159776,0.99784017
47192,0.44996792,0.550032
13007,0.09844573,0.9015542
51735,0.68248194,0.31751812
19682,0.002659849,0.99734014
26756,0.047625363,0.95237464
40870,0.07113429,0.9288657
12011,0.023859799,0.9761402
55160,0.8945896,0.10541033
6084,0.28666198,0.713338
7284,0.0318907,0.9681093
6800,0.068946406,0.93105364
60020,0.5796183,0.42038175
43066,0.007030925,0.9929691
29490,0.18105282,0.8189472
30502,0.005929107,0.9940708
34085,0.17563768,0.82436234
34648,0.7957821,0.20421791
43530,0.49890694,0.5010931
31446,0.13741133,0.8625887
27655,0.016756494,0.9832435
36879,0.008603281,0.9913967
11012,0.4553812,0.5446188
6445,0.753815,0.24618496
23873,0.0011962628,0.99880373
11736,0.2268469,0.7731531
62103,0.868474,0.13152598
11763,0.2813319,0.7186681
38098,0.09252728,0.9074727
24661,0.0014006305,0.99859935
55080,0.83194864,0.16805132
16791,0.0022092545,0.9977907
25358,0.0062587233,0.9937412
27055,0.021250177,0.9787498
12240,0.2821934,0.7178066
33905,0.19673866,0.8032613
35387,0.10401713,0.89598286
52440,0.6665465,0.33345348
45995,0.69600946,0.3039906
44467,0.94477415,0.055225838
33825,0.36431393,0.6356861
55223,0.7861294,0.21387054
10377,0.73053515,0.26946488
54635,0.75301754,0.2469825
43299,0.8900532,0.10994679
3208,0.8954623,0.10453774
11893,0.034205794,0.96579415
36774,0.013446866,0.98655313
55553,0.89023644,0.109763525
18000,0.0066694207,0.99333054
29161,0.0073702196,0.99262977
4974,0.7695169,0.23048317
5208,0.5825396,0.41746032
26450,0.19192824,0.80807173
52568,0.25083715,0.74916285
9389,0.5700837,0.42991635
25015,0.003163786,0.9968362
2978,0.026459496,0.9735405
9424,0.024975449,0.9750245
38443,0.00022039739,0.99977964
8996,0.039240714,0.9607592
49000,0.92025423,0.07974577
11965,0.105736256,0.89426374
57781,0.99084014,0.009159858
825,0.17459656,0.82540345
45219,0.9230255,0.076974526
19651,0.00078999327,0.99921
26030,0.010499399,0.9895006
29759,0.002491636,0.9975083
11822,0.38863686,0.6113632
27559,0.010827531,0.98917246
47540,0.600505,0.399495
16480,0.0077382294,0.99226177
54385,0.92179465,0.078205325
50611,0.5968119,0.40318808
35672,0.0056366813,0.9943633
50554,0.9034099,0.09659012
34832,0.68380165,0.3161983
63890,0.68572795,0.31427205
29641,0.065955766,0.9340442
24849,0.117056265,0.8829437
26095,0.018446986,0.98155296
353,0.3239479,0.6760521
20752,0.36050892,0.63949114
38680,0.0048459615,0.995154
61606,0.66872925,0.33127072
53011,0.8829849,0.117015146
37904,0.022481069,0.9775189
19216,0.023129765,0.9768702
38502,0.05685301,0.943147
61472,0.71825945,0.28174055
43679,0.90830004,0.09169989
49513,0.9355194,0.06448054
15307,0.1302379,0.86976206
2639,0.7208835,0.27911657
52035,0.88815254,0.11184743
57907,0.9707855,0.029214514
12376,0.0035296166,0.99647045
37165,0.7429042,0.2570958
4913,0.29128978,0.7087102
43902,0.8341238,0.16587617
57508,0.98601335,0.0139867095
21337,0.861437,0.13856299
24218,0.0031832354,0.9968168
47115,0.9528046,0.04719537
60811,0.8712601,0.12873991
52580,0.42050785,0.57949215
17896,0.0054606413,0.9945393
14763,0.0480717,0.95192826
62108,0.9986744,0.0013256895
6809,0.26649305,0.7335069
21973,0.4373217,0.56267834
40326,0.004168029,0.995832
54792,0.8230924,0.17690757
11390,0.09355209,0.9064479
61547,0.8205078,0.17949218
47256,0.32171127,0.6782887
29762,0.008938901,0.99106115
17932,0.00882734,0.9911726
21119,0.110423736,0.88957626
27694,0.009832768,0.99016726
15355,0.8981931,0.1018069
33311,0.32895416,0.67104584
62370,0.9671999,0.032800097
42895,0.007457982,0.992542
21939,0.0006053452,0.99939466
53160,0.5733767,0.4266233
14478,0.09057621,0.9094238
51121,0.6985853,0.3014147
53259,0.9318365,0.06816349
51800,0.9272286,0.07277132
18084,0.0035328183,0.99646723
468,0.5402167,0.45978332
3,0.284923,0.715077
49314,0.85576296,0.14423704
27524,0.48511398,0.514886
18534,0.0009236491,0.99907637
7351,0.003946074,0.99605393
32480,0.2776466,0.7223534
63358,0.5764087,0.4235913
51184,0.94134176,0.058658194
15991,0.0014907022,0.9985092
50536,0.82347226,0.1765278
33938,0.44493112,0.55506885
62154,0.7646682,0.23533177
23395,0.009138245,0.9908618
14249,0.45339048,0.5466096
40981,0.017133158,0.9828668
31225,0.2807043,0.71929574
13980,0.020368744,0.97963125
24754,0.1089665,0.8910335
31947,0.06643011,0.93356985
60140,0.15506576,0.84493417
40649,0.26292157,0.73707837
30854,0.006097793,0.9939022
64040,0.9585041,0.041495964
13264,0.6222332,0.3777668
51823,0.4356536,0.5643464
42104,0.063759826,0.9362402
30670,0.01233499,0.987665
40499,0.004511673,0.99548835
24148,0.0017114027,0.9982886
18677,0.0005023128,0.99949765
52008,0.8762792,0.12372091
45483,0.8819538,0.11804622
60484,0.33135802,0.668642
38631,0.013000823,0.9869992
1993,0.7582798,0.24172027
33345,0.17637941,0.8236206
5752,0.66647744,0.33352253
21443,0.0011890987,0.9988109
35600,0.73751867,0.26248136
3591,0.19165353,0.80834645
23242,0.0058830986,0.9941169
45046,0.8595498,0.14045013
50987,0.5713756,0.42862436
37050,0.083435304,0.9165647
59261,0.28967118,0.7103288
8917,0.72075903,0.27924094
63771,0.2935526,0.7064474
38904,0.0012875968,0.9987124
33241,0.5312164,0.46878365
27189,0.03937306,0.9606269
4958,0.65724593,0.34275407
26751,0.47934338,0.5206566
46148,0.92698747,0.07301257
30685,0.024819825,0.97518015
44357,0.9777951,0.022204835
11437,0.2076156,0.79238445
51988,0.89504224,0.10495771
3517,0.05605823,0.9439417
23146,0.022798853,0.9772011
61782,0.6634084,0.33659166
38148,0.0021793812,0.9978206
25485,0.38633582,0.6136642
26367,0.0061461865,0.9938538
17492,0.043528575,0.9564714
44644,0.96225643,0.037743628
15548,0.006179546,0.9938205
16464,0.0016423998,0.9983576
61629,0.8947585,0.10524144
47172,0.8385569,0.16144314
58808,0.9718052,0.028194752
9253,0.09694602,0.90305394
13506,0.0838143,0.9161857
44177,0.91613525,0.08386472
37868,0.07448715,0.92551285
21687,0.32768717,0.6723128
21981,0.5918101,0.4081899
18216,0.0023551255,0.99764484
30773,0.015327225,0.98467284
57437,0.9843129,0.015687052
7822,0.07449863,0.92550135
49376,0.93532604,0.06467394
12841,0.25883052,0.74116945
50936,0.5251962,0.47480378
63518,0.7853376,0.21466242
24447,0.0004112345,0.9995888
39640,0.00062623003,0.99937385
19198,0.053922817,0.94607717
60401,0.35809985,0.6419002
22246,0.0018962594,0.99810374
64407,0.894982,0.10501805
48727,0.7699135,0.23008654
39229,0.0021077632,0.9978922
45162,0.85036373,0.14963624
53141,0.76401347,0.23598656
55863,0.652856,0.34714404
26357,0.0019928385,0.9980071
10689,0.68542683,0.31457317
18364,0.0055195224,0.9944805
28617,0.16978887,0.83021116
50367,0.5802258,0.41977417
12559,0.03374932,0.9662507
30068,0.019000232,0.9809997
41846,0.15666251,0.8433375
48168,0.69139165,0.30860835
48544,0.9019125,0.098087534
28784,0.03571425,0.96428573
53048,0.48770267,0.51229733
51793,0.9034096,0.09659039
7997,0.7045621,0.29543787
63447,0.4492641,0.55073595
22977,0.006037828,0.9939621
20458,0.5341219,0.46587813
45890,0.9096229,0.09037704
46035,0.882507,0.11749292
1896,0.18342367,0.81657636
60707,0.7249672,0.27503288
29294,0.31388763,0.68611234
2914,0.48376626,0.5162338
40573,0.039752718,0.9602473
48363,0.927271,0.07272906
58947,0.61341983,0.38658023
8275,0.7207977,0.2792023
44666,0.94587183,0.054128233
3058,0.65689075,0.3431092
18339,0.0011711278,0.9988288
8647,0.7427366,0.25726348
42136,0.047788315,0.9522117
53443,0.34425348,0.6557465
59353,0.60858923,0.3914107
54926,0.58534294,0.41465703
683,0.15189655,0.8481034
57074,0.95511144,0.044888537
6307,0.57198906,0.42801094
30619,0.5550373,0.44496265
13423,0.78595775,0.21404223
46518,0.81583977,0.18416022
58587,0.8725319,0.12746806
48000,0.81032616,0.18967387
15713,0.0013449283,0.9986551
42970,0.046128795,0.95387125
17199,0.00299453,0.9970055
4193,0.16806,0.83194
23611,0.060802802,0.9391972
47311,0.9117516,0.08824839
6679,0.96109354,0.038906436
10181,0.56068814,0.43931183
10048,0.51562804,0.48437196
55281,0.8839612,0.11603878
62797,0.8732776,0.12672234
33887,0.55017,0.44983
63066,0.45257005,0.54743
56399,0.9254975,0.0745026
1194,0.19368672,0.8063132
4126,0.4795256,0.52047443
45589,0.94431704,0.055683006
22443,0.009145605,0.9908544
24488,0.0010441197,0.99895585
17538,0.002669186,0.9973308
33904,0.60367686,0.39632308
33127,0.15357569,0.8464243
32592,0.17707309,0.8229269
24729,0.28297424,0.7170257
29018,0.012615537,0.98738444
56754,0.98156595,0.018434
11950,0.34160328,0.6583968
29889,0.65584147,0.34415853
64215,0.9716884,0.028311674
6685,0.8273728,0.17262717
21907,0.43023023,0.5697698
26110,0.010401538,0.9895984
43858,0.7287313,0.27126873
20657,0.09769298,0.90230703
56497,0.93203264,0.06796734
9901,0.88593394,0.11406609
19887,0.000584534,0.9994155
34536,0.5830474,0.41695267
26215,0.017257182,0.9827428
6318,0.57242733,0.4275727
48093,0.72833717,0.2716628
59276,0.014806037,0.9851939
1077,0.22634216,0.77365786
57795,0.98521096,0.014789076
28647,0.43068436,0.5693156
13155,0.5277701,0.4722299
15428,0.53526706,0.46473297
1977,0.9048975,0.09510247
48332,0.94713086,0.052869163
63700,0.6690019,0.33099812
43405,0.8837131,0.116286896
32159,0.4246156,0.57538444
30176,0.31718206,0.68281794
52609,0.5400871,0.45991293
41405,0.040295772,0.9597043
18997,0.0030747137,0.9969253
40216,0.3320622,0.6679378
21148,0.2003906,0.7996094
1355,0.16188149,0.8381185
57073,0.95918477,0.04081521
57757,0.9881521,0.011847844
14959,0.3937162,0.6062838
6516,0.8443883,0.15561165
37525,0.0057067676,0.9942932
37901,0.108067736,0.8919323
6212,0.64766043,0.35233954
29858,0.0865215,0.9134785
48878,0.73820937,0.26179063
51152,0.93772566,0.06227434
30040,0.0019760346,0.998024
44258,0.79872525,0.20127474
15344,0.03968605,0.9603139
23425,0.011300139,0.98869985
18700,0.00081339764,0.9991866
27236,0.06943488,0.9305651
5637,0.076493464,0.92350656
33823,0.4013297,0.5986703
37613,0.055217594,0.94478244
60237,0.3245881,0.67541194
17378,0.00054195424,0.999458
2768,0.7136668,0.28633314
56181,0.9457463,0.05425368
32430,0.092454374,0.9075457
22288,0.17841576,0.8215843
7642,0.5945489,0.40545115
6101,0.88051134,0.11948862
2213,0.82579017,0.17420977
46168,0.7836345,0.21636553
61209,0.96902746,0.030972604
42279,0.04365757,0.9563424
14492,0.43801162,0.5619884
27615,0.006228481,0.9937715
5333,0.82060117,0.17939879
60017,0.47627053,0.5237295
33299,0.35304126,0.6469587
11011,0.7925965,0.20740344
28116,0.05196739,0.9480326
39014,0.0015981582,0.9984018
42504,0.7309933,0.2690068
40554,0.001979435,0.9980205
33775,0.18446955,0.8155304
10205,0.5712165,0.42878345
27503,0.58349544,0.41650462
54125,0.8098946,0.1901054
23676,0.0026066168,0.99739337
36283,0.02919406,0.97080594
6954,0.22414121,0.7758588
54889,0.8715435,0.12845649
17200,0.0018497504,0.9981502
13902,0.47733876,0.5226612
28999,0.03272173,0.9672783
8391,0.8305259,0.16947412
29133,0.025766253,0.9742338
9486,0.0022879501,0.997712
51024,0.67997456,0.3200255
35961,0.07346811,0.92653185
28825,0.1708057,0.8291943
27707,0.018886307,0.9811137
1464,0.69966686,0.30033314
44578,0.9677287,0.03227127
23883,0.010364047,0.989636
44306,0.7779275,0.2220725
2927,0.36326814,0.6367319
44866,0.8194053,0.1805947
13391,0.21442254,0.7855774
52849,0.58496594,0.41503403
4014,0.012678845,0.98732114
32356,0.21674474,0.7832552
10954,0.0032353941,0.99676454
33773,0.41819224,0.5818078
57090,0.69650656,0.3034934
47817,0.8477239,0.15227608
28131,0.0016461147,0.99835396
22762,0.008928182,0.99107176
41948,0.029513573,0.9704864
35673,0.029177234,0.9708228
60169,0.24278167,0.7572183
48019,0.62230724,0.37769273
1546,0.59171414,0.40828592
46669,0.8981014,0.10189861
8431,0.7815094,0.21849056
4189,0.000979157,0.9990208
10487,0.6995646,0.30043545
39654,0.00025918667,0.9997408
29923,0.0040226197,0.99597746
16626,0.026234511,0.9737655
4632,0.42294723,0.5770528
16783,0.011477174,0.9885229
38071,0.017832613,0.98216736
3174,0.07800915,0.9219908
47036,0.74571157,0.25428838
59218,0.12867257,0.8713274
46312,0.68621343,0.3137866
9637,0.5658457,0.43415427
47131,0.84235525,0.15764481
8407,0.85730696,0.14269298
43557,0.64098275,0.3590172
8127,0.004684872,0.9953151
28342,0.057825945,0.942174
55850,0.6771287,0.3228713
60441,0.4287689,0.5712311
36371,0.024121687,0.9758783
52685,0.6954676,0.3045324
58080,0.99066496,0.00933504
43962,0.8592459,0.14075409
27810,0.023701176,0.97629875
60653,0.5860972,0.41390282
47997,0.897006,0.102994055
50679,0.6932725,0.30672753
12475,0.18762003,0.81237996
41904,0.012327296,0.9876726
35067,0.55656946,0.4434306
14134,0.10084641,0.89915365
32944,0.28868777,0.7113123
49080,0.35111773,0.6488822
15702,0.0038388367,0.9961611
65227,0.85065645,0.14934355
3272,0.17466415,0.82533586
36020,0.08086482,0.9191352
5967,0.61540234,0.38459772
58770,0.7219285,0.27807158
36903,0.008598199,0.99140185
48386,0.8578391,0.14216085
45026,0.93583375,0.064166285
47207,0.48876143,0.5112386
11908,0.7924024,0.20759755
13672,0.50977814,0.49022186
47545,0.55103266,0.44896737
17699,0.0008850776,0.99911493
37045,0.104557365,0.89544266
14465,0.05315761,0.9468424
61525,0.6984158,0.30158424
56479,0.95269996,0.04729999
2878,0.74744606,0.2525539
34073,0.34530374,0.6546963
16269,0.00019311668,0.99980694
47795,0.8717864,0.12821363
32278,0.3975493,0.6024507
19150,0.07652126,0.9234788
46415,0.6931593,0.3068407
33308,0.40434396,0.59565604
52010,0.8882181,0.11178188
21845,0.12083943,0.8791605
60950,0.64280444,0.35719553
63163,0.8384134,0.16158655
22013,0.4110757,0.5889243
42018,0.061029986,0.93897
28110,0.0019854163,0.99801457
46261,0.61468524,0.3853148
28820,0.20768681,0.7923132
51843,0.9346557,0.06534433
35665,0.0930119,0.90698814
15127,0.070526145,0.92947394
56379,0.99973506,0.00026497705
57072,0.9172038,0.0827963
24702,0.008267129,0.99173284
40079,0.01138689,0.9886131
57035,0.9375201,0.06247996
21464,0.0016726435,0.9983273
41660,0.011390829,0.9886092
34969,0.71476275,0.28523722
22923,0.009652268,0.99034774
54264,0.8225716,0.17742841
63080,0.7919275,0.20807244
57597,0.99975926,0.00024079045
45755,0.86557823,0.13442169
63374,0.23172921,0.7682708
39204,0.00029249844,0.9997075
60756,0.79755425,0.20244573
38211,0.0006544714,0.9993455
38127,0.0010278197,0.9989722
46933,0.23678723,0.76321274
51870,0.9384925,0.061507568
16429,0.0057229376,0.99427706
9259,0.14025156,0.85974836
37327,0.015407232,0.98459274
34833,0.25999594,0.7400041
56899,0.99818283,0.0018171049
2766,0.48910785,0.51089215
41301,0.046851207,0.9531488
43859,0.26801318,0.7319868
47551,0.7347488,0.26525125
26849,0.006986429,0.99301356
64438,0.87338394,0.12661614
42052,0.052238975,0.947761
32810,0.15587933,0.8441207
6643,0.0052459757,0.99475396
24357,0.0035935976,0.9964064
30316,0.45529437,0.5447056
61595,0.77551556,0.22448447
4357,0.0070593385,0.99294066
1792,0.08592747,0.9140725
50816,0.74120927,0.25879067
34131,0.4224831,0.5775169
5405,0.626408,0.373592
62425,0.8265636,0.17343639
14853,0.17840506,0.82159495
2288,0.43879673,0.56120324
54015,0.7453014,0.25469857
1381,0.80750126,0.19249877
10672,0.010068639,0.98993134
29999,0.04305232,0.9569477
43529,0.96968853,0.030311402
5987,0.7294921,0.2705078
41728,0.2390324,0.7609676
16151,0.04056701,0.959433
57697,0.9995234,0.000476614
59229,0.6335788,0.36642128
5780,0.39811957,0.60188043
44859,0.9681234,0.03187664
6863,0.63539356,0.3646064
10715,0.5223635,0.47763652
53650,0.8099882,0.19001181
1496,0.4958691,0.5041309
26572,0.5715441,0.42845592
30029,0.028497184,0.9715028
29693,0.3656648,0.63433516
43914,0.9132418,0.086758226
1890,0.28508443,0.7149156
38165,0.015197846,0.9848022
19667,0.023115275,0.9768847
21707,0.2543863,0.7456137
19291,0.0013263721,0.9986737
39326,0.5205942,0.47940585
56213,0.9921532,0.0078467885
2259,0.6985153,0.30148467
9227,0.4775057,0.52249426
14675,0.38807926,0.6119208
3817,0.017399862,0.98260015
10082,0.42648014,0.5735199
40748,0.06586086,0.9341392
29060,0.032500353,0.9674997
45821,0.6760184,0.32398155
31372,0.5049726,0.49502742
5441,0.6100523,0.3899477
32789,0.36214277,0.6378572
12734,0.3816175,0.61838245
57331,0.97779864,0.022201385
18885,0.0015710599,0.9984289
32595,0.3698704,0.63012964
61939,0.8470251,0.15297486
4319,0.087471336,0.9125287
16919,0.00069336855,0.9993067
49004,0.57556283,0.42443717
42718,0.010110457,0.98988956
18160,0.023925634,0.9760744
19095,0.007313242,0.99268675
31631,0.25247765,0.7475224
1263,0.47455817,0.5254418
18789,0.0013253153,0.99867475
1781,0.87360585,0.1263942
51873,0.6959734,0.30402657
20865,0.073996566,0.92600346
843,0.06895737,0.93104255
45681,0.95843744,0.041562565
26611,0.7090036,0.29099637
6302,0.8361136,0.16388643
38320,0.016708385,0.98329157
47235,0.9154805,0.08451949
52195,0.93088037,0.069119684
45516,0.9818895,0.018110538
63028,0.9263708,0.07362921
6014,0.10867009,0.89132994
22326,0.0022708059,0.99772924
30291,0.017279629,0.9827204
14727,0.0009955447,0.9990044
21983,0.66159844,0.33840153
32240,0.041363727,0.9586363
12247,0.04874136,0.95125866
61404,0.9239606,0.07603936
16912,0.0017744699,0.9982255
15885,0.010700081,0.9892999
7661,0.56279033,0.43720964
34855,0.51967037,0.4803297
44366,0.9924614,0.007538631
30119,0.042427726,0.9575723
48805,0.8048752,0.19512478
11287,0.7237851,0.27621487
12336,0.0024977268,0.99750227
31684,0.09335703,0.906643
53712,0.5134565,0.48654348
14386,0.2981685,0.7018315
59290,0.3536896,0.6463104
21719,0.0027862405,0.9972138
26782,0.5763661,0.4236339
53515,0.8300243,0.16997573
39120,0.03725254,0.96274745
19247,0.010047008,0.989953
24097,0.044722512,0.9552775
7334,0.013110612,0.98688936
49364,0.7374724,0.26252756
31582,0.1461111,0.8538889
27654,0.100061916,0.89993805
17053,0.013961388,0.9860386
41440,0.09747433,0.90252566
64355,0.79281557,0.20718442
52799,0.7495048,0.2504952
59850,0.7881956,0.21180442
27323,0.0027896264,0.9972103
17079,0.011510027,0.98849005
39710,0.006118178,0.9938818
36578,0.18437248,0.8156275
19795,0.0015895269,0.99841046
60602,0.39703643,0.60296357
63229,0.26636,0.73364
6344,0.72604185,0.2739581
5126,0.62510306,0.37489697
4350,0.6488336,0.35116646
34941,0.38656378,0.6134362
9810,0.15519087,0.8448091
5147,0.7508409,0.24915913
15272,0.039099786,0.96090025
64177,0.54051256,0.4594874
42466,0.008630781,0.9913692
48495,0.8935815,0.10641855
26453,0.026670635,0.97332937
5746,0.008150511,0.99184954
15614,0.0059221024,0.9940779
8046,0.37959543,0.62040454
63408,0.81515414,0.18484588
32315,0.5010664,0.49893358
44811,0.8548541,0.14514585
951,0.34023592,0.6597641
28385,0.065892555,0.9341074
18481,0.0033678864,0.99663216
61488,0.8212635,0.1787365
24560,0.019965706,0.98003423
51039,0.9663571,0.03364284
6097,0.6754389,0.32456106
14323,0.80227894,0.19772103
7272,0.25904098,0.74095905
37388,0.0976463,0.90235364
17509,0.00086734607,0.9991327
11645,0.13794674,0.86205333
48338,0.8811105,0.11888947
3418,0.43602368,0.56397635
48364,0.8255082,0.17449178
863,0.41301063,0.58698934
44553,0.82400244,0.17599756
16057,0.0017877705,0.9982122
26485,0.10080473,0.89919525
19780,0.0029359679,0.99706405
25689,0.21837173,0.78162825
14920,0.052716274,0.9472838
1680,0.7483401,0.25165993
33587,0.2541483,0.74585176
10413,0.009903888,0.9900961
34449,0.9238989,0.07610114
47552,0.78278303,0.21721704
16492,0.006637735,0.9933623
4531,0.62915987,0.37084013
32131,0.14421427,0.85578567
14050,0.06054132,0.93945867
35125,0.6063536,0.39364648
52476,0.8286528,0.17134719
43838,0.4534339,0.5465661
64432,0.76924056,0.23075949
2232,0.73073804,0.26926202
27050,0.0039352914,0.9960647
40095,0.0035494484,0.99645054
57602,0.9997092,0.00029075763
4486,0.5035731,0.49642688
4130,0.17778176,0.8222182
60363,0.58877254,0.41122746
14057,0.207123,0.79287696
60638,0.6396988,0.36030126
13820,0.13571419,0.8642858
59552,0.20530611,0.7946939
60108,0.5963369,0.40366313
46514,0.70592463,0.2940754
20512,0.5994762,0.40052378
8026,0.14113711,0.8588629
40988,0.16084489,0.8391551
36933,0.00086872774,0.99913126
7100,0.69327784,0.30672216
43061,0.09518725,0.9048128
44842,0.9361191,0.06388092
46276,0.9456226,0.05437738
7155,0.23047194,0.76952803
59392,0.49326923,0.5067308
44522,0.86946887,0.13053113
53465,0.80304974,0.19695024
33892,0.3012263,0.69877374
38555,0.2714974,0.7285026
18391,0.0055554104,0.99444467
40311,0.040944267,0.9590557
3143,0.8428543,0.15714568
46065,0.9323924,0.0676075
36230,0.0242806,0.9757194
55897,0.93318564,0.06681438
26630,0.009480911,0.9905191
38619,0.12826164,0.8717383
50444,0.84855795,0.15144207
47199,0.75525993,0.24474005
62811,0.8641076,0.13589245
27649,0.053704206,0.94629574
58526,0.9873499,0.0126501
57754,0.98709923,0.01290076
51455,0.957842,0.04215795
34489,0.78664786,0.21335219
16861,0.01055269,0.98944736
48520,0.9683567,0.031643305
22951,0.0014443204,0.9985557
3426,0.12338256,0.87661743
56149,0.80386394,0.19613601
2933,0.4694981,0.5305019
17098,0.0065863417,0.9934136
62665,0.99843425,0.0015657854
47926,0.5774888,0.42251116
13339,0.12892838,0.87107164
11579,0.2739102,0.72608984
1148,0.23540303,0.76459694
23636,0.5468411,0.45315894
42431,0.055726234,0.94427377
12656,0.18645725,0.8135427
23143,0.20418575,0.7958143
12521,0.69914025,0.30085972
55925,0.9525974,0.04740259
51461,0.8945384,0.10546165
20511,0.53598374,0.46401623
22191,0.17222792,0.82777214
3990,0.5317005,0.46829954
52050,0.7404763,0.25952366
59893,0.7027868,0.29721326
52077,0.85792553,0.14207445
12917,0.020666642,0.97933334
58303,0.9838554,0.016144577
30781,0.033107273,0.9668928
20638,0.49927497,0.50072503
17176,0.007272259,0.99272776
29797,0.008567819,0.9914322
41701,0.7774258,0.2225742
38182,0.0014643834,0.99853563
35577,0.69664586,0.30335414
23641,0.036098026,0.96390206
1560,0.8719527,0.1280473
33242,0.41658664,0.58341336
58054,0.9390888,0.060911182
61685,0.6106804,0.3893196
59191,0.45279798,0.547202
4290,0.7352154,0.26478454
13683,0.46540022,0.5345998
38474,0.00067064475,0.9993293
23717,0.0015767294,0.99842334
50857,0.78198624,0.21801376
7207,0.03876712,0.96123284
8032,0.6860188,0.31398115
40628,0.13462669,0.8653733
56230,0.78476465,0.21523534
49602,0.9243462,0.075653784
47484,0.8880683,0.11193165
5676,0.7514343,0.24856563
15022,0.33568642,0.6643136
32277,0.29329064,0.7067094
53970,0.6835244,0.31647563
56502,0.8492852,0.15071481
37805,0.0012876145,0.9987124
13052,0.5159856,0.48401436
44932,0.70316046,0.29683957
40787,0.041802082,0.95819795
58875,0.5352254,0.46477464
23150,0.0032366586,0.99676335
186,0.16919856,0.8308014
55074,0.46419215,0.53580785
16128,0.0019866517,0.9980134
61379,0.8708749,0.12912512
16360,0.0015286716,0.9984713
15850,0.0061533833,0.9938466
30709,0.02767881,0.9723212
30590,0.03530225,0.9646977
47613,0.38645735,0.6135427
7280,0.2582251,0.7417749
9590,0.441428,0.55857205
19693,0.00749666,0.9925033
61937,0.9001828,0.09981724
5283,0.5544339,0.44556615
23880,0.018039448,0.98196054
18931,0.0024777907,0.9975222
3849,0.4830214,0.5169786
3286,0.17920344,0.82079655
14854,0.33910313,0.6608969
39161,0.0040864996,0.99591345
24780,0.57623154,0.42376846
62086,0.9093079,0.090692125
23103,0.03657694,0.963423
63980,0.9386695,0.061330512
12985,0.0009919443,0.9990081
29819,0.0039184364,0.99608153
29271,0.007948756,0.9920513
5109,0.08243883,0.9175611
2800,0.31947407,0.6805259
62772,0.9330095,0.06699054
47151,0.9482491,0.051750924
34898,0.6218449,0.37815514
1223,0.5384269,0.46157312
25347,0.0046712803,0.9953288
20409,0.50337374,0.49662626
43675,0.9053188,0.09468122
22493,0.02403975,0.9759603
56845,0.9997495,0.00025052522
13039,0.0076902625,0.9923097
56222,0.73570174,0.2642983
7036,0.07451931,0.9254807
17790,0.0007229225,0.99927706
29745,0.0018885963,0.99811137
47467,0.7950794,0.20492055
48637,0.86401594,0.13598412
19832,0.0010104274,0.9989895
14769,0.55387104,0.44612896
63445,0.058547303,0.9414527
25019,0.030416796,0.9695832
12459,0.066793784,0.93320626
33355,0.15343198,0.84656805
6319,0.8681278,0.13187215
18990,0.0019721123,0.99802786
14084,0.21523663,0.7847634
36848,0.0006823848,0.99931765
4565,0.62668663,0.3733134
21969,0.68971866,0.31028137
45700,0.89192945,0.10807051
56274,0.7403444,0.25965557
53533,0.74434644,0.2556536
26483,0.018621095,0.9813789
17211,0.014644177,0.9853558
27258,0.18875805,0.8112419
22590,0.8268053,0.17319468
24671,0.00229631,0.99770373
22394,0.009875649,0.9901244
55412,0.7758675,0.22413255
29125,0.026014479,0.9739855
49875,0.84711653,0.15288346
2272,0.5190977,0.48090234
49062,0.9573853,0.04261466
5373,0.55603296,0.44396707
3947,0.013442982,0.98655695
44412,0.7550396,0.24496047
17060,0.0018530347,0.998147
4619,0.026847508,0.9731525
10243,0.19429521,0.8057048
1637,0.31751156,0.68248844
15734,0.0003661924,0.9996338
57232,0.94629765,0.053702317
1902,0.8041876,0.19581236
33291,0.4505732,0.5494268
46085,0.57456934,0.4254307
36701,0.017765773,0.9822342
48755,0.93053746,0.069462515
29038,0.04969338,0.9503066
31495,0.4393496,0.5606504
25931,0.011774836,0.9882252
21565,0.09151799,0.90848196
36153,0.012680253,0.9873197
286,0.16195302,0.83804697
47878,0.82545847,0.17454146
25078,0.0054405085,0.99455947
50802,0.85175526,0.14824475
48828,0.74083877,0.2591612
58943,0.4911752,0.50882477
39591,0.0029633585,0.9970367
9252,0.017024359,0.98297566
27032,0.0077673583,0.9922327
40559,0.00035207847,0.999648
47441,0.84175795,0.158242
20938,0.18625231,0.8137477
57055,0.9408661,0.059133876
38496,0.019632287,0.9803678
37759,0.115595,0.884405
7844,0.7037179,0.29628208
60482,0.27922207,0.7207779
15481,0.14080459,0.85919535
45308,0.9421811,0.05781891
33418,0.14964731,0.8503527
40454,0.03612628,0.9638737
11281,0.019541478,0.9804585
26188,0.5493035,0.45069656
33248,0.38727418,0.6127258
31920,0.058959182,0.9410408
46010,0.4160226,0.5839774
56356,0.7416292,0.25837082
12146,0.013690779,0.9863092
6153,0.23313251,0.7668675
30065,0.023935135,0.97606486
62321,0.98822045,0.011779513
30438,0.01176941,0.9882306
51813,0.7896376,0.21036234
29625,0.07532931,0.9246707
47914,0.82789004,0.17210995
63058,0.84384733,0.15615268
32521,0.47109926,0.52890074
24908,0.03963027,0.96036977
37056,0.22123101,0.77876896
1504,0.49511886,0.50488114
51640,0.8700409,0.12995912
3587,0.74800926,0.2519907
15949,0.0011902013,0.9988098
15277,0.013492513,0.98650753
39407,0.006604346,0.9933956
58376,0.9739285,0.026071459
21542,0.004315343,0.9956846
48027,0.7945553,0.20544471
19450,0.0023001235,0.9976999
3760,0.05930826,0.9406917
51867,0.8265982,0.17340176
18543,0.01498085,0.98501915
49103,0.07090338,0.92909664
16410,0.0041771787,0.9958228
60461,0.29324564,0.7067543
48812,0.8528395,0.1471605
63953,0.9518558,0.048144214
28178,0.0046619135,0.9953381
52539,0.23630214,0.76369786
41550,0.23860486,0.76139516
51119,0.8291275,0.17087252
43947,0.8935497,0.106450334
36379,0.006202865,0.9937972
35745,0.23674852,0.7632514
24968,0.013977926,0.986022
17658,0.006626517,0.9933735
28082,0.021676024,0.978324
29538,0.042125493,0.9578745
3574,0.48436922,0.5156308
14375,0.29834095,0.701659
46219,0.803308,0.19669203
8534,0.021030089,0.9789699
28335,0.01731282,0.9826872
53520,0.605209,0.39479107
6161,0.78315866,0.21684135
39618,0.00040046332,0.9995995
26497,0.381017,0.61898303
14525,0.016096266,0.98390377
36346,0.022722088,0.97727793
8690,0.46041277,0.5395872
14606,0.13842738,0.8615726
58771,0.97299767,0.027002336
61588,0.83686227,0.16313775
54009,0.84271175,0.15728822
58885,0.5270715,0.4729285
34360,0.53705615,0.4629438
42719,0.025460642,0.9745394
32023,0.13813592,0.86186415
24941,0.0815662,0.9184338
23792,0.18652628,0.81347376
25514,0.00090695545,0.99909306
61727,0.9742639,0.025736123
48528,0.94263977,0.057360254
5658,0.8482815,0.15171856
16541,0.0027265756,0.9972734
9480,0.57908785,0.42091215
5878,0.3771511,0.62284887
50576,0.80454725,0.19545273
38433,0.0014902437,0.9985097
40053,0.0031097268,0.99689025
38815,0.00361675,0.9963832
39757,0.0019865865,0.9980134
56572,0.89685273,0.10314722
58389,0.97652596,0.023474067
33657,0.2492344,0.7507657
31439,0.32914972,0.6708502
56941,0.9098352,0.090164766
37919,0.0051760627,0.99482393
37981,0.0021113376,0.9978886
46103,0.6915026,0.30849746
56667,0.9280604,0.07193963
48864,0.7467227,0.25327733
21686,0.00031685983,0.99968314
51826,0.8144833,0.18551667
37334,0.0035420037,0.996458
1793,0.6103496,0.38965046
34448,0.27918732,0.7208127
2629,0.83196115,0.16803877
35294,0.78966045,0.21033955
54617,0.3566262,0.6433738
24724,0.7105372,0.28946283
56152,0.92809993,0.071900114
39097,0.09260128,0.9073987
36612,0.05578976,0.94421023
60767,0.34896952,0.6510305
10117,0.4632073,0.53679264
30476,0.002630065,0.9973699
1897,0.10929708,0.8907029
23124,0.022108097,0.9778919
59121,0.35117352,0.6488265
19756,0.0013523386,0.99864763
12122,0.5193946,0.48060545
54312,0.7496704,0.25032958
63922,0.5344611,0.4655389
53726,0.88197684,0.11802312
26767,0.39903378,0.6009663
37574,0.0058003045,0.99419975
49998,0.41178933,0.5882107
45267,0.94895655,0.051043462
47366,0.9308065,0.06919344
42485,0.056788303,0.94321173
9312,0.6382821,0.36171788
60643,0.5587091,0.44129094
4387,0.06881299,0.9311871
30139,0.09333952,0.9066605
6724,0.5335047,0.46649528
49399,0.8477085,0.15229145
8230,0.7045097,0.29549035
23862,0.046312287,0.9536878
57483,0.99970645,0.00029349147
565,0.050983027,0.949017
46891,0.8498524,0.1501476
62380,0.995523,0.0044769957
22051,0.5435615,0.4564385
19898,0.0003857713,0.99961424
9786,0.1945515,0.8054485
34498,0.71441466,0.2855854
25916,0.04077803,0.95922196
50726,0.6412908,0.3587092
46869,0.67988396,0.32011607
44557,0.92985183,0.07014823
19958,0.0016771721,0.9983228
47308,0.6963166,0.30368337
15308,0.2574006,0.7425994
14744,0.29476848,0.70523155
61064,0.99774605,0.0022538968
41207,0.026633194,0.97336686
10395,0.32610866,0.67389137
21188,0.12197082,0.87802917
30711,0.10205811,0.8979419
3047,0.8552197,0.14478034
12728,0.29903597,0.7009641
8640,0.3248633,0.6751367
53588,0.77458495,0.22541505
49247,0.6097606,0.3902394
56313,0.9808849,0.019115157
31006,0.085166715,0.9148333
6813,0.5092331,0.49076694
24951,0.11189959,0.8881004
5291,0.7479375,0.2520625
43755,0.8009081,0.1990919
59395,0.52238864,0.4776113
16119,0.0010508483,0.9989492
44408,0.776269,0.22373098
25586,0.0060938005,0.9939062
30447,0.0054145465,0.99458545
41849,0.021477405,0.9785226
64992,0.89796215,0.10203785
4059,0.002915366,0.9970847
25589,0.523418,0.47658202
12756,0.35868132,0.6413186
7515,0.8976293,0.10237065
33300,0.26055482,0.7394452
53854,0.7437407,0.25625935
50585,0.81542087,0.18457907
10722,0.3204678,0.67953223
60498,0.25859505,0.7414049
43241,0.13663527,0.86336476
53706,0.51134,0.48865998
44341,0.97185045,0.028149532
51690,0.6477637,0.35223627
58935,0.36913985,0.63086015
48071,0.7973281,0.20267181
41357,0.016048314,0.9839516
5834,0.5690904,0.4309096
9784,0.8769378,0.12306221
44369,0.87919456,0.12080546
15877,0.0038773576,0.99612266
24363,0.004775462,0.9952245
43225,0.08176429,0.9182358
57123,0.9997125,0.0002874046
2164,0.84473634,0.15526362
36266,0.32881188,0.67118806
31243,0.26452503,0.73547494
18328,0.0005633067,0.9994367
40767,0.22897156,0.7710285
36285,0.0077644475,0.9922355
30639,0.10329771,0.8967023
1253,0.35563436,0.6443656
23972,0.14843386,0.8515662
55484,0.8786123,0.121387675
59489,0.41352034,0.5864797
21022,0.08101109,0.91898894
54806,0.94550765,0.054492313
28377,0.014807798,0.9851922
5699,0.4587676,0.54123235
16350,0.01190371,0.98809624
11595,0.45585376,0.54414624
59124,0.09050176,0.9094983
62099,0.7360413,0.2639587
52419,0.8810212,0.11897876
36300,0.026172755,0.97382724
44427,0.86491907,0.13508086
9054,0.04468732,0.95531267
9658,0.4589898,0.5410102
6553,0.66415316,0.33584678
25642,0.07692792,0.9230721
501,0.9221649,0.07783509
65192,0.7714689,0.22853109
36506,0.002514983,0.99748504
1389,0.8621912,0.13780883
31142,0.04115519,0.9588448
30651,0.7225899,0.27741006
5220,0.06590284,0.9340972
31328,0.1274372,0.8725628
40961,0.012189448,0.9878106
39515,0.018233556,0.9817664
62193,0.9904857,0.00951425
5204,0.7649224,0.23507759
3045,0.75826275,0.24173719
32657,0.066913635,0.9330864
43561,0.7412485,0.25875157
41133,0.022241645,0.9777583
26616,0.70489746,0.29510254
45493,0.8915765,0.10842354
4033,0.36258125,0.63741875
62990,0.7441219,0.2558781
54800,0.90879935,0.091200635
48172,0.66280854,0.33719143
35750,0.13308623,0.8669138
43099,0.049677372,0.9503226
11515,0.638366,0.36163405
56137,0.9811003,0.0188997
10450,0.6663053,0.3336947
49990,0.29085746,0.7091425
44919,0.9489746,0.0510254
36854,0.0002853027,0.9997147
4355,0.045636594,0.9543634
57651,0.9998566,0.00014336345
42513,0.0014784735,0.9985215
55599,0.53993493,0.46006507
55423,0.66394573,0.33605424
9840,0.036587868,0.96341217
50439,0.68195605,0.31804398
23697,0.005787367,0.99421257
17615,0.00048901554,0.999511
64312,0.2636788,0.7363212
6103,0.9509689,0.049031064
21913,0.019229423,0.9807705
58032,0.9686428,0.031357262
44318,0.77434,0.22566
13873,0.002949079,0.9970509
56715,0.9655118,0.034488183
22870,0.004495306,0.9955047
52196,0.6960034,0.30399662
4580,0.46138394,0.53861606
56616,0.7255892,0.27441084
13378,0.032971144,0.96702886
34163,0.19141063,0.80858934
23431,0.004523119,0.9954769
9804,0.9426711,0.057328884
39032,0.05804373,0.94195634
37170,0.83818525,0.16181481
1909,0.45590895,0.5440911
58295,0.95218664,0.047813404
19522,0.001302988,0.998697
27262,0.0052736285,0.99472636
50508,0.914886,0.085114054
49765,0.8649385,0.13506143
13107,0.22953475,0.7704652
63916,0.64020044,0.3597996
47429,0.70622045,0.29377958
59689,0.3627031,0.6372969
52522,0.35519806,0.644802
63195,0.92101884,0.07898115
32827,0.30680054,0.69319946
25383,0.0035587784,0.9964412
31426,0.038287986,0.961712
21688,0.72624075,0.2737592
45150,0.503897,0.496103
53452,0.96086854,0.03913153
49565,0.76935357,0.2306464
30632,0.022436481,0.97756344
35092,0.51173353,0.48826647
5317,0.4486943,0.5513057
45588,0.777687,0.22231299
49659,0.8031791,0.1968209
52406,0.8038976,0.19610243
63919,0.5791451,0.42085496
53468,0.4210689,0.57893115
44973,0.8259471,0.17405288
13112,0.0043717097,0.99562824
20492,0.4214206,0.57857937
21862,0.033333074,0.96666694
61796,0.65286475,0.34713522
21289,0.0004709739,0.999529
14905,0.35985002,0.64014995
9395,0.75447285,0.24552716
35702,0.13081554,0.8691845
4080,0.072814696,0.9271853
40434,0.009414193,0.99058574
8455,0.44279158,0.5572084
37990,0.01065127,0.98934877
63708,0.71707207,0.28292796
52785,0.6723868,0.32761317
27213,0.1165177,0.88348234
26063,0.0036899173,0.99631006
46919,0.7643643,0.23563562
11984,0.003920678,0.9960794
56930,0.95578474,0.04421525
39921,0.0040822555,0.99591774
60462,0.29227868,0.7077213
16322,0.0028466387,0.9971533
64047,0.9517414,0.048258547
10057,0.6243993,0.3756007
5334,0.41014925,0.5898508
27692,0.00074438564,0.9992556
10669,0.8895092,0.110490836
50773,0.5484806,0.45151946
34563,0.59314114,0.40685886
52158,0.8014309,0.19856915
37746,0.003949241,0.9960508
24480,0.0013480526,0.9986519
9893,0.04632228,0.95367765
37601,0.008402892,0.9915971
63381,0.11825017,0.8817498
4294,0.50527084,0.49472913
17315,0.00847139,0.99152863
37588,0.00093500444,0.999065
4312,0.67928165,0.32071832
34561,0.18348444,0.81651556
52882,0.70227987,0.2977201
45480,0.7571588,0.24284123
55782,0.76277006,0.23722991
43919,0.9192605,0.080739506
35596,0.81785685,0.18214314
56626,0.88461244,0.11538757
51869,0.93655074,0.06344927
39532,0.027318995,0.972681
1336,0.45684555,0.5431545
1672,0.4841393,0.5158607
43288,0.47026223,0.5297378
16582,0.016743338,0.98325664
37965,0.012573975,0.98742604
56233,0.75514627,0.24485375
35810,0.23519921,0.7648008
22811,0.013588259,0.9864117
13991,0.12924135,0.8707586
17950,0.0022808393,0.9977191
45345,0.9460119,0.05398812
33543,0.2031243,0.7968757
10095,0.6238894,0.37611058
33153,0.7029206,0.29707944
6902,0.16075067,0.8392494
6451,0.43575126,0.56424874
21575,0.5406783,0.4593217
28250,0.00537593,0.9946241
61115,0.8369716,0.16302842
43427,0.8964058,0.10359411
50988,0.6983559,0.3016441
45337,0.82347065,0.17652933
9026,0.032617494,0.9673825
24339,0.0003579258,0.999642
64236,0.48876026,0.5112397
33804,0.30967537,0.6903246
29783,0.004712607,0.9952874
4167,0.09438889,0.90561116
63611,0.9162461,0.08375387
40601,0.016693585,0.98330647
3324,0.27127516,0.72872484
54041,0.98290986,0.017090123
39182,0.0004225955,0.99957746
65057,0.8290704,0.17092957
19043,0.0037201017,0.9962799
57312,0.9998354,0.00016462787
32400,0.2459684,0.7540316
27994,0.044462096,0.9555379
24190,0.0011421274,0.99885786
30817,0.10543977,0.8945602
29080,0.6760127,0.32398728
33426,0.23684819,0.7631519
18026,0.005712685,0.9942873
16641,0.0008027955,0.9991972
6073,0.4599112,0.54008883
11721,0.07624007,0.9237599
59021,0.29042807,0.70957196
58145,0.99205023,0.007949725
3845,0.34438834,0.6556117
36770,0.030721448,0.9692786
6300,0.39311895,0.6068811
63992,0.94066536,0.059334673
61445,0.7815077,0.21849236
62367,0.3493472,0.65065277
3784,0.2962791,0.7037209
39890,0.00044844236,0.9995516
40593,0.05236976,0.9476303
33737,0.39288148,0.60711855
25373,0.006789894,0.99321014
21173,0.06247892,0.9375211
26075,0.00805096,0.9919491
22417,0.0056954552,0.9943045
31659,0.47927263,0.5207274
26419,0.61657345,0.38342652
36534,0.002568756,0.9974312
32002,0.11490345,0.88509655
39903,0.0006578561,0.99934214
2509,0.6809787,0.31902128
63496,0.5691839,0.4308161
7566,0.37333214,0.6266678
25335,0.02048158,0.9795185
47453,0.72103757,0.27896243
65019,0.21721594,0.78278404
29379,0.12715347,0.8728465
62722,0.8493394,0.1506606
60443,0.6237454,0.37625462
22290,0.04101028,0.9589897
32436,0.03637777,0.9636222
25934,0.029146729,0.97085327
62324,0.79147196,0.20852801
2482,0.67839414,0.32160583
1548,0.7894898,0.21051021
9979,0.14920446,0.8507955
24036,0.0048155375,0.9951845
43624,0.77640796,0.2235921
60588,0.35452774,0.6454723
41595,0.056989826,0.94301015
39884,0.0076415124,0.9923585
29737,0.007331758,0.9926682
25816,0.0060913465,0.99390864
21262,0.23027383,0.76972616
19141,0.0057866643,0.9942133
30761,0.18938677,0.8106132
54991,0.33769462,0.6623054
13696,0.028532756,0.97146726
65184,0.9519108,0.048089217
16550,0.0033224311,0.99667764
6616,0.21907939,0.7809206
59777,0.44273096,0.55726904
40639,0.15546349,0.8445365
32026,0.05784012,0.9421599
43596,0.9989405,0.0010594417
6763,0.5446345,0.45536548
36886,0.0101764,0.98982364
60672,0.40138897,0.598611
28341,0.32760873,0.67239124
11249,0.10252949,0.8974705
49601,0.7029829,0.29701707
39974,0.0038828845,0.9961171
19906,0.0011032498,0.9988967
59468,0.5002246,0.49977547
57867,0.97864187,0.021358157
24113,0.015930654,0.9840694
6697,0.05046711,0.94953287
32952,0.43434837,0.56565166
52150,0.5214972,0.4785028
6196,0.4369254,0.5630745
48443,0.6100792,0.38992074
59109,0.60069156,0.3993084
64925,0.8389959,0.16100411
10299,0.07539706,0.9246029
55670,0.521233,0.47876698
63360,0.6403279,0.35967216
56892,0.9994261,0.0005739552
49576,0.96637905,0.03362098
61863,0.8749207,0.12507929
49661,0.66196394,0.33803612
58394,0.9664392,0.033560775
44139,0.8849731,0.11502688
592,0.1582841,0.8417159
52080,0.711444,0.28855598
55661,0.7470498,0.2529502
12883,0.011220243,0.9887798
50523,0.9072923,0.09270767
50825,0.982265,0.017734969
56002,0.99907625,0.0009237077
8067,0.9223882,0.07761179
43752,0.948013,0.051987015
24791,0.18342741,0.8165726
28541,0.0083140405,0.9916859
30129,0.61778396,0.38221604
44564,0.9689556,0.031044463
25766,0.2711264,0.7288736
47979,0.6305205,0.3694795
27470,0.11783547,0.8821645
55447,0.60492843,0.39507157
53,0.109464616,0.89053535
7394,0.4251437,0.57485634
46773,0.80933076,0.19066927
37466,0.1559716,0.84402835
62533,0.9944636,0.0055364068
23283,0.00080541335,0.99919456
60773,0.4693876,0.5306124
63887,0.10884869,0.8911513
13500,0.21118248,0.7888175
57624,0.999851,0.00014901088
61267,0.9330095,0.06699054
62310,0.84471977,0.15528028
16685,0.0041289413,0.995871
14360,0.5925844,0.40741566
26549,0.025649315,0.9743507
64240,0.8228016,0.17719842
23525,0.006892079,0.9931079
38335,0.036144394,0.9638556
38902,0.011250304,0.98874974
18864,0.0014475803,0.9985524
60399,0.3058581,0.6941419
33702,0.3993371,0.6006629
51592,0.8583137,0.14168632
53695,0.8663194,0.13368057
5435,0.46451172,0.53548825
55507,0.78985137,0.2101486
63676,0.36966863,0.6303314
55721,0.60974693,0.3902531
50065,0.66481745,0.3351826
54217,0.7566077,0.24339224
43415,0.935703,0.06429707
13958,0.22042531,0.7795747
25955,0.0052438113,0.9947562
10931,0.002955645,0.9970444
16722,0.0011180849,0.9988819
52455,0.83975995,0.16024007
37352,0.02564283,0.9743571
37336,0.016627956,0.98337203
30193,0.16551717,0.83448285
18217,0.15203042,0.84796953
36820,0.10733788,0.8926621
7735,0.16172168,0.8382783
27054,0.013694985,0.986305
38960,0.03696838,0.9630316
31934,0.0673391,0.93266094
17144,0.020985058,0.97901493
40520,0.083594196,0.9164058
36414,0.02072249,0.97927755
55234,0.45923647,0.5407635
20484,0.8614299,0.13857013
47503,0.20325145,0.7967486
60937,0.58280385,0.41719612
4457,0.6738795,0.32612047
4836,0.8146133,0.18538678
44093,0.65559506,0.34440488
57945,0.9799539,0.020046163
53049,0.007988489,0.9920115
39932,0.11279914,0.88720083
60611,0.4565338,0.54346615
11053,0.725125,0.27487502
39415,0.22247067,0.7775293
18554,0.0061910595,0.9938089
28508,0.055664577,0.9443354
29353,0.09178335,0.90821666
27359,0.1425927,0.8574073
53148,0.71972966,0.28027034
10562,0.04869245,0.95130754
61464,0.9263708,0.07362921
26734,0.029296078,0.97070396
14381,0.32210472,0.6778953
10817,0.6940972,0.30590275
43870,0.89894366,0.1010563
54275,0.83438367,0.16561629
21149,0.12775576,0.8722442
2306,0.7929375,0.20706254
56862,0.91328216,0.08671789
17993,0.022006834,0.97799313
8556,0.66861176,0.3313882
13097,0.018301731,0.9816983
59611,0.98759836,0.012401691
46858,0.8680483,0.13195169
22133,0.023003623,0.97699636
25808,0.3819714,0.6180286
12626,0.89902395,0.10097611
1734,0.65054107,0.34945893
25573,0.24283703,0.757163
5088,0.42190784,0.5780921
62398,0.72433746,0.27566254
4216,0.07848814,0.9215118
2764,0.790051,0.209949
37958,0.010281021,0.98971903
25834,0.09858259,0.9014174
25452,0.013488012,0.98651195
33222,0.30263007,0.69736993
10579,0.30059218,0.6994078
51089,0.83689195,0.16310807
57477,0.9995648,0.00043515928
4326,0.5666931,0.43330684
25575,0.8714457,0.12855433
52621,0.7825167,0.21748327
10321,0.19995259,0.8000474
32198,0.20983586,0.7901641
35071,0.5716971,0.42830288
1358,0.8540914,0.14590862
17849,0.0040423414,0.9959577
52043,0.9358944,0.064105585
35202,0.88934547,0.110654555
44402,0.59101206,0.4089879
40283,0.12437166,0.87562835
14201,0.1201753,0.87982476
2420,0.6668487,0.33315128
5630,0.49743977,0.50256026
7659,0.08921436,0.9107856
7940,0.12790638,0.87209356
35,0.091685005,0.908315
27820,0.0046457383,0.9953543
39694,0.013145275,0.9868548
56430,0.8261685,0.17383154
53410,0.7978007,0.20219931
32594,0.26004001,0.73995996
55868,0.74596065,0.25403938
21197,0.11723133,0.88276863
24681,0.13950086,0.86049914
18803,0.0006614153,0.99933857
65103,0.61911947,0.3808805
45998,0.6765157,0.32348424
24753,0.2126009,0.78739905
42231,0.012747145,0.9872529
40618,0.39855352,0.60144645
26480,0.4514864,0.5485136
28122,0.0063159293,0.99368405
55380,0.9102639,0.08973613
48295,0.95257384,0.047426224
58263,0.98987925,0.010120743
16078,0.23323646,0.76676357
12045,0.2976925,0.7023075
32868,0.36114177,0.6388582
44410,0.872039,0.127961
55702,0.8564162,0.14358377
5554,0.16775042,0.8322496
2283,0.10762597,0.89237404
62314,0.93643,0.06357007
21704,0.0012018026,0.99879813
51902,0.5433261,0.4566739
23564,0.0019409704,0.998059
58934,0.52344185,0.47655818
16548,0.0007203948,0.9992797
38774,0.00081323186,0.9991868
63951,0.9615772,0.03842287
32497,0.2608744,0.73912555
736,0.44231287,0.5576871
44061,0.8602355,0.1397645
54276,0.75084454,0.24915548
20096,0.0003182261,0.99968183
16732,0.003313359,0.99668664
22948,0.011795983,0.988204
36388,0.029067075,0.9709329
40528,0.0022604677,0.99773955
29853,0.020573912,0.9794261
27104,0.010518738,0.9894812
24521,0.030854674,0.96914536
41546,0.15462767,0.8453724
32396,0.20740885,0.79259115
45168,0.87322426,0.1267757
53118,0.6478967,0.35210326
11274,0.0033192823,0.9966807
26980,0.42093915,0.57906085
5260,0.42026696,0.579733
39319,0.07862632,0.92137367
38589,0.006244804,0.9937552
39559,0.00038806756,0.9996119
36826,0.021776287,0.97822374
10387,0.364153,0.63584703
28187,0.002031888,0.99796814
25447,0.01309211,0.98690796
7389,0.77631664,0.2236834
13406,0.11310621,0.8868938
63754,0.76892984,0.23107012
51750,0.9272723,0.07272771
13605,0.24815007,0.75184995
24830,0.07707089,0.9229291
2628,0.46959555,0.5304045
57075,0.93339795,0.06660202
16439,0.000317264,0.9996828
18886,0.0036064277,0.9963936
4951,0.5633614,0.4366386
25645,0.08995118,0.91004884
205,0.41958094,0.5804191
20323,0.0011209017,0.99887913
8804,0.26431048,0.73568946
1213,0.44444275,0.55555725
53956,0.7376121,0.26238793
9805,0.7117255,0.2882745
34361,0.31991553,0.68008447
15376,0.057506148,0.94249386
58525,0.9833587,0.01664131
24873,0.12934278,0.8706572
33501,0.31660593,0.68339413
40551,0.0013865723,0.99861336
17017,0.0012256433,0.99877435
60220,0.60843056,0.39156944
37769,0.5440634,0.4559366
28456,0.0659326,0.93406737
58429,0.9734301,0.026569864
15504,0.5643268,0.43567318
60458,0.4234159,0.5765841
63721,0.5039957,0.49600428
23151,0.0038908415,0.9961092
45353,0.6763569,0.3236431
64947,0.667789,0.33221105
24475,0.0012197549,0.9987802
63913,0.80120593,0.198794
30133,0.48986995,0.51013005
27516,0.67002505,0.32997492
26320,0.0022680569,0.9977319
998,0.45632944,0.5436706
39614,0.00057062856,0.9994293
36166,0.008633397,0.99136657
8157,0.3060972,0.6939028
51655,0.6751276,0.32487234
26206,0.015253434,0.9847466
56450,0.80162674,0.19837326
57614,0.99987125,0.00012869184
20366,0.56720394,0.43279603
15424,0.27093446,0.72906554
23107,0.13729589,0.86270416
57551,0.9998301,0.00016986576
2168,0.61915195,0.38084805
4480,0.6511766,0.34882337
8019,0.15563451,0.8443655
3791,0.37238485,0.62761515
2931,0.4403716,0.55962837
10559,0.41002712,0.58997285
57087,0.92313176,0.076868206
34955,0.1302708,0.8697292
2558,0.87935,0.12064997
43464,0.9629574,0.03704254
2043,0.22136776,0.7786322
70,0.032890834,0.96710914
41468,0.08934987,0.9106502
5523,0.18608047,0.81391954
43475,0.911157,0.08884299
63209,0.8594894,0.14051062
52207,0.8168458,0.18315423
4508,0.60853237,0.39146757
10070,0.8333074,0.16669258
59113,0.7437309,0.25626907
19555,0.002739562,0.99726045
37779,0.0023136553,0.9976864
21269,0.18381752,0.8161825
37477,0.012238958,0.987761
44242,0.4753623,0.52463776
117,0.02445114,0.97554886
49418,0.8118771,0.18812288
17050,0.03754551,0.9624545
31701,0.19049026,0.80950975
10690,0.556901,0.44309902
14265,0.32618693,0.6738131
63172,0.53177893,0.4682211
64414,0.87745255,0.122547485
14330,0.0022485105,0.99775153
24603,0.16419029,0.83580965
3721,0.34512466,0.65487534
16807,0.0025217754,0.9974782
38074,0.0493846,0.9506154
35004,0.8306383,0.16936167
52060,0.87104964,0.12895033
58305,0.97338665,0.026613422
19900,0.00013361251,0.99986637
34184,0.4426761,0.5573239
42386,0.040957343,0.95904267
52509,0.8802054,0.11979464
31953,0.11193475,0.8880652
5885,0.63289636,0.3671036
19872,0.0016211447,0.9983789
4505,0.65037644,0.34962356
15554,0.008191779,0.99180824
41104,0.4043253,0.5956747
36116,0.04141479,0.9585852
64076,0.6038275,0.39617255
23400,0.017826116,0.9821739
43004,0.0067668245,0.99323314
43361,0.2725898,0.7274102
48504,0.68553823,0.3144618
60750,0.8970491,0.10295082
46078,0.4729251,0.52707493
42488,0.034706965,0.96529305
57589,0.99982893,0.00017109436
25877,0.078797095,0.9212029
30532,0.06918472,0.9308153
8389,0.06978573,0.9302143
54627,0.79533356,0.20466644
9261,0.022571858,0.97742814
12824,0.32318106,0.67681897
13805,0.02796043,0.9720395
15909,0.017675474,0.9823245
40743,0.011593591,0.9884064
23363,0.0059230365,0.99407697
43716,0.94617236,0.053827625
41874,0.028162552,0.9718374
49251,0.40637702,0.5936229
34911,0.76015866,0.23984131
33039,0.25777522,0.74222475
55014,0.82176274,0.17823732
49535,0.7676286,0.2323714
28668,0.22624601,0.77375394
29997,0.0027318357,0.9972682
54411,0.8358614,0.1641386
47168,0.53086853,0.4691315
10451,0.65293914,0.34706083
9503,0.64098644,0.35901356
1848,0.26396355,0.7360365
27767,0.011224718,0.98877525
28443,0.00698856,0.9930114
3121,0.8071855,0.19281454
713,0.64841825,0.35158172
41497,0.4975951,0.50240487
33103,0.44982895,0.5501711
48321,0.8961494,0.10385063
32672,0.14382489,0.8561751
21091,0.08945295,0.9105471
42271,0.002728342,0.9972716
19633,0.018065915,0.9819341
33281,0.30757952,0.6924205
50741,0.914346,0.085654035
29583,0.0023868643,0.9976132
48037,0.5298123,0.47018775
42810,0.7821513,0.21784872
47062,0.9207441,0.07925588
60769,0.24763456,0.7523654
24642,0.0025064037,0.9974936
24735,0.15736888,0.84263104
59447,0.5160977,0.48390225
22610,0.051216558,0.94878346
38470,0.04034708,0.9596529
23168,0.0013272277,0.99867284
22917,0.001394872,0.9986052
24153,0.0076415627,0.9923584
20204,0.005912924,0.9940871
46528,0.8182935,0.18170652
28798,0.18504588,0.8149541
23405,0.06909436,0.9309057
9574,0.36645824,0.63354176
4525,0.7624704,0.23752956
53407,0.76918495,0.23081507
9605,0.80530363,0.19469635
9401,0.7487568,0.25124317
34850,0.72353786,0.2764622
18227,0.0012201791,0.99877983
53832,0.8500466,0.14995342
54108,0.48348713,0.5165129
35066,0.61255515,0.3874449
23584,0.0027136789,0.9972863
40447,0.018261025,0.981739
7426,0.21811177,0.7818882
55581,0.5230781,0.47692192
47837,0.83049285,0.16950715
42733,0.04542618,0.95457387
5343,0.7276288,0.27237117
56737,0.95713735,0.04286262
51,0.062989295,0.9370107
63386,0.28780192,0.7121981
31412,0.17660195,0.82339805
62313,0.8009987,0.19900131
37302,0.027626038,0.97237396
40635,0.05577482,0.9442252
62917,0.8316802,0.16831985
32548,0.12928012,0.8707199
26199,0.0039129034,0.9960871
18643,0.016059108,0.9839409
62173,0.34739122,0.6526088
56752,0.9633253,0.036674704
1128,0.7656306,0.23436937
22428,0.0045745936,0.9954254
13203,0.081357844,0.9186421
42509,0.16165492,0.83834505
37776,0.02427768,0.9757224
19746,0.0022437985,0.9977562
35627,0.5944334,0.40556654
12593,0.16398785,0.8360122
60783,0.3446294,0.65537053
54230,0.73994863,0.26005143
20095,0.0011489805,0.99885106
64633,0.52900773,0.4709923
57372,0.9875602,0.012439833
63205,0.886106,0.11389393
15786,0.0011392209,0.99886084
31931,0.124790646,0.8752094
47762,0.6401905,0.3598095
11856,0.42537677,0.57462317
45978,0.8827255,0.11727458
42941,0.10216447,0.89783555
17893,0.0032629725,0.99673706
40226,0.00041641566,0.99958354
39155,0.007930626,0.99206936
52370,0.7675099,0.23249009
49436,0.9490249,0.050975088
59198,0.73926634,0.2607337
15795,0.0057396484,0.9942603
60866,0.6904445,0.3095555
26871,0.0047508697,0.99524915
34547,0.5554915,0.4445085
27354,0.0018963441,0.9981036
4514,0.63597673,0.36402333
13075,0.17225964,0.8277404
53798,0.75291604,0.247084
57891,0.9765801,0.023419958
25681,0.16101554,0.8389845
2274,0.6291972,0.37080285
64763,0.73418057,0.26581937
28994,0.15066682,0.84933317
48766,0.61354274,0.3864573
60907,0.99803716,0.0019628785
26013,0.004235505,0.9957645
13132,0.0036073837,0.99639267
52002,0.84985876,0.15014125
21621,0.41333356,0.58666646
19189,0.022343019,0.977657
10010,0.24230441,0.7576956
62402,0.6211735,0.37882653
42480,0.05310776,0.9468922
41916,0.009671988,0.990328
53089,0.80963975,0.19036028
28612,0.2866549,0.71334517
50841,0.9153747,0.08462536
49856,0.8640906,0.1359094
898,0.4860955,0.5139045
29415,0.006108301,0.9938917
26565,0.64215994,0.35784006
56385,0.9996793,0.00032070986
16713,0.0057955,0.99420446
17104,0.021531682,0.97846836
63707,0.7347442,0.26525578
20762,0.27130368,0.72869635
22284,0.012698558,0.98730147
63096,0.78966045,0.21033955
47867,0.7651537,0.23484626
16907,0.01833074,0.98166925
40707,0.020230593,0.97976935
65230,0.88823336,0.11176667
46667,0.5372495,0.4627505
26719,0.0073805177,0.99261945
45021,0.92953396,0.070466004
58178,0.99309665,0.0069033084
42151,0.039195187,0.9608048
9640,0.22612737,0.7738726
30156,0.07904032,0.92095965
46308,0.7017966,0.2982034
6301,0.59746706,0.40253294
46872,0.92598724,0.074012786
53895,0.9065363,0.09346372
39332,0.6115749,0.38842514
51961,0.69326437,0.3067357
62624,0.95584786,0.04415212
6092,0.91899836,0.08100166
42082,0.09343368,0.9065663
46802,0.6864976,0.31350237
15922,0.008606177,0.99139374
54583,0.5676642,0.43233582
31335,0.17485899,0.825141
64207,0.97704756,0.022952437
28726,0.037988592,0.96201146
59622,0.9784348,0.021565173
4313,0.030969214,0.9690308
58777,0.9574998,0.042500153
46901,0.77058905,0.2294109
55256,0.5755257,0.42447427
31948,0.07022881,0.92977124
42503,0.010308597,0.98969144
63230,0.8527884,0.14721167
7133,0.6584141,0.34158584
2416,0.70288104,0.29711896
23491,0.0056470735,0.99435294
48718,0.7318735,0.26812652
115,0.025675045,0.974325
60063,0.14769195,0.852308
1996,0.9094404,0.09055959
63436,0.09535384,0.9046461
27318,0.52319455,0.47680545
53589,0.787217,0.212783
48691,0.94145554,0.05854442
3037,0.8019102,0.19808978
20489,0.47919983,0.5208001
59114,0.39766392,0.60233605
34518,0.53084874,0.46915126
44085,0.6995356,0.3004644
37213,0.4917301,0.5082699
14347,0.74590254,0.25409746
48472,0.8736857,0.12631427
28486,0.0071618124,0.9928382
54516,0.778528,0.22147198
7907,0.11514509,0.8848549
33880,0.3478703,0.6521297
38417,0.09453044,0.9054696
53940,0.90691626,0.093083754
38747,0.004499023,0.995501
61508,0.31467113,0.6853289
42569,0.049725838,0.95027417
7330,0.046539575,0.95346045
7173,0.36005327,0.63994676
61950,0.9132097,0.08679037
20092,0.00045428693,0.99954563
21726,0.2706391,0.7293609
5093,0.7575806,0.24241942
56657,0.89215046,0.107849516
32804,0.4157025,0.58429754
54446,0.9245427,0.07545726
1198,0.22211903,0.777881
7946,0.029500514,0.97049946
2255,0.8734998,0.12650025
5073,0.89587855,0.10412149
38014,0.00039444587,0.9996056
52064,0.7528783,0.24712168
44152,0.6388459,0.36115408
54358,0.14726184,0.8527382
4533,0.7290946,0.27090538
36768,0.01956359,0.9804364
34068,0.4854651,0.5145349
8537,0.62142813,0.37857187
43927,0.72344863,0.2765514
14956,0.04307849,0.95692146
3757,0.5333935,0.46660647
11118,0.8624798,0.13752016
29301,0.06719809,0.9328019
34892,0.6778276,0.3221724
19820,0.0026255508,0.9973744
53123,0.6209941,0.3790059
49032,0.6950303,0.30496973
31099,0.21624218,0.78375775
62769,0.9359804,0.06401958
42034,0.6751964,0.32480356
50226,0.24946035,0.7505397
30838,0.0022662964,0.9977337
43350,0.6662935,0.3337065
56361,0.9609854,0.03901456
50888,0.6859886,0.31401142
59873,0.44637758,0.5536224
51428,0.2937681,0.7062319
49604,0.36865982,0.63134015
11206,0.52449566,0.4755044
13393,0.00024376568,0.9997563
20786,0.7390673,0.2609327
43308,0.66273624,0.3372637
53862,0.8771142,0.12288577
7840,0.34997463,0.6500253
55388,0.74752945,0.2524706
18266,0.003257038,0.996743
24168,0.0012796036,0.9987204
11051,0.5304564,0.46954355
40136,0.00097258657,0.9990274
30294,0.42325538,0.5767447
25186,0.08508042,0.9149195
14812,0.5554016,0.44459844
49231,0.67685974,0.32314032
38617,0.23541446,0.7645855
64171,0.6290858,0.37091422
63571,0.5891787,0.4108213
47125,0.8260265,0.17397355
891,0.6307543,0.36924568
31524,0.17030315,0.8296969
45958,0.6768828,0.3231172
44394,0.6950399,0.3049601
14264,0.7079913,0.29200867
51609,0.93202025,0.06797979
2813,0.33250505,0.66749495
13875,0.08589585,0.91410416
18250,0.0020362602,0.9979638
58462,0.9089725,0.091027565
58117,0.9496588,0.05034115
8029,0.48806137,0.51193863
16286,0.06629137,0.9337086
24940,0.1421546,0.8578454
31496,0.101656616,0.8983433
38688,0.051527675,0.9484723
25139,0.02545344,0.97454655
43290,0.45037404,0.549626
33607,0.3721528,0.62784714
24320,0.004055453,0.99594456
44109,0.6082541,0.39174598
54224,0.8628431,0.13715687
25524,0.0013988627,0.99860114
9578,0.20001267,0.7999873
51473,0.7511507,0.24884927
36370,0.021665843,0.9783342
62423,0.98039687,0.019603124
48896,0.787009,0.21299092
16035,0.04640282,0.9535971
12479,0.039819684,0.96018034
30270,0.011022633,0.9889774
31672,0.15808244,0.8419176
25864,0.022927176,0.97707283
40638,0.20945393,0.7905461
22652,0.006113656,0.9938863
15215,0.06661123,0.9333888
63396,0.84120154,0.15879849
2265,0.5270007,0.4729993
51719,0.94929975,0.050700247
17210,0.0029815827,0.99701846
49257,0.47418493,0.525815
23116,0.002364337,0.9976356
45269,0.8897263,0.11027378
58274,0.9951283,0.0048717107
27892,0.0009995284,0.9990005
26157,0.022294242,0.9777058
56975,0.92330265,0.07669732
25595,0.54102767,0.45897233
33524,0.24772198,0.75227803
29871,0.038569845,0.9614302
49351,0.29104507,0.70895493
38718,0.0014182283,0.99858177
8517,0.8382079,0.16179207
60375,0.55294925,0.4470508
21910,0.6699677,0.33003226
20454,0.3761446,0.6238554
13274,0.46578756,0.5342124
47215,0.7320099,0.2679901
42772,0.7116053,0.2883947
47632,0.7478321,0.25216785
90,0.17493638,0.8250636
36844,0.015217292,0.98478276
8600,0.2260618,0.77393824
37415,0.5354493,0.4645507
21432,0.08472021,0.9152798
58385,0.96819687,0.031803086
39839,0.0005154695,0.99948454
21481,0.009473598,0.99052644
33006,0.3171236,0.6828764
9646,0.014547962,0.985452
52329,0.30480728,0.69519275
1055,0.36436576,0.6356343
27008,0.7353308,0.26466912
99,0.021859258,0.9781407
15295,0.71635693,0.28364304
48271,0.9427786,0.057221454
10988,0.65124536,0.34875467
6744,0.7319337,0.26806632
59907,0.20285918,0.79714084
34508,0.79001486,0.20998514
7749,0.43973047,0.56026953
43373,0.8648385,0.13516149
22159,0.006513946,0.9934861
29307,0.6801213,0.31987873
1569,0.78768194,0.2123181
11467,0.033517968,0.96648204
42724,0.04437108,0.95562893
3169,0.82474846,0.17525157
6738,0.34183386,0.65816617
25096,0.0792408,0.9207592
19722,0.0019629211,0.99803704
24291,0.009554141,0.99044585
50843,0.75822276,0.24177727
58769,0.51893693,0.48106304
42997,0.00709184,0.9929081
49588,0.96566474,0.034335252
2122,0.79591954,0.20408049
64072,0.31645688,0.68354315
25331,0.0013178388,0.9986822
49290,0.8933183,0.10668174
59030,0.5054391,0.49456093
38808,0.0016893984,0.99831057
26312,0.010656774,0.9893433
41810,0.010841083,0.9891589
57621,0.9998323,0.00016767463
49095,0.74294025,0.25705975
40324,0.01769729,0.9823027
16631,0.0008841033,0.9991159
1490,0.9514014,0.04859864
19451,0.0012006176,0.9987993
45024,0.9265123,0.07348776
40530,0.0011778913,0.99882203
30911,0.0014854197,0.9985146
25697,0.2716776,0.7283224
24892,0.040301137,0.9596989
21647,0.00058872416,0.99941134
30002,0.05462583,0.94537425
40165,0.018432848,0.9815671
60075,0.31878036,0.68121964
48774,0.5758158,0.42418423
45400,0.49277794,0.50722206
8714,0.6353372,0.3646629
32185,0.2646851,0.7353149
24015,0.001547458,0.99845254
59707,0.33175543,0.6682446
52415,0.7887188,0.21128118
53021,0.35421383,0.6457862
7050,0.9338161,0.06618395
31463,0.25360313,0.74639684
63906,0.3445311,0.65546894
16107,0.00022805396,0.999772
56474,0.9820738,0.017926214
13786,0.016575819,0.9834241
11712,0.8553817,0.1446183
19853,0.00080029975,0.9991997
48947,0.90650326,0.09349674
17077,0.036636923,0.96336305
47335,0.7262322,0.27376783
1745,0.5718154,0.42818463
15219,0.010013229,0.9899867
17989,0.0045210025,0.995479
28649,0.0017439806,0.998256
16236,0.007354277,0.99264574
53811,0.7431736,0.25682634
53213,0.8477258,0.15227416
41185,0.49258226,0.50741774
2357,0.5875808,0.41241923
15824,0.007633204,0.99236685
36750,0.0047587245,0.9952413
11722,0.13587257,0.86412746
38022,0.050069626,0.94993037
1377,0.61995906,0.38004097
53371,0.38111475,0.6188852
17560,0.0018319512,0.998168
47799,0.88925713,0.11074289
18468,0.0021965515,0.9978034
33866,0.25223926,0.7477607
38948,0.0017526678,0.9982474
60704,0.3628529,0.6371471
36389,0.1719567,0.8280432
23436,0.0071050953,0.99289495
49646,0.41028893,0.58971107
15585,0.0008543778,0.9991456
64491,0.889732,0.11026792
3091,0.5583722,0.4416278
46382,0.9470836,0.052916475
42072,0.020301385,0.97969866
25553,0.5518747,0.44812527
453,0.13912432,0.8608757
10071,0.79576814,0.20423187
42033,0.10634941,0.8936506
18760,0.007009877,0.99299014
26554,0.75829333,0.24170665
54715,0.7714661,0.22853394
20929,0.072112285,0.92788774
52270,0.09671359,0.90328646
43653,0.94220865,0.05779131
43229,0.07609853,0.9239015
54149,0.80490637,0.19509365
6594,0.51984143,0.48015857
44095,0.89535356,0.10464644
63685,0.50124323,0.49875683
22937,0.005729442,0.99427056
49295,0.8397768,0.16022322
11511,0.8448644,0.15513559
57620,0.99985766,0.00014231008
39878,0.009798883,0.9902012
8790,0.06717025,0.9328298
61208,0.94722646,0.052773584
43306,0.7809412,0.21905875
20590,0.089422405,0.9105776
37607,0.05159238,0.94840765
63818,0.6359208,0.36407915
38823,0.05805598,0.94194406
11967,0.37470463,0.62529534
58566,0.7554463,0.2445537
3556,0.5625216,0.43747842
52709,0.6052533,0.39474675
32262,0.08851605,0.91148394
45737,0.9177831,0.082216874
40196,0.051903784,0.94809616
48077,0.5560285,0.44397157
8859,0.8267862,0.1732137
34431,0.42940703,0.570593
45243,0.8451335,0.1548665
60684,0.3231608,0.6768392
5783,0.8150751,0.18492492
15947,0.0077824844,0.99221754
50784,0.72132754,0.2786725
35173,0.9433308,0.056669187
38822,0.0285977,0.97140235
27355,0.028548894,0.97145116
62415,0.7977051,0.2022949
57398,0.8572113,0.1427887
18728,0.0028656784,0.9971343
65122,0.87987137,0.12012866
46130,0.7342838,0.26571622
29180,0.045459453,0.9545405
2795,0.47986823,0.52013177
17725,0.0025484627,0.9974515
52657,0.20879343,0.7912066
37536,0.009753211,0.9902468
33834,0.30522472,0.6947752
10790,0.32178125,0.6782187
50193,0.6222727,0.37772736
63977,0.90554535,0.09445465
23684,0.077684544,0.9223155
18444,0.0062839687,0.99371606
45887,0.88827395,0.111726
17207,0.0021365678,0.9978635
12494,0.2722909,0.72770905
43826,0.9235893,0.07641064
44853,0.69540846,0.30459157
58379,0.9721549,0.02784512
48919,0.90743494,0.092565104
14396,0.023123832,0.9768762
25399,0.00044363103,0.99955636
41490,0.4292664,0.5707336
27196,0.06810897,0.931891
30909,0.004008372,0.99599165
45616,0.54876965,0.45123038
3712,0.3522302,0.6477698
55709,0.9128795,0.08712045
10173,0.8030154,0.19698457
48392,0.89791536,0.10208467
4026,0.84750134,0.15249868
31757,0.31513456,0.6848655
29323,0.042888816,0.95711124
52237,0.5455572,0.4544428
29506,0.0016505765,0.9983494
62580,0.81507504,0.18492495
5929,0.94068813,0.05931188
27206,0.012956933,0.98704314
52092,0.943304,0.056696072
23964,0.0024223826,0.9975776
51787,0.876585,0.12341504
1573,0.72144556,0.27855444
15882,0.0036751044,0.99632484
6299,0.63185906,0.3681409
2984,0.7197197,0.28028032
37774,0.014856857,0.9851431
29831,0.010967922,0.9890321
57273,0.89853215,0.10146787
64797,0.8038187,0.19618128
22931,0.022941303,0.9770587
25521,0.001805401,0.99819463
61762,0.9413259,0.058674093
4499,0.61113834,0.38886166
37002,0.4425266,0.5574734
2302,0.74074864,0.25925133
38927,0.014503799,0.9854962
21664,0.11939299,0.880607
64358,0.6548263,0.34517375
26534,0.66338974,0.33661023
55700,0.9258676,0.07413234
46875,0.8369053,0.16309467
59039,0.5492002,0.45079976
63816,0.10144717,0.89855283
14372,0.0031753455,0.9968246
24453,0.0041326317,0.9958674
21083,0.22083266,0.7791674
62878,0.772725,0.22727507
36191,0.01106046,0.98893946
29515,0.03266602,0.967334
7976,0.72932404,0.270676
17795,0.004754126,0.9952459
45259,0.9506403,0.049359716
55948,0.99843436,0.0015656123
60516,0.294442,0.705558
9715,0.27151257,0.7284874
32151,0.24296191,0.75703806
11617,0.428263,0.57173705
19899,0.00042999475,0.99956995
27053,0.015842052,0.9841579
37915,0.045437776,0.95456225
38331,0.003466771,0.99653316
28669,0.0035289994,0.99647105
39497,0.24907525,0.7509248
13597,0.66345584,0.33654413
9191,0.6175185,0.38248155
59384,0.31476486,0.68523514
59673,0.81181526,0.18818474
43017,0.39161068,0.6083893
15495,0.02261755,0.9773825
9500,0.11762417,0.8823759
9287,0.48324943,0.5167506
59301,0.054597404,0.94540256
49111,0.864707,0.135293
17388,0.003602706,0.9963973
36125,0.012400259,0.98759973
42545,0.6578316,0.34216836
4410,0.6531158,0.34688422
15475,0.14134648,0.85865355
2631,0.8007308,0.1992692
19227,0.056562703,0.94343734
33427,0.3719506,0.6280494
31471,0.12751932,0.8724807
20971,0.052121934,0.94787806
49296,0.15840523,0.8415948
37632,0.01943107,0.9805689
60536,0.59871894,0.4012811
33915,0.21881679,0.78118324
36842,0.082473956,0.91752607
23198,0.008422455,0.9915775
38369,0.2696158,0.73038423
14076,0.6859211,0.31407896
34195,0.5639272,0.4360729
13102,0.1517963,0.84820366
43639,0.8018906,0.19810943
14900,0.28364998,0.71635
59930,0.3325562,0.6674438
31907,0.11469966,0.8853003
9607,0.40316555,0.5968344
53925,0.5126878,0.48731217
47713,0.78897244,0.21102758
20097,0.0012590645,0.998741
10372,0.8178581,0.18214187
31476,0.079598926,0.92040104
9610,0.88078237,0.11921765
52310,0.9837918,0.016208109
4854,0.62531126,0.37468877
39016,0.01161612,0.9883839
48888,0.8429127,0.15708727
58318,0.9646328,0.03536717
6551,0.5207231,0.4792769
11142,0.44822183,0.55177814
53008,0.6421759,0.35782412
4691,0.7144698,0.28553015
39535,0.05766053,0.9423395
623,0.081428945,0.9185711
53752,0.89845717,0.101542845
869,0.41389805,0.58610195
55762,0.8181323,0.18186767
222,0.43909496,0.5609051
16148,0.0038272897,0.9961727
13785,0.0064973687,0.9935027
32399,0.16113657,0.8388635
54376,0.48997122,0.5100288
4352,0.012352857,0.9876472
60055,0.12715538,0.87284464
31087,0.07544932,0.92455065
5495,0.9595395,0.040460564
4295,0.06384127,0.9361588
28395,0.08723008,0.91277
64188,0.92449224,0.07550774
23942,0.09335263,0.9066474
48996,0.34088433,0.6591157
59137,0.21037827,0.7896217
52733,0.79833555,0.20166442
32202,0.20195805,0.79804194
59946,0.18408613,0.81591386
15183,0.019102035,0.98089796
47196,0.40055078,0.59944916
52769,0.8001596,0.19984043
58657,0.9063485,0.0936515
20646,0.260155,0.739845
11921,0.00025505578,0.99974495
8760,0.49843973,0.5015603
11727,0.010693046,0.989307
2677,0.5538263,0.4461737
2738,0.41971123,0.58028877
9072,0.25909358,0.7409065
59260,0.11946557,0.88053435
16889,0.00051592523,0.99948406
26343,0.00041591778,0.99958414
20056,0.0005946517,0.9994054
38247,0.0028836313,0.9971163
29982,0.015375559,0.9846244
18448,0.12390896,0.876091
30542,0.66331184,0.33668816
18499,0.0023369829,0.997663
7729,0.012978496,0.9870215
18704,0.0027306343,0.99726933
57384,0.81003547,0.18996456
62248,0.78991157,0.21008842
54873,0.7696745,0.23032555
47445,0.6957408,0.30425924
36561,0.14086698,0.859133
20540,0.7841569,0.21584313
45312,0.45193514,0.5480649
11885,0.0014890472,0.9985109
977,0.695043,0.304957
34378,0.7593697,0.24063033
20731,0.090275474,0.90972453
56056,0.94409406,0.05590597
41831,0.8529177,0.14708237
37202,0.034472775,0.96552724
10995,0.086428046,0.913572
42036,0.04024443,0.95975554
5919,0.86302143,0.1369786
29002,0.016878478,0.9831215
45088,0.9231804,0.0768196
33116,0.65053505,0.34946492
43542,0.935809,0.06419095
6206,0.6328945,0.36710548
41266,0.1959569,0.80404305
56591,0.6187582,0.38124174
35609,0.76371366,0.23628628
59863,0.6561174,0.34388262
1484,0.7387817,0.26121834
23943,0.045229748,0.95477027
50333,0.9210457,0.07895428
40911,0.0038421568,0.9961578
26793,0.20376307,0.79623693
21552,0.13771987,0.86228013
63699,0.6595791,0.3404209
30180,0.539563,0.46043697
37860,0.027567584,0.9724324
948,0.4527425,0.5472575
15918,0.0033737281,0.99662626
27114,0.0061412607,0.99385875
19962,0.0026838814,0.99731606
28786,0.32599118,0.67400885
5141,0.4752069,0.524793
23024,0.027690135,0.9723098
18694,0.00024923417,0.9997508
13730,0.41917026,0.58082974
40972,0.41800916,0.58199084
11604,0.68339336,0.3166066
55263,0.90174246,0.09825751
14301,0.061595496,0.9384045
60367,0.6023296,0.39767036
33019,0.16133605,0.838664
55011,0.8400778,0.15992218
44509,0.9245812,0.07541881
11120,0.5203775,0.47962248
30108,0.0528121,0.94718796
47094,0.8171969,0.18280308
54781,0.8970504,0.10294956
16039,0.0016130105,0.998387
21878,0.5939565,0.40604353
18883,0.0016632787,0.9983367
33667,0.37857464,0.6214254
12673,0.6232506,0.37674943
64939,0.6158241,0.3841759
8549,0.06038435,0.9396157
39090,0.0017020523,0.998298
27019,0.6041143,0.39588565
60936,0.6778276,0.3221724
40089,0.0013045279,0.99869555
40312,0.02314329,0.97685677
28012,0.024220714,0.97577935
39910,0.044145238,0.9558548
56838,0.99749017,0.0025098226
33058,0.37656406,0.623436
39663,0.00026591116,0.9997341
3678,0.6341587,0.36584136
6570,0.9724534,0.027546613
9049,0.008065401,0.99193454
34628,0.5726009,0.4273991
53510,0.9186114,0.08138857
59678,0.56294817,0.43705186
52725,0.8946689,0.105331056
43737,0.91615003,0.083849974
8227,0.49746773,0.5025323
27671,0.0017719041,0.99822813
38790,0.0005801454,0.9994199
25833,0.18372263,0.8162773
55180,0.34803241,0.6519676
61130,0.77613366,0.2238663
49223,0.89323163,0.106768385
15807,0.00045197475,0.999548
50210,0.4027989,0.5972011
37382,0.07450398,0.92549604
8115,0.3085212,0.6914788
53342,0.46091002,0.53909
21179,0.0921429,0.9078571
51644,0.6773969,0.32260308
31747,0.035588108,0.9644119
44814,0.9298175,0.07018254
42640,0.00351188,0.9964881
43398,0.8981326,0.1018674
28871,0.009000795,0.9909992
52404,0.6412494,0.35875055
65083,0.7125802,0.28741983
22425,0.0023929693,0.997607
3626,0.11916821,0.88083184
30615,0.08972564,0.9102744
39854,0.006863742,0.9931363
19323,0.0025811289,0.9974189
21024,0.12936053,0.8706395
27775,0.006479073,0.9935209
6780,0.15058586,0.8494141
61131,0.6812723,0.31872767
31685,0.050749198,0.9492508
48401,0.82865524,0.17134479
17381,0.0073882947,0.9926117
48159,0.8779077,0.122092284
59957,0.23545817,0.7645418
13204,0.33042237,0.66957766
61058,0.96218014,0.037819847
33848,0.32090044,0.67909956
9655,0.78523827,0.21476169
36312,0.26721412,0.7327859
55894,0.6986925,0.3013075
62920,0.81685054,0.18314952
42268,0.003502395,0.9964977
55061,0.76723355,0.23276646
61211,0.8013568,0.19864321
30788,0.00895523,0.99104476
1272,0.5737612,0.42623875
57259,0.8577879,0.14221208
225,0.3409274,0.65907264
1458,0.7302767,0.26972333
34795,0.78966045,0.21033955
38159,0.0009676394,0.9990324
4344,0.21095473,0.7890453
3263,0.5798967,0.42010328
8641,0.3256409,0.67435914
54170,0.019939953,0.98006
51390,0.84526694,0.15473305
18720,0.0012359559,0.99876404
52256,0.66149664,0.33850333
9734,0.5737082,0.42629182
40504,0.010106393,0.9898936
37031,0.6147723,0.38522765
56407,0.89930564,0.10069437
768,0.36159596,0.6384041
21402,0.29335558,0.70664436
3826,0.86373365,0.13626638
51111,0.8713136,0.12868644
2523,0.7356389,0.26436114
22554,0.0009167268,0.9990833
32265,0.37447914,0.6255208
61623,0.93643,0.06357007
27691,0.00117992,0.99882
23808,0.009093347,0.9909066
30683,0.13910055,0.8608995
50527,0.9374259,0.06257412
26257,0.12637697,0.8736231
37699,0.0068416386,0.9931584
62908,0.9433308,0.056669187
40681,0.005603135,0.9943969
16281,0.028628064,0.97137195
57949,0.9834495,0.016550532
10250,0.33128518,0.6687148
11474,0.012684851,0.9873152
46559,0.77001977,0.22998023
56911,0.9710744,0.0289256
39679,0.0005211982,0.9994789
23626,0.0019933928,0.99800664
42044,0.044884846,0.95511514
23100,0.035100844,0.9648991
16363,0.00832105,0.9916789
62871,0.9498487,0.05015127
9843,0.09010009,0.9098999
40255,0.0056218808,0.99437815
22444,0.0012362791,0.9987638
29767,0.01065427,0.9893457
54296,0.59489095,0.40510905
36799,0.0027119955,0.997288
45479,0.85459125,0.14540876
7109,0.21251489,0.7874851
37085,0.01567468,0.9843253
31073,0.010872796,0.9891272
38023,0.0036135113,0.9963865
49648,0.9296675,0.0703325
31708,0.3723178,0.6276822
16504,0.0043396614,0.99566036
16824,0.081356645,0.9186433
45609,0.6909482,0.3090518
7289,0.63741225,0.36258778
43942,0.650167,0.349833
6053,0.6799359,0.3200642
18284,0.022233253,0.97776675
9391,0.37224114,0.6277589
21433,0.12437509,0.8756249
18062,0.00077216217,0.9992279
27740,0.0065734065,0.99342656
5831,0.62962383,0.37037617
58452,0.9873139,0.012686069
1875,0.5875961,0.4124039
31782,0.053989854,0.9460102
64989,0.8955818,0.10441827
60453,0.2997926,0.7002074
25970,0.22285932,0.7771407
209,0.5645953,0.43540466
10314,0.05136737,0.9486326
58128,0.9758483,0.024151707
10810,0.41400844,0.5859916
26521,0.05874311,0.9412568
21166,0.06438566,0.93561435
51728,0.8145577,0.18544233
25961,0.11027719,0.88972276
34534,0.5394823,0.46051767
58532,0.9969547,0.0030453687
15129,0.00043136475,0.99956864
7457,0.4798102,0.52018976
54321,0.2863872,0.71361285
34388,0.8531037,0.14689626
57319,0.9962909,0.0037090885
55516,0.5906828,0.40931723
40225,0.0048858067,0.9951142
19535,0.006219919,0.9937801
21029,0.08623811,0.91376185
28288,0.03726486,0.9627352
15518,0.38182065,0.6181793
12288,0.05608964,0.94391036
18166,0.008054011,0.99194604
1280,0.534924,0.465076
59586,0.58550465,0.4144954
58308,0.9578971,0.04210281
65147,0.8688397,0.13116029
64762,0.7332075,0.2667925
40420,0.0060755867,0.99392444
43327,0.63863057,0.3613694
18519,0.0055598104,0.9944402
64955,0.6053897,0.39461026
12395,0.63536304,0.36463693
17986,0.002828215,0.9971718
7000,0.86706907,0.13293096
12991,0.041505463,0.95849454
25875,0.44671604,0.55328393
4559,0.63197505,0.368025
51541,0.09795195,0.902048
37666,0.1130765,0.88692355
33403,0.5078597,0.49214035
54383,0.80628055,0.19371949
36749,0.016888266,0.9831117
1865,0.53401524,0.46598476
50655,0.9006636,0.09933644
64887,0.8057292,0.19427073
52593,0.8508807,0.14911935
62410,0.85467607,0.14532395
10522,0.72979754,0.27020243
33023,0.25399253,0.7460075
37204,0.57487756,0.4251224
27214,0.017427716,0.9825723
30609,0.03671244,0.9632876
59292,0.10813003,0.89186996
10906,0.818146,0.18185401
56229,0.9433409,0.05665906
65097,0.74910504,0.25089493
62352,0.909326,0.09067402
38729,0.0040365183,0.99596345
63056,0.66376746,0.3362326
18848,0.0014664403,0.9985336
45144,0.55779207,0.44220796
57339,0.99947363,0.00052644324
52191,0.7969911,0.20300889
2051,0.75410426,0.24589576
33957,0.23801285,0.7619871
23755,0.045009088,0.9549909
25620,0.5280704,0.4719296
52473,0.83661234,0.16338764
2562,0.0665335,0.9334665
64480,0.8451906,0.15480943
14714,0.28881362,0.71118635
43993,0.55859476,0.44140524
62023,0.8732776,0.12672234
43533,0.29110947,0.70889056
5620,0.18984975,0.81015027
50651,0.8449089,0.15509106
38900,0.0008338673,0.99916613
53822,0.6619001,0.33809987
24760,0.13550244,0.86449754
53337,0.57469255,0.4253074
54925,0.5980274,0.40197256
54804,0.7747308,0.22526915
34046,0.4736013,0.5263987
2267,0.3866606,0.61333936
52772,0.9039019,0.09609809
49891,0.79273355,0.20726642
44154,0.3764762,0.62352383
40352,0.0050980067,0.994902
27466,0.5831751,0.41682485
4937,0.7795529,0.22044712
14088,0.42803472,0.5719652
50216,0.7399818,0.26001826
64418,0.84009415,0.15990585
24904,0.09610529,0.90389466
22035,0.32983017,0.6701699
61342,0.772725,0.22727507
17549,0.002911911,0.99708813
17565,0.004853826,0.9951462
15578,0.005347779,0.99465215
35397,0.4917446,0.5082554
45070,0.9501494,0.049850605
58418,0.9667362,0.03326382
26822,0.64188653,0.35811344
39203,0.001030753,0.9989692
38505,0.19636013,0.8036399
42020,0.0152172055,0.98478276
31607,0.06013711,0.9398629
60919,0.8932703,0.106729664
31667,0.33775583,0.66224414
29910,0.00436584,0.99563414
55290,0.078148834,0.9218512
61772,0.99549097,0.004509091
33860,0.1810696,0.8189304
10493,0.7806678,0.21933223
21494,0.32367158,0.6763285
44566,0.8642771,0.13572289
2271,0.26797214,0.7320278
29699,0.12811723,0.87188274
26605,0.5286465,0.47135347
62059,0.67627907,0.32372096
50317,0.9686285,0.031371504
38700,0.013890049,0.98611
3354,0.6043748,0.3956252
10421,0.51432437,0.4856756
56693,0.8339022,0.16609782
21416,0.34207013,0.65792984
57521,0.9644458,0.035554208
39386,0.16877861,0.8312214
57900,0.9701137,0.02988626
43934,0.88804716,0.11195284
52620,0.88317585,0.1168242
1864,0.813668,0.18633202
22775,0.0019935644,0.9980064
1287,0.72585183,0.27414817
61037,0.8217228,0.17827721
54350,0.3096868,0.6903132
21925,0.08044829,0.91955173
20931,0.13740289,0.86259705
7281,0.10626384,0.8937362
15999,0.0031217604,0.99687827
19333,0.0027314632,0.99726856
64751,0.8023205,0.19767955
64310,0.8821251,0.117874935
46753,0.9240796,0.07592034
44029,0.3788223,0.62117773
10287,0.29120257,0.7087974
60736,0.31507742,0.6849226
54953,0.4699568,0.5300432
48100,0.90063965,0.099360414
35388,0.4679156,0.53208435
61178,0.95311856,0.04688144
24615,0.0010342835,0.99896574
53764,0.8089199,0.1910801
38647,0.11790225,0.8820978
22101,0.29942843,0.70057154
63704,0.7325516,0.26744843
24763,0.32717958,0.67282045
10935,0.63542676,0.36457327
48874,0.95859355,0.04140647
15608,0.020826863,0.9791732
5209,0.54189676,0.45810324
51536,0.83172023,0.16827975
19566,0.0004650816,0.99953496
41531,0.054522425,0.9454776
49527,0.90859336,0.09140665
2178,0.8387588,0.16124119
52265,0.85909873,0.14090128
48541,0.8180812,0.18191878
11007,0.3305579,0.66944206
14598,0.41783106,0.58216894
28717,0.0094760135,0.990524
52644,0.7904907,0.20950933
29896,0.29758415,0.7024158
24397,0.0069550658,0.9930449
35195,0.8278253,0.17217472
17548,0.0020497884,0.99795026
20136,0.0012024983,0.99879754
1916,0.37171757,0.6282824
3998,0.09938107,0.900619
8305,0.11303924,0.88696074
40240,0.0046431064,0.99535686
36516,0.00415278,0.9958473
44189,0.840187,0.15981294
19445,0.0017318933,0.9982681
17716,0.013217167,0.9867828
27719,0.0113836,0.9886164
33934,0.22801541,0.77198464
3677,0.90685284,0.09314717
1910,0.6083592,0.39164075
41121,0.11852512,0.8814749
37637,0.14251223,0.85748774
51411,0.72242093,0.27757907
3039,0.8650076,0.13499248
41671,0.0649576,0.93504244
30589,0.012279288,0.98772067
16920,0.0016860722,0.9983139
49950,0.85525316,0.14474678
55321,0.6857627,0.3142373
49414,0.9554987,0.044501312
43330,0.5823282,0.41767174
47465,0.95542306,0.0445769
36323,0.06807698,0.93192303
22795,0.0063257925,0.9936743
55714,0.91116244,0.088837504
35822,0.15680945,0.8431906
37378,0.039933313,0.96006674
62961,0.7338996,0.2661004
53143,0.89380527,0.106194794
47954,0.5334771,0.4665229
19061,0.0031608262,0.99683917
8861,0.43759385,0.5624061
21784,0.089188315,0.91081166
2071,0.93694615,0.063053854
19136,0.005757156,0.99424285
50404,0.65965986,0.34034014
27217,0.04784463,0.9521554
35734,0.3552854,0.64471453
44244,0.6588258,0.34117422
1226,0.3357908,0.66420925
52401,0.7860619,0.21393812
12753,0.37009406,0.629906
61903,0.9986008,0.0013991945
19230,0.011869121,0.9881309
10818,0.07762056,0.9223794
58521,0.9491148,0.05088519
27328,0.0052861962,0.99471384
46804,0.36327702,0.636723
29339,0.11308708,0.88691294
3731,0.30639115,0.6936088
42023,0.017504023,0.982496
9628,0.45496818,0.5450318
48440,0.90092313,0.09907688
64158,0.4626501,0.5373499
36148,0.0072000837,0.9927999
43515,0.618882,0.38111794
48647,0.662293,0.33770698
24683,0.05506341,0.9449365
24844,0.09028581,0.90971416
54718,0.6637698,0.3362302
60129,0.4561358,0.5438642
22196,0.0069107,0.99308926
64165,0.66052544,0.33947453
27102,0.009017441,0.9909826
24989,0.0017232896,0.9982767
40356,0.030224044,0.969776
9123,0.038759768,0.96124023
63617,0.9101331,0.08986691
9087,0.14274776,0.8572523
18411,0.0012216886,0.9987783
3349,0.8008994,0.1991006
57250,0.764186,0.23581402
25435,0.013322829,0.98667717
15534,0.12343302,0.876567
3955,0.38039365,0.6196063
60539,0.4183442,0.5816558
52883,0.6765059,0.32349408
24733,0.528719,0.47128096
38891,0.00014686506,0.99985313
3713,0.19829494,0.80170506
38757,0.00070072955,0.9992993
64686,0.7663291,0.23367085
58412,0.9164269,0.08357305
5125,0.4894521,0.51054794
25951,0.050112113,0.9498879
17473,0.003024739,0.9969753
2908,0.869232,0.13076799
17424,0.0010119467,0.9989881
30030,0.074676745,0.9253233
30420,0.015008825,0.98499113
33000,0.15925562,0.8407444
41267,0.1708236,0.82917637
39141,0.005523667,0.9944764
60682,0.5917002,0.40829986
39616,0.00051550096,0.9994844
46305,0.8570512,0.14294879
30375,0.048339646,0.95166034
12432,0.10437465,0.89562535
35013,0.6489621,0.3510379
52852,0.5369961,0.46300387
21555,0.35039294,0.64960706
27295,0.06465424,0.9353457
39317,0.0017518072,0.9982482
56580,0.917283,0.08271703
23732,0.074208796,0.9257912
1653,0.32519317,0.67480683
25582,0.016826145,0.9831738
46515,0.57530445,0.42469555
58351,0.9681485,0.031851545
45897,0.9693824,0.030617598
48880,0.95422804,0.04577203
7639,0.3208422,0.6791578
30654,0.6586028,0.3413972
7871,0.645311,0.35468897
36699,0.013704759,0.9862953
4851,0.91406655,0.085933484
42751,0.102293305,0.89770675
36967,0.006234939,0.993765
6296,0.3585755,0.64142454
54017,0.7525745,0.24742544
62289,0.96095264,0.03904738
11630,0.040429395,0.9595705
44414,0.666605,0.333395
20948,0.1857466,0.8142534
64661,0.5460994,0.4539006
48641,0.85609597,0.14390402
20083,0.0016073962,0.9983925
36877,0.03017774,0.9698223
63388,0.50388646,0.49611354
14678,0.0011635998,0.99883646
31149,0.12881733,0.8711826
46672,0.7745792,0.22542077
56346,0.5738172,0.4261828
7864,0.010382855,0.9896171
35989,0.003252983,0.996747
60060,0.19909327,0.8009067
28005,0.017885957,0.982114
25021,0.008980255,0.9910198
42445,0.27399343,0.72600657
13678,0.050233535,0.94976646
24922,0.10072786,0.8992721
44036,0.94977957,0.050220422
15150,0.086630955,0.91336906
41954,0.3442188,0.6557812
54500,0.8815988,0.118401274
33142,0.1819051,0.8180949
23027,0.0106454585,0.9893546
62198,0.75626516,0.2437348
4797,0.8045179,0.19548209
19411,0.0006214334,0.99937856
18706,0.00078402396,0.99921596
36007,0.044893622,0.95510644
49859,0.8897476,0.110252455
37623,0.19058383,0.8094162
44645,0.8531094,0.1468906
52267,0.2885799,0.71142006
57585,0.9997638,0.00023618736
13142,0.031626742,0.96837324
49801,0.913147,0.08685301
6110,0.91846246,0.0815375
1025,0.6994267,0.30057326
46679,0.7337276,0.26627246
29021,0.24367112,0.7563288
62905,0.8306136,0.16938636
12828,0.0072106244,0.99278945
26553,0.65997106,0.3400289
42891,0.0071658036,0.9928342
50768,0.83547676,0.16452326
22581,0.521856,0.47814402
10121,0.20801754,0.7919824
29970,0.3452524,0.6547476
16231,0.0010247764,0.9989753
57654,0.99983895,0.00016103091
5121,0.32629064,0.6737094
32759,0.20926593,0.79073405
43318,0.36506107,0.63493896
29611,0.006826786,0.9931732
40106,0.004243185,0.9957568
28034,0.012381062,0.9876189
21578,0.01909514,0.9809048
25406,0.004241299,0.9957587
58560,0.893765,0.106235005
9224,0.48354077,0.51645917
31696,0.15302712,0.8469728
36176,0.024171425,0.9758286
50374,0.9191143,0.080885775
59955,0.35102114,0.6489788
23695,0.021083036,0.978917
52219,0.7300258,0.26997414
42262,0.014838047,0.98516196
15291,0.068773314,0.9312267
10977,0.3143226,0.68567747
16717,0.006026294,0.9939737
29366,0.25975293,0.7402471
59531,0.16504516,0.83495486
1180,0.3294184,0.67058164
40082,0.0030331342,0.9969669
22309,0.0033998115,0.9966002
59358,0.43005928,0.5699407
18142,0.016455946,0.98354405
43965,0.9097102,0.090289816
30608,0.03759127,0.9624088
41628,0.0979761,0.90202385
41593,0.098891385,0.9011087
5043,0.58185405,0.418146
18995,0.0038039356,0.99619603
55331,0.7977089,0.20229109
48094,0.70233524,0.2976648
55274,0.6879503,0.3120497
45340,0.5088229,0.4911771
23603,0.001486166,0.9985139
59981,0.6554766,0.3445233
34173,0.1466471,0.85335296
39270,0.14808893,0.85191107
6990,0.78229177,0.21770819
18648,0.0002852907,0.9997147
15323,0.3756831,0.62431693
42040,0.69099337,0.3090066
51892,0.94921654,0.05078346
22773,0.011015312,0.9889847
41383,0.023844406,0.97615564
39325,0.61973107,0.38026896
36833,0.001063139,0.99893683
44736,0.9427472,0.05725275
17899,0.038439475,0.96156055
913,0.47731486,0.52268517
46847,0.9258716,0.074128345
21364,0.039787862,0.9602121
51543,0.85902286,0.1409772
35581,0.7158024,0.28419763
15367,0.8917035,0.10829647
48765,0.97441465,0.025585392
36929,0.008693077,0.99130696
19140,0.039172586,0.96082747
25020,0.010764792,0.9892352
28781,0.048968337,0.9510317
6222,0.35342273,0.64657724
50136,0.7236924,0.27630758
32186,0.60842115,0.39157888
50040,0.8299509,0.17004903
39788,0.00045231738,0.99954766
64116,0.91414064,0.08585933
17216,0.005634081,0.99436593
55317,0.9333264,0.06667358
40860,0.041368727,0.9586312
24991,0.001054384,0.99894565
63886,0.43987173,0.5601283
43800,0.99577624,0.004223759
37495,0.049665328,0.95033467
14168,0.48942363,0.5105764
61093,0.8852717,0.114728324
55306,0.33275568,0.6672444
20941,0.28929064,0.7107094
15257,0.009906648,0.9900934
41517,0.4189746,0.5810254
33237,0.55969423,0.44030574
39791,0.013948934,0.98605114
8552,0.5530177,0.44698232
25160,0.0054490245,0.994551
5662,0.84949136,0.15050867
58007,0.97686356,0.023136387
37995,0.0022570859,0.9977429
11302,0.1576517,0.8423483
35500,0.46973044,0.53026956
63774,0.2019362,0.79806376
886,0.40159506,0.59840494
3766,0.34741202,0.65258795
23660,0.0122149885,0.987785
10831,0.05593155,0.94406843
26449,0.16731279,0.83268726
21254,0.51746285,0.48253712
34519,0.5270739,0.47292605
38475,0.012383808,0.9876161
12911,0.03803991,0.96196014
48325,0.96341306,0.036586914
57243,0.65815973,0.3418402
1009,0.5776598,0.4223402
47158,0.9502323,0.04976765
50349,0.8671492,0.13285077
31432,0.101162314,0.89883775
65121,0.8311436,0.16885637
19744,0.0014114858,0.9985885
51379,0.711546,0.28845403
15320,0.36376423,0.6362358
6021,0.28987557,0.7101245
25035,0.010964964,0.989035
10888,0.80977136,0.19022861
39629,0.0001537822,0.9998462
6278,0.57431114,0.42568886
15943,0.07430523,0.92569476
24293,0.0024946826,0.99750537
43846,0.7929869,0.20701307
37980,0.003985922,0.9960141
65175,0.82162863,0.17837138
64038,0.9225253,0.07747477
19835,0.0036482569,0.9963517
33613,0.2356783,0.7643217
3125,0.5460062,0.45399383
5047,0.028300814,0.9716992
39080,0.008397645,0.99160236
36441,0.10625045,0.89374954
53340,0.69864583,0.30135423
7227,0.4383552,0.5616448
37236,0.37207085,0.6279291
30554,0.36761853,0.63238144
56445,0.8720046,0.12799536
20976,0.039429422,0.9605706
61341,0.8518739,0.14812614
50810,0.9214511,0.0785489
61909,0.84825283,0.1517472
56,0.05975066,0.94024926
51278,0.83859926,0.16140077
27922,0.015512349,0.9844877
34948,0.25490013,0.7450999
48033,0.45084068,0.5491593
46510,0.92203856,0.07796146
55488,0.2371713,0.76282865
15028,0.08901136,0.91098857
40954,0.015531897,0.98446804
60905,0.8639979,0.13600212
7935,0.49726582,0.5027341
45900,0.97096854,0.029031506
38756,0.014321136,0.98567885
56939,0.9742872,0.025712805
26377,0.0020935456,0.99790645
6948,0.10271212,0.8972879
61751,0.96507937,0.03492064
57465,0.98523164,0.014768358
13863,0.18161412,0.81838584
31860,0.27088144,0.7291185
63660,0.959782,0.040218044
48104,0.84816587,0.15183413
35926,0.011155116,0.9888448
2060,0.6766179,0.32338208
61982,0.9262923,0.073707715
51120,0.8489762,0.15102386
51279,0.7683113,0.2316887
59478,0.086689964,0.91331
51651,0.88901,0.11098992
23366,0.0012886642,0.99871135
53361,0.40953052,0.5904694
40057,0.005812118,0.99418783
28487,0.017183157,0.9828168
31451,0.052487843,0.9475121
61722,0.98039687,0.019603124
63425,0.030919787,0.96908015
22217,0.0011187328,0.9988813
23370,0.0032891333,0.9967109
13970,0.0019313468,0.99806863
2228,0.9253056,0.074694335
54200,0.92929405,0.07070596
49282,0.42271042,0.5772896
21361,0.043321222,0.95667875
37059,0.37989467,0.6201053
49784,0.9512444,0.04875554
28494,0.004493998,0.9955059
42803,0.03218578,0.9678142
41019,0.20958,0.79042
45653,0.6755041,0.3244959
45938,0.70574665,0.29425335
58895,0.1761292,0.8238708
33079,0.5363515,0.46364853
60345,0.5412438,0.4587562
7108,0.5300681,0.4699319
63505,0.50705785,0.49294215
14068,0.027092129,0.97290784
6032,0.8963097,0.10369036
15187,0.023931142,0.97606885
26225,0.045183785,0.95481616
9960,0.8331355,0.16686447
18942,0.004421823,0.9955781
26623,0.5553108,0.44468924
39546,0.0022033344,0.99779665
56509,0.7172796,0.28272045
22585,0.44979843,0.55020154
741,0.33784226,0.6621578
16077,0.33040503,0.66959494
51776,0.91241056,0.08758936
35693,0.049343567,0.9506565
58261,0.9964689,0.0035311433
21003,0.28019807,0.71980196
57619,0.99982184,0.00017822559
21942,0.18720157,0.81279844
25956,0.010029959,0.98997
41512,0.461728,0.53827196
6487,0.16680084,0.83319914
8741,0.19184011,0.80815995
18130,0.0464319,0.9535681
32616,0.44313812,0.5568619
61928,0.80317146,0.1968285
42849,0.08176712,0.91823286
18668,0.00023853149,0.9997615
39722,0.003346458,0.9966536
33801,0.54060704,0.45939294
42007,0.6342928,0.36570725
14205,0.020471027,0.979529
20371,0.77906585,0.22093412
48136,0.93615407,0.06384588
47287,0.96098775,0.039012257
24296,0.003514797,0.99648523
42831,0.027710827,0.9722892
28804,0.18884611,0.8111539
27653,0.001644084,0.9983559
6550,0.89802164,0.101978354
25563,0.6341522,0.36584783
32996,0.4659407,0.5340593
41293,0.13485615,0.8651439
30440,0.002248659,0.9977513
7116,0.13305055,0.86694944
17828,0.060903262,0.9390967
64938,0.6962689,0.30373108
58643,0.5899858,0.41001424
39716,0.0076158023,0.99238425
26886,0.007489844,0.9925101
3544,0.21430422,0.78569573
33910,0.20534016,0.79465985
35145,0.54730237,0.45269766
45289,0.8270337,0.17296633
45462,0.8421428,0.15785724
58466,0.9987363,0.0012637171
51456,0.86381567,0.13618435
14940,0.5209652,0.47903475
54616,0.81467474,0.18532528
54785,0.5285081,0.4714919
9214,0.77348465,0.22651538
53498,0.9184352,0.08156473
27068,0.009004446,0.9909956
37609,0.056878723,0.94312125
27490,0.45377553,0.54622453
8921,0.5857308,0.41426918
24399,0.0006202783,0.99937963
1239,0.8060056,0.19399442
64869,0.8370017,0.16299838
20529,0.33592704,0.66407293
57692,0.99978226,0.00021770917
19982,0.011599691,0.98840034
50945,0.64941484,0.35058522
63398,0.5684737,0.43152636
26995,0.3771324,0.62286764
63081,0.7047245,0.2952755
12553,0.040607225,0.9593928
19581,0.004154413,0.9958456
29322,0.49402395,0.5059761
12805,0.031932067,0.96806794
47549,0.94270205,0.057297956
26786,0.023256488,0.97674346
58451,0.9300518,0.06994817
34927,0.61504143,0.3849586
5897,0.75120074,0.24879926
2788,0.72243005,0.27756995
41698,0.05877059,0.9412294
20428,0.44371805,0.5562819
11397,0.026540305,0.9734597
59845,0.4646786,0.5353214
6970,0.81480485,0.1851952
6866,0.33000842,0.66999155
55603,0.9598193,0.040180672
46485,0.6120867,0.38791332
56228,0.9805252,0.01947473
46868,0.54042995,0.45957008
48601,0.8569008,0.1430992
22168,0.02393252,0.9760675
9190,0.04877318,0.95122683
37650,0.6388954,0.3611046
47753,0.75270957,0.2472904
41542,0.09208292,0.9079171
43600,0.9546766,0.04532339
45640,0.9042169,0.09578315
49057,0.8769714,0.12302856
27016,0.6345393,0.3654607
61708,0.91853356,0.08146643
32629,0.25735742,0.7426425
17852,0.008273937,0.99172604
54196,0.6306697,0.3693303
24570,0.0009369383,0.9990631
63235,0.71678793,0.2832121
30572,0.013900464,0.98609954
57422,0.82134676,0.1786533
17612,0.0014009918,0.998599
28279,0.006267894,0.99373204
35274,0.7152055,0.28479454
59938,0.8617051,0.13829488
42612,0.029087136,0.97091293
31376,0.037201352,0.9627986
16910,0.17828047,0.82171947
22514,0.004028761,0.99597126
24305,0.031896617,0.96810335
29763,0.017875792,0.98212427
11476,0.3809027,0.6190973
39315,0.01050158,0.9894984
60245,0.36345205,0.6365479
27147,0.013387237,0.9866128
47804,0.36775914,0.63224083
53616,0.923989,0.07601101
32467,0.089360304,0.9106397
3823,0.24503623,0.7549638
7096,0.66739064,0.3326094
46939,0.8120181,0.18798195
35384,0.6106804,0.3893196
29771,0.001566267,0.99843377
14315,0.27322504,0.72677493
26985,0.19889808,0.8011019
17213,0.0020017284,0.9979983
3180,0.76385677,0.23614322
42154,0.015652096,0.98434794
28689,0.0038503364,0.99614966
51224,0.89404684,0.10595321
19383,0.000489697,0.9995103
41485,0.010035413,0.98996454
51589,0.8462506,0.15374942
16362,0.002644714,0.99735534
55247,0.07830746,0.92169255
16691,0.00074487674,0.9992551
52299,0.71229976,0.28770027
36727,0.008742826,0.9912572
48872,0.96018934,0.03981062
44552,0.91025335,0.08974668
42141,0.19482332,0.80517673
52095,0.6583592,0.3416408
21011,0.16017725,0.8398227
10385,0.81904465,0.18095535
49538,0.86414427,0.13585572
27356,0.0028715516,0.9971284
1533,0.2805545,0.7194455
17745,0.00493047,0.9950695
49063,0.90126115,0.09873883
62629,0.8232105,0.1767895
50972,0.22910377,0.77089626
50036,0.8175444,0.18245561
60112,0.8102667,0.1897334
7261,0.062710635,0.9372894
56042,0.6950593,0.30494076
61487,0.84926325,0.1507368
30262,0.018980887,0.9810191
53222,0.6193928,0.38060713
12215,0.38809183,0.6119082
64876,0.8385224,0.16147766
45513,0.8847399,0.115260154
52684,0.73688066,0.2631194
16924,0.0719558,0.9280442
22628,0.079901315,0.9200987
5581,0.7912043,0.20879573
28976,0.067774095,0.93222594
16730,0.011230669,0.9887693
64367,0.8000221,0.19997787
54420,0.94191897,0.058081076
12031,0.36859643,0.63140357
13519,0.14687,0.85313
39239,0.00096936175,0.9990307
35827,0.21746697,0.78253305
9589,0.32838553,0.67161447
35820,0.1877777,0.81222224
47628,0.93832606,0.061673906
8964,0.6337265,0.36627355
23424,0.036984272,0.9630158
1599,0.77527183,0.22472814
21770,0.026683439,0.9733166
2451,0.74951756,0.25048247
5503,0.13468172,0.86531824
18726,0.0013558024,0.9986442
2240,0.8271381,0.17286192
36520,0.0050360896,0.9949639
18531,0.0013315097,0.99866855
24852,0.18714668,0.81285334
14334,0.92472523,0.07527479
26180,0.052021947,0.947978
55593,0.3776626,0.6223374
6956,0.037117187,0.9628828
26516,0.14202881,0.8579712
61810,0.923323,0.07667701
9470,0.48367226,0.51632774
37190,0.39326552,0.6067345
57204,0.6057055,0.3942945
38357,0.015177748,0.9848223
37146,0.22601861,0.7739814
24888,0.09908728,0.9009127
2386,0.78250074,0.21749933
24932,0.0715285,0.9284715
3329,0.9490534,0.050946586
64501,0.7875307,0.21246926
62954,0.7816685,0.21833153
42258,0.0114428075,0.9885572
62779,0.74857056,0.25142944
22760,0.027084991,0.97291493
478,0.8257843,0.17421563
33774,0.3043556,0.69564444
25660,0.11527841,0.8847216
1052,0.28828898,0.71171105
15239,0.08690901,0.913091
17499,0.011032852,0.9889671
10981,0.22449687,0.7755031
15624,0.0032507745,0.9967493
4361,0.0073171826,0.9926829
54468,0.86252654,0.13747345
12332,0.5180361,0.48196387
46644,0.85967296,0.14032704
45463,0.66528076,0.33471927
54326,0.71169376,0.28830624
45396,0.9789819,0.021018116
57984,0.9657701,0.03422991
25216,0.0090257805,0.99097425
15312,0.6798855,0.32011446
56757,0.9785886,0.021411449
3284,0.32124916,0.6787508
13232,0.0025034538,0.99749655
8831,0.7825434,0.21745656
6185,0.41205254,0.5879474
64081,0.8342438,0.16575621
12201,0.6301482,0.36985186
60668,0.5030549,0.4969451
35142,0.7479491,0.25205088
1153,0.33010995,0.66989005
13200,0.11024484,0.88975513
41631,0.3836147,0.6163853
15082,0.37697375,0.6230263
15502,0.04109394,0.95890605
54597,0.80117667,0.19882339
547,0.2645194,0.7354806
39060,0.015288053,0.9847119
40557,0.00084040634,0.9991596
39789,0.00042705686,0.99957293
31575,0.38654047,0.6134596
29341,0.44143558,0.5585644
29642,0.053835995,0.946164
37090,0.06324364,0.9367563
22337,0.040686682,0.95931333
10616,0.015855819,0.9841442
33553,0.3201053,0.6798946
58662,0.7883996,0.21160035
17187,0.0050387788,0.99496126
45617,0.89631253,0.10368743
17148,0.018446261,0.9815538
52308,0.91807353,0.081926405
64206,0.97451925,0.025480779
3992,0.2976489,0.70235115
47025,0.49128562,0.5087144
8565,0.6675929,0.33240712
2722,0.12945214,0.8705479
7449,0.28916472,0.71083534
13310,0.0006214642,0.99937856
691,0.38182774,0.6181722
13622,0.14797685,0.8520232
29685,0.21903263,0.78096735
49289,0.9732083,0.02679165
42807,0.34560263,0.6543974
3317,0.45357242,0.54642755
5142,0.08679346,0.9132065
34060,0.4756002,0.5243998
26528,0.035841882,0.9641582
42736,0.7044187,0.29558128
15229,0.20455131,0.7954487
180,0.08092008,0.91907996
44807,0.94164956,0.05835045
52552,0.90402,0.095979996
27363,0.05734161,0.9426584
24196,0.013910507,0.98608947
51938,0.907041,0.09295904
38738,0.008945024,0.99105495
49976,0.69939744,0.30060253
20364,0.73525864,0.2647413
14198,0.025128389,0.9748716
62725,0.83581275,0.16418722
1509,0.7669768,0.23302326
27579,0.049747746,0.95025223
8296,0.85074806,0.14925191
50751,0.89353925,0.10646081
36484,0.0020638835,0.9979361
38698,0.14372921,0.85627073
55558,0.8882639,0.11173612
3887,0.80146396,0.19853604
17815,0.068828925,0.93117106
54451,0.5838013,0.41619867
31613,0.28503618,0.7149638
21541,0.19817531,0.8018247
27965,0.01201602,0.98798394
32327,0.7117629,0.28823704
29637,0.15825021,0.8417498
37761,0.008171268,0.99182874
6321,0.31500125,0.68499875
37596,0.045411788,0.9545882
63421,0.112734415,0.88726556
43064,0.02275077,0.97724926
56173,0.9018311,0.09816891
11862,0.11843455,0.8815654
40503,0.0046958863,0.9953041
34328,0.41721812,0.5827819
58486,0.9979931,0.0020068944
24173,0.0025611194,0.9974389
21239,0.46395996,0.53604
45294,0.978609,0.021390945
35439,0.69880235,0.30119762
58316,0.96307284,0.036927156
64523,0.91124016,0.08875984
48799,0.477597,0.522403
7008,0.0074156313,0.99258435
8294,0.53945434,0.4605457
25662,0.047501758,0.9524982
40945,0.08748408,0.9125159
63733,0.6273174,0.3726826
4391,0.61907274,0.3809272
23618,0.042495135,0.95750487
27035,0.012142806,0.9878572
39288,0.0017220186,0.998278
42505,0.097398736,0.90260124
17299,0.002865316,0.9971347
20441,0.6466976,0.35330245
41635,0.0583687,0.94163126
18980,0.003053338,0.99694663
5647,0.7621553,0.23784469
41377,0.14412759,0.85587245
53189,0.7127227,0.2872773
21923,0.8197103,0.18028967
47195,0.8528892,0.14711082
15009,0.25832653,0.74167347
16537,0.0042891465,0.99571085
55707,0.69629973,0.30370033
7988,0.5491671,0.4508329
56800,0.9906641,0.009335843
10289,0.465506,0.53449404
45149,0.94535834,0.054641612
10550,0.8686082,0.13139181
7748,0.9893929,0.010607095
47066,0.88312954,0.116870455
53933,0.87791777,0.1220822
24494,0.007854618,0.99214536
1829,0.37752593,0.62247413
6949,0.614052,0.385948
50495,0.8731163,0.12688372
59365,0.43667534,0.5633247
2904,0.5820031,0.41799685
25727,0.22273938,0.77726054
25340,0.0014944067,0.9985056
18577,0.001977052,0.9980229
42088,0.021812437,0.97818756
63993,0.9290655,0.07093449
52969,0.8105662,0.18943378
42477,0.1071882,0.89281183
25779,0.5627788,0.43722126
7768,0.27607182,0.7239282
27833,0.09210892,0.9078911
30415,0.012854112,0.9871459
5731,0.8519856,0.14801441
10859,0.36906928,0.6309308
54134,0.6649249,0.33507505
55551,0.581226,0.41877404
3592,0.849405,0.15059505
37273,0.18988058,0.8101194
39656,0.00016978415,0.99983025
26021,0.004470625,0.99552935
27088,0.007057985,0.992942
24889,0.41910627,0.5808937
32384,0.13742524,0.8625748
49559,0.4611233,0.5388767
48945,0.9668815,0.03311848
49002,0.7239958,0.2760042
37730,0.0011298133,0.9988702
44835,0.9255993,0.07440073
14943,0.29673722,0.7032628
15663,0.009984531,0.99001545
54081,0.49577767,0.50422233
42885,0.023776526,0.97622347
50134,0.70140916,0.29859084
52795,0.44485137,0.55514866
2588,0.8168088,0.18319117
28692,0.002119226,0.9978808
56141,0.94198793,0.05801203
60515,0.26811373,0.73188627
52013,0.6004366,0.3995633
49388,0.7680941,0.23190582
27386,0.036337405,0.9636626
4721,0.100324504,0.89967555
46940,0.762853,0.23714693
57524,0.9515923,0.048407692
52960,0.8816618,0.118338265
14469,0.40438375,0.5956162
46145,0.9385815,0.06141846
44053,0.9799238,0.020076178
4037,0.0027504798,0.99724954
8810,0.519312,0.480688
27916,0.016283907,0.98371613
35314,0.4236622,0.5763378
43042,0.042625304,0.9573747
9144,0.37077284,0.6292271
31369,0.13039877,0.8696012
48930,0.74443185,0.25556818
41762,0.09303017,0.9069699
19930,0.00031102833,0.999689
15186,0.1428746,0.85712534
47677,0.32428813,0.67571187
24708,0.14544623,0.8545538
64537,0.29971302,0.70028704
45477,0.9231361,0.076863915
52540,0.43427455,0.5657254
30272,0.026333496,0.9736665
2116,0.78773344,0.2122666
44173,0.92147255,0.07852746
60524,0.30561602,0.6943839
24105,0.0052232076,0.99477684
38422,0.10970009,0.8902999
59750,0.8305982,0.16940181
47991,0.8382688,0.16173118
38053,0.010750076,0.98924994
40333,0.0010498676,0.9989502
54700,0.818399,0.18160097
1132,0.6346207,0.36537924
19272,0.0024256941,0.99757427
16633,0.0005450984,0.9994549
49701,0.7827649,0.21723509
23819,0.004556148,0.9954438
42145,0.01387948,0.9861205
12188,0.075589225,0.92441076
8659,0.7566897,0.24331023
55425,0.61103934,0.38896063
42283,0.056052666,0.9439473
22678,0.0017700832,0.9982299
30394,0.0032438445,0.99675614
44234,0.89142984,0.10857021
4882,0.82230824,0.17769176
49603,0.83791864,0.1620813
2833,0.8367317,0.1632683
64742,0.77350307,0.22649701
17105,0.013881248,0.9861188
3062,0.8002505,0.19974948
29672,0.38950557,0.6104944
38979,0.00014713137,0.9998529
42780,0.26285362,0.7371464
42674,0.2656115,0.7343885
493,0.5075318,0.4924682
38640,0.0042354795,0.9957645
27031,0.0014389594,0.9985611
62259,0.68573546,0.31426454
45159,0.9174569,0.08254308
21502,0.45013592,0.5498641
354,0.194283,0.805717
1521,0.8814034,0.11859659
281,0.2658156,0.73418444
28177,0.0040974864,0.9959025
39652,0.00022976595,0.9997702
5506,0.052193914,0.94780606
15983,0.0008127344,0.9991873
12700,0.13216628,0.8678338
35930,0.020025948,0.97997403
48419,0.91109526,0.08890472
15879,0.020152261,0.9798478
48788,0.89634657,0.10365342
54457,0.5963953,0.40360472
29602,0.013397185,0.9866028
11881,0.30198422,0.69801575
47253,0.97378135,0.026218716
32379,0.5902657,0.40973428
10738,0.40110868,0.5988913
6391,0.75548935,0.24451065
19116,0.0054532876,0.9945468
30348,0.037267786,0.9627322
30187,0.30530807,0.69469196
54629,0.33268142,0.6673186
20639,0.121464476,0.87853557
15099,0.02467769,0.97532237
22151,0.0039404472,0.99605954
55989,0.9984273,0.0015727264
59140,0.031713087,0.9682869
25104,0.043626305,0.9563737
59145,0.0723161,0.92768395
17230,0.010837105,0.9891629
4618,0.9324315,0.067568496
1157,0.30220675,0.69779325
31102,0.059600595,0.9403994
25998,0.11391123,0.8860888
382,0.74753046,0.25246954
49774,0.8404858,0.15951422
27939,0.050148837,0.9498512
5813,0.57897925,0.42102072
23179,0.00066985935,0.99933016
29405,0.02930249,0.9706975
38520,0.13422231,0.8657777
6077,0.8836853,0.11631473
17978,0.0009450359,0.99905497
13494,0.7328319,0.26716813
54372,0.89990187,0.100098126
48851,0.90383655,0.096163444
1742,0.20052893,0.799471
30024,0.0017438584,0.99825615
7634,0.5060958,0.49390414
28269,0.22278672,0.7772133
23890,0.1453936,0.8546064
32556,0.16576773,0.83423233
64441,0.8246922,0.17530784
674,0.4739034,0.5260966
7148,0.3124234,0.6875766
24927,0.10570407,0.894296
40172,0.033584185,0.9664158
15322,0.7869991,0.21300082
32751,0.33272332,0.66727674
27658,0.3432145,0.65678555
13507,0.5926381,0.40736195
63267,0.25325143,0.74674857
34701,0.6187123,0.38128772
10251,0.13392246,0.86607754
26341,0.0013716945,0.9986284
46976,0.15244396,0.84755605
55103,0.7885739,0.21142614
44890,0.9577671,0.042232838
51560,0.57244873,0.42755124
43734,0.81066394,0.18933599
49849,0.9497687,0.050231308
51502,0.9768331,0.023166902
5094,0.7005624,0.2994376
9698,0.45664778,0.5433522
37087,0.00856462,0.99143535
3744,0.31173354,0.68826646
50063,0.8522838,0.14771625
53130,0.81931233,0.18068765
54814,0.9588892,0.04111078
58472,0.9747035,0.02529659
27952,0.04910169,0.9508983
52101,0.5228345,0.47716558
47971,0.70019364,0.2998064
1936,0.65120155,0.34879848
18837,0.0018642135,0.9981358
58761,0.9160129,0.083987154
3594,0.4697706,0.53022945
734,0.36104152,0.6389585
9908,0.02701404,0.9729859
33867,0.56741405,0.432586
49904,0.6190878,0.3809122
7836,0.15628596,0.843714
56195,0.7969945,0.20300543
3072,0.27062178,0.7293782
51863,0.9744425,0.02555753
26817,0.37408188,0.6259181
40146,0.0008410035,0.999159
61022,0.80516714,0.19483289
59413,0.7055243,0.29447573
12712,0.10602853,0.89397144
26846,0.013558878,0.9864411
9102,0.12131169,0.87868834
6993,0.9603922,0.039607823
42380,0.15595882,0.84404117
45746,0.9698104,0.03018963
49233,0.6525304,0.3474697
31557,0.044197276,0.9558027
58804,0.75273824,0.24726179
13535,0.09886416,0.90113586
52284,0.80093503,0.19906498
58846,0.62735534,0.3726447
14420,0.49962753,0.50037247
12046,0.07532937,0.9246706
46964,0.9075945,0.092405535
43163,0.07598704,0.92401296
11975,0.46071616,0.5392839
387,0.6078598,0.3921402
6047,0.8032916,0.19670837
44292,0.8163711,0.18362893
28266,0.06902831,0.9309717
5764,0.7626831,0.2373169
13138,0.0020234366,0.9979766
17252,0.004791746,0.9952082
64502,0.87815416,0.12184579
57498,0.98474914,0.015250856
50418,0.82877994,0.17122005
55238,0.84383667,0.15616338
22167,0.012104588,0.98789537
1728,0.91145086,0.0885492
2033,0.46140012,0.53859985
37590,0.00061378686,0.9993862
34559,0.3311723,0.6688277
39433,0.067270055,0.9327299
33724,0.5070257,0.49297422
2658,0.89218616,0.10781385
50106,0.83732295,0.16267703
55271,0.9086857,0.09131439
86,0.014425917,0.98557407
1815,0.593709,0.406291
62619,0.8066855,0.19331448
42692,0.73252743,0.26747254
49092,0.8322954,0.1677046
29013,0.023940554,0.97605944
10160,0.7908244,0.20917563
24795,0.22834505,0.77165496
3070,0.9056292,0.094370775
14773,0.046375424,0.95362455
56461,0.8527987,0.14720136
28370,0.04577059,0.9542294
53420,0.877053,0.12294692
21139,0.07973596,0.92026407
58193,0.755414,0.244586
62096,0.86408615,0.13591388
60205,0.45046103,0.54953897
7977,0.90036625,0.099633686
11769,0.19895442,0.8010456
21497,0.40976965,0.59023035
61564,0.1684052,0.8315948
25229,0.0071735736,0.99282646
55597,0.5384764,0.46152365
30049,0.03362522,0.9663748
10789,0.04847598,0.951524
25528,0.22470096,0.7752991
45447,0.9734002,0.0265998
21142,0.11340748,0.88659257
19762,0.00070978404,0.9992902
15221,0.66167486,0.33832514
19889,0.00011771899,0.9998822
6757,0.3306479,0.66935205
31615,0.15665081,0.8433492
28580,0.39887607,0.6011239
28805,0.28081006,0.7191899
46020,0.93124217,0.06875785
33180,0.25428525,0.7457148
34041,0.34265694,0.65734303
24468,0.00040611136,0.9995939
26765,0.6497318,0.35026824
38613,0.052190177,0.9478098
24623,0.006374854,0.99362516
44072,0.8528159,0.14718403
4260,0.41483474,0.5851652
56969,0.9231089,0.076891065
64588,0.75080645,0.24919358
50395,0.8672686,0.13273138
64822,0.70481324,0.2951868
59742,0.64480764,0.35519242
47409,0.743643,0.25635707
46880,0.46186256,0.53813744
26273,0.019217895,0.98078215
37581,0.0028703152,0.99712974
50259,0.6858559,0.31414405
15707,0.061666694,0.93833333
26018,0.05152292,0.948477
59058,0.5780048,0.42199522
34442,0.819327,0.18067303
18597,0.0036613022,0.9963387
46174,0.84121054,0.15878946
31888,0.37705222,0.6229478
14158,0.8150445,0.18495551
12153,0.6869572,0.3130428
49931,0.70621943,0.29378054
5174,0.18834531,0.8116547
22751,0.0068671973,0.99313277
27924,0.011668007,0.988332
50076,0.8751735,0.12482655
60680,0.29285657,0.70714337
16914,0.00097487844,0.9990251
8686,0.11162009,0.8883799
41026,0.06253123,0.9374687
56410,0.8707965,0.12920354
467,0.71278554,0.28721446
43742,0.9391231,0.060876925
34549,0.8371281,0.16287191
57045,0.93758816,0.062411793
1480,0.79591876,0.20408127
5060,0.6397437,0.36025634
44393,0.9501461,0.04985386
14385,0.0038193027,0.9961808
40487,0.3173114,0.68268853
16960,0.0061992267,0.9938008
14837,0.010852814,0.9891472
35935,0.029569296,0.97043073
46772,0.7043432,0.29565674
31161,0.030290563,0.9697094
45721,0.7344631,0.2655369
22771,0.007990912,0.99200904
21146,0.074716784,0.9252832
7405,0.83767784,0.1623222
31472,0.09800381,0.9019962
44688,0.9408064,0.059193656
14508,0.71922123,0.28077874
62071,0.8155284,0.18447162
63219,0.8913548,0.1086452
2902,0.6159823,0.38401777
55538,0.82990235,0.17009768
10092,0.31761414,0.68238586
54566,0.63861465,0.3613854
50174,0.7107153,0.28928474
60624,0.492103,0.50789696
64374,0.8448603,0.15513968
17926,0.0012045525,0.9987954
39873,0.0010031445,0.9989969
17026,0.0011672933,0.99883276
47610,0.7274292,0.27257082
2369,0.8909375,0.10906249
38652,0.07587441,0.9241256
32922,0.20069392,0.7993061
51433,0.82495695,0.17504302
9100,0.042296663,0.95770335
25455,0.0066562044,0.99334383
4451,0.47597635,0.5240237
25614,0.17332372,0.82667625
4704,0.68056,0.31943995
28424,0.0014582707,0.9985417
59189,0.025016222,0.97498375
3789,0.05292075,0.9470793
23391,0.020889824,0.9791102
55456,0.2782595,0.7217405
64320,0.8135345,0.18646549
50847,0.67607117,0.32392883
13722,0.03289671,0.96710336
36662,0.043056678,0.9569433
56586,0.9017192,0.09828084
23649,0.33492267,0.6650773
6701,0.92932016,0.070679784
65207,0.79159564,0.20840438
13345,0.018118044,0.9818819
38749,0.00781901,0.99218094
33227,0.4657662,0.5342338
37895,0.10024725,0.89975274
60952,0.9997161,0.00028390175
13887,0.4868027,0.5131973
42371,0.021206437,0.9787935
53740,0.8438223,0.15617764
25882,0.010738535,0.9892615
42009,0.019627446,0.9803726
52379,0.755312,0.24468799
17505,0.01293761,0.9870624
23229,0.01973556,0.9802644
7610,0.08211018,0.91788983
33061,0.43035296,0.569647
49266,0.65533775,0.34466225
21329,0.006566526,0.9934335
22355,0.038222473,0.9617775
57922,0.9913344,0.008665607
44120,0.68209535,0.31790462
28641,0.038265858,0.9617342
30557,0.6316004,0.3683996
7647,0.72620165,0.2737984
14681,0.19593908,0.80406094
20785,0.25661275,0.7433873
18847,0.0021945564,0.9978054
16016,0.004410513,0.9955895
1140,0.43671894,0.56328106
28992,0.18637115,0.81362885
41481,0.0059382427,0.99406177
54494,0.7447133,0.25528666
52395,0.4067108,0.59328926
62079,0.6187123,0.38128772
27848,0.0108040115,0.98919606
24526,0.2244176,0.77558243
1357,0.28071344,0.71928656
15349,0.3831723,0.6168277
56262,0.8625871,0.13741285
57323,0.9919591,0.008040916
55656,0.64060354,0.35939646
41117,0.0044479845,0.995552
10638,0.6679902,0.33200976
39625,0.0014688805,0.9985311
26739,0.27567065,0.72432935
42932,0.010000222,0.98999983
51617,0.6819746,0.31802538
57310,0.9998281,0.00017191216
32677,0.22155571,0.7784443
57166,0.9851635,0.014836542
30373,0.021525493,0.97847456
32036,0.13891503,0.861085
42573,0.7944799,0.20552017
19110,0.0029380945,0.9970619
21384,0.011255191,0.98874485
25914,0.012900784,0.98709923
36327,0.074674316,0.92532563
37134,0.06727844,0.9327216
10247,0.2130277,0.7869723
65111,0.43594876,0.5640513
64572,0.8600586,0.13994142
11587,0.011278684,0.9887213
33678,0.35377893,0.64622104
45913,0.8947258,0.105274186
10267,0.80435777,0.19564217
32201,0.04225471,0.95774525
29918,0.11836363,0.8816364
37925,0.03690231,0.9630977
6597,0.6302302,0.3697698
58512,0.94686794,0.053132016
57336,0.9997825,0.0002175077
45571,0.83014935,0.16985062
19032,0.012747949,0.9872521
36404,0.007852538,0.9921475
8124,0.023668945,0.97633106
6927,0.9108261,0.08917391
19132,0.0011193724,0.9988807
20144,0.0012849432,0.99871504
24459,0.0009880009,0.999012
19443,0.00036462967,0.99963534
14367,0.4873979,0.5126021
21399,0.056053147,0.94394684
8489,0.5457038,0.45429617
61648,0.6815107,0.31848934
1562,0.969663,0.030337015
19967,0.0013061664,0.9986939
20166,0.0017062705,0.9982937
22349,0.0013222641,0.9986777
39043,0.002112337,0.9978877
25539,0.025957592,0.9740424
29590,0.0040291655,0.9959708
18681,0.0009072415,0.9990928
25933,0.009520592,0.9904794
12582,0.04172573,0.95827425
20177,0.00060138985,0.9993986
12041,0.41300443,0.58699554
46610,0.87442434,0.12557572
64958,0.77240366,0.2275963
52608,0.94738305,0.052616984
3337,0.7655347,0.2344653
62820,0.584545,0.41545498
47828,0.888799,0.11120097
32971,0.23937048,0.76062953
4661,0.62735194,0.37264806
14270,0.24793628,0.75206375
46398,0.65275186,0.3472482
22482,0.015511153,0.98448884
54915,0.8765204,0.12347959
17397,0.004971205,0.9950288
5766,0.7273123,0.27268764
48177,0.742856,0.257144
16786,0.027977498,0.97202253
12408,0.399534,0.60046595
1859,0.74795675,0.25204325
49037,0.7002857,0.29971433
50399,0.860096,0.13990407
36814,0.001678046,0.99832195
44119,0.9438811,0.056118906
35775,0.2477527,0.75224733
36359,0.017278107,0.98272187
17798,0.041464962,0.9585351
58419,0.9210235,0.07897658
9050,0.46828112,0.53171885
57321,0.98739016,0.012609896
13520,0.06855812,0.93144184
262,0.14695017,0.8530498
6150,0.7478219,0.25217807
28067,0.006975759,0.99302423
32220,0.07161179,0.92838824
31552,0.046797026,0.953203
22388,0.11355132,0.8864486
46107,0.86245817,0.13754188
41853,0.13012838,0.8698716
22556,0.00089744455,0.9991026
63668,0.4585759,0.5414241
32118,0.113178365,0.8868216
24067,0.010700206,0.9892998
42734,0.17802644,0.8219736
16224,0.0019941223,0.9980059
8177,0.6329514,0.3670486
40603,0.018959224,0.9810408
64484,0.8003701,0.1996299
24353,0.0017302386,0.9982698
42976,0.041176192,0.95882386
21886,0.24766432,0.7523357
57881,0.9866758,0.013324259
35007,0.6013882,0.39861178
28044,0.4402233,0.55977666
12856,0.009517252,0.9904827
53761,0.93714017,0.06285982
48272,0.39489767,0.6051023
53321,0.933589,0.066411056
12669,0.1007553,0.8992447
21543,0.01219954,0.9878005
38341,0.29524904,0.704751
29596,0.022842573,0.9771574
29521,0.4660349,0.5339651
990,0.85383683,0.14616314
47239,0.20483312,0.79516685
48665,0.23605531,0.7639447
62664,0.95311856,0.04688144
14103,0.54497224,0.45502776
20039,0.0007548724,0.99924517
62531,0.71476275,0.28523722
7932,0.11521406,0.88478595
61746,0.9399701,0.06002988
7171,0.11874542,0.8812546
43664,0.8434817,0.15651827
52647,0.55320483,0.4467952
5842,0.51738703,0.48261294
59003,0.23142126,0.7685787
44055,0.9309503,0.069049664
51561,0.83508056,0.16491939
57515,0.99131846,0.0086816065
33656,0.42728817,0.57271177
38123,0.0011077652,0.99889225
16788,0.0030763347,0.9969236
21972,0.2166102,0.7833898
6703,0.38122967,0.61877036
48981,0.85579056,0.14420938
3315,0.23706238,0.7629376
47805,0.8096764,0.19032362
21230,0.61715645,0.38284358
27963,0.016283112,0.98371685
14856,0.20591104,0.79408896
12192,0.0030494246,0.9969505
23020,0.053637337,0.9463627
6996,0.14190102,0.8580989
30222,0.6611001,0.33889994
51653,0.7795891,0.22041094
29757,0.002500909,0.99749905
19558,0.001638814,0.9983612
8888,0.5870942,0.41290587
881,0.32571968,0.6742803
6925,0.7836916,0.21630847
10214,0.12832639,0.87167364
41737,0.040119063,0.95988095
48937,0.87190086,0.12809916
24898,0.036572743,0.96342725
19499,0.0041636755,0.9958364
18093,0.0039062793,0.9960937
18731,0.0002946345,0.9997054
2973,0.84389496,0.15610509
40327,0.014311932,0.9856881
33838,0.25215414,0.7478459
64571,0.65672654,0.34327343
42662,0.13195686,0.8680431
26435,0.004460977,0.995539
59397,0.57147473,0.42852527
34185,0.40943548,0.59056455
1671,0.70833534,0.29166466
1526,0.92837626,0.07162379
1051,0.5322956,0.4677044
45597,0.85659504,0.14340489
35714,0.2476522,0.7523478
34635,0.24218102,0.75781894
32083,0.12776381,0.8722362
62414,0.81604546,0.1839545
28950,0.25584424,0.74415576
5618,0.8220612,0.17793888
55431,0.77334714,0.22665285
60119,0.74050474,0.2594953
32560,0.36421815,0.6357818
47389,0.793335,0.20666496
42054,0.04759939,0.95240057
12377,0.0025928358,0.99740714
37035,0.41842952,0.5815705
25034,0.0014577564,0.9985423
9679,0.762208,0.23779206
62897,0.8855606,0.11443939
25666,0.11736262,0.8826374
27278,0.0032968505,0.9967032
49341,0.856955,0.14304504
53872,0.51233613,0.48766387
58999,0.5490156,0.45098445
54439,0.91719425,0.08280578
48452,0.5397209,0.4602791
32568,0.74426055,0.25573942
31320,0.12275561,0.87724435
14290,0.39719045,0.60280955
9929,0.015423422,0.9845766
25302,0.005941694,0.9940584
16171,0.019776022,0.980224
35990,0.003288883,0.99671113
59283,0.7334192,0.2665808
7234,0.4001268,0.5998732
54862,0.61779195,0.382208
33082,0.41858894,0.58141106
3120,0.76161706,0.23838294
15194,0.23666719,0.76333284
54024,0.5916651,0.4083349
41315,0.07306395,0.92693603
31164,0.047414564,0.9525854
49146,0.74030733,0.2596927
60499,0.34087908,0.6591209
22397,0.046893653,0.95310634
27179,0.005936109,0.9940639
39138,0.0039617675,0.9960382
7950,0.42405266,0.57594734
64014,0.9132898,0.08671021
48561,0.97399974,0.026000202
47280,0.85658944,0.1434106
46580,0.84200346,0.15799655
43795,0.8412613,0.15873864
16320,0.024315083,0.9756849
64015,0.91887075,0.08112929
62274,0.99720424,0.0027957112
25320,0.0010374206,0.9989625
42761,0.82320476,0.17679524
20587,0.5937274,0.40627265
18984,0.00068512367,0.9993149
3692,0.33804575,0.6619542
63201,0.29172254,0.70827746
64403,0.82674754,0.17325245
13894,0.2822858,0.7177142
45680,0.62082696,0.37917298
31733,0.052097086,0.9479029
47113,0.77537566,0.22462428
35196,0.7876184,0.21238156
5624,0.5385042,0.46149585
25264,0.00034358684,0.99965644
26910,0.002062776,0.9979372
41712,0.017857518,0.9821425
16327,0.0073799584,0.99262005
2083,0.9098996,0.09010046
41656,0.0025178231,0.99748224
58652,0.69780165,0.30219835
8626,0.8055489,0.19445103
43120,0.11155286,0.88844717
38586,0.00067920925,0.99932086
59684,0.30352286,0.6964772
45561,0.8543321,0.14566796
39054,0.070965454,0.9290346
53263,0.8380722,0.16192777
56120,0.92670244,0.07329754
40577,0.036324408,0.96367556
54623,0.18621802,0.813782
20580,0.2923905,0.70760953
31049,0.3560063,0.64399374
8768,0.7298365,0.27016345
3078,0.9006872,0.0993128
25770,0.32918492,0.6708151
20411,0.4395342,0.5604658
14884,0.3481315,0.65186846
28528,0.24687031,0.75312966
16938,0.0010504359,0.9989496
43210,0.12358515,0.87641484
10253,0.017484393,0.9825156
8285,0.022368103,0.9776319
39744,0.0005424173,0.99945754
7006,0.7914089,0.2085911
10848,0.54527396,0.45472604
11469,0.02199209,0.978008
32465,0.0782902,0.9217098
2349,0.7986649,0.20133503
18925,0.002072487,0.99792755
45832,0.74522156,0.25477841
44832,0.9451152,0.054884832
11580,0.25106615,0.74893385
21911,0.1828614,0.81713855
37097,0.43961415,0.5603858
31058,0.5414675,0.45853248
28180,0.0047994996,0.9952005
9647,0.46499816,0.5350019
40799,0.22958052,0.7704195
25171,0.011585824,0.98841417
1627,0.35838202,0.64161795
47108,0.8342969,0.16570316
19785,0.00041814343,0.9995819
14056,0.13371485,0.86628515
51270,0.6965621,0.3034379
49458,0.920647,0.07935293
27641,0.01540873,0.98459125
60839,0.69771487,0.30228516
49327,0.94384456,0.05615544
29410,0.058784414,0.9412155
19914,0.00028480208,0.99971515
22293,0.04193027,0.9580698
25682,0.16070803,0.83929193
20647,0.51771694,0.48228303
21975,0.9421628,0.05783713
13376,0.0067868265,0.9932132
33424,0.33333912,0.66666085
22408,0.05061217,0.94938785
4304,0.062238187,0.93776184
22817,0.021030046,0.97897
29385,0.016296478,0.98370355
39029,0.005959173,0.9940408
60445,0.22871928,0.7712807
64447,0.8324449,0.16755511
26238,0.009425928,0.99057406
17826,0.0066736485,0.9933263
9423,0.65941477,0.34058523
14253,0.11079512,0.8892049
62007,0.4130153,0.5869847
44554,0.89436936,0.10563056
10946,0.49771056,0.5022894
3841,0.3096723,0.6903277
39198,0.0010757314,0.9989242
30142,0.6048639,0.39513612
7855,0.3851169,0.6148831
6480,0.90583116,0.09416888
47006,0.73533887,0.26466116
44381,0.80981964,0.19018039
52517,0.7354477,0.26455224
55997,0.9665259,0.03347403
22602,0.062500104,0.9374998
17692,0.01977668,0.9802233
13906,0.014015595,0.9859844
13674,0.23027971,0.7697203
60622,0.27648017,0.72351986
56175,0.75798863,0.24201134
40284,0.019050762,0.9809492
14927,0.007487775,0.9925122
27397,0.018943427,0.98105663
23443,0.0005471889,0.99945277
20803,0.16010565,0.83989435
22761,0.0034229935,0.99657696
25565,0.38836873,0.6116312
2784,0.6958308,0.30416915
27285,0.0037222,0.99627775
852,0.28940865,0.7105913
64477,0.8502623,0.1497377
64882,0.84736013,0.1526398
50593,0.73008436,0.2699156
58035,0.9516722,0.048327733
20899,0.06838615,0.93161386
24604,0.18479937,0.81520057
53030,0.72633624,0.27366376
56499,0.91821796,0.081782065
31194,0.5069701,0.4930299
1871,0.23235661,0.7676434
48181,0.71556836,0.28443158
35457,0.5830474,0.41695267
16757,0.006132977,0.993867
53787,0.34967157,0.6503284
34631,0.7614761,0.23852395
9015,0.011323348,0.98867667
35880,0.040733535,0.9592665
44892,0.9342629,0.06573714
36192,0.015101154,0.98489887
39728,0.0027306553,0.99726933
45328,0.6360839,0.3639161
31220,0.06148661,0.9385134
39017,0.0075633726,0.9924366
32473,0.08480044,0.9151995
63348,0.34887627,0.6511237
53166,0.4635712,0.5364288
9330,0.19760692,0.8023931
23276,0.018277789,0.9817222
41937,0.00105364,0.99894637
33925,0.6996085,0.30039153
28759,0.0055055316,0.9944945
2910,0.8518116,0.14818844
49026,0.9624308,0.037569217
17531,0.013472864,0.98652714
16932,0.00681357,0.9931865
10137,0.9447476,0.055252355
780,0.20062876,0.79937124
35256,0.7535869,0.24641308
46517,0.7842866,0.21571337
23251,0.00472913,0.9952709
52283,0.31765354,0.68234646
33014,0.53655994,0.46344003
43861,0.5096305,0.49036953
57836,0.9917629,0.0082371505
45089,0.79147315,0.20852686
6878,0.041441526,0.9585585
64621,0.8723804,0.12761965
44213,0.8678943,0.13210565
24935,0.32764384,0.6723562
51742,0.89963615,0.100363865
1270,0.3288613,0.6711387
9492,0.5373234,0.46267655
3537,0.8380656,0.16193438
35792,0.3622787,0.6377213
6438,0.29243195,0.707568
50267,0.95093364,0.04906634
28795,0.2264159,0.77358407
2293,0.9338356,0.06616438
64942,0.8715858,0.12841417
1571,0.43184337,0.56815666
58473,0.9979582,0.0020417676
14893,0.104252465,0.8957476
51532,0.71797633,0.28202367
15990,0.021755673,0.97824425
39544,0.0064387885,0.99356115
13551,0.4058195,0.59418046
35901,0.06546625,0.9345338
62347,0.77793527,0.22206481
35417,0.31077543,0.68922454
17290,0.0024905908,0.99750936
12353,0.38919973,0.61080027
1991,0.68369144,0.31630853
10943,0.09985388,0.9001462
62717,0.6003596,0.39964035
59079,0.76248914,0.23751085
10759,0.36043677,0.6395632
63785,0.71345127,0.2865487
12852,0.65967464,0.34032536
44709,0.9180061,0.08199382
31566,0.44253483,0.55746514
46122,0.38715425,0.6128457
58292,0.95474565,0.045254346
49888,0.84852064,0.15147938
30403,0.0041266647,0.9958734
28587,0.021207817,0.97879213
21897,0.04008636,0.9599137
26222,0.053300977,0.946699
64341,0.73636985,0.26363018
39590,0.0008186822,0.99918133
53676,0.7492094,0.2507906
47338,0.8010766,0.19892344
52138,0.735807,0.264193
45454,0.91965026,0.08034979
5695,0.8469131,0.15308693
50254,0.6903733,0.30962673
21802,0.22096482,0.7790352
36223,0.00980464,0.99019533
60939,0.7651308,0.23486921
19625,0.025604336,0.97439563
9807,0.14812995,0.85187006
8667,0.3357591,0.6642409
907,0.15379977,0.8462002
39181,0.0006800434,0.99932003
14528,0.43759936,0.56240064
3211,0.8659244,0.13407557
23545,0.011430487,0.98856944
8464,0.47388312,0.5261169
9063,0.11012157,0.8898784
13426,0.9703242,0.029675754
62049,0.9633689,0.036631048
64461,0.6468016,0.35319844
45618,0.3574801,0.64251983
50465,0.7995867,0.20041335
22110,0.31255937,0.68744063
38494,0.02187506,0.978125
33601,0.7105401,0.2894599
191,0.11034559,0.8896544
34443,0.3317279,0.66827214
39563,0.039362766,0.9606372
112,0.08690079,0.9130992
32633,0.036066864,0.96393317
51181,0.92281276,0.07718721
58439,0.9730459,0.026954176
41938,0.010611766,0.9893882
51019,0.55876106,0.4412389
27832,0.0020837598,0.9979163
32941,0.31004566,0.68995434
25758,0.19973871,0.8002613
34880,0.65453887,0.3454611
50624,0.96216536,0.037834633
61326,0.91152513,0.08847487
553,0.33876723,0.66123277
190,0.07038486,0.92961514
41041,0.01217836,0.98782164
37879,0.18412247,0.81587756
63607,0.92035604,0.079643965
55585,0.4804874,0.5195126
49149,0.895089,0.104911074
59445,0.50384027,0.49615976
30339,0.5830831,0.41691694
18658,0.0004767026,0.9995233
29627,0.0010323215,0.99896765
45250,0.9532507,0.046749294
16592,0.007366279,0.99263376
23490,0.030544367,0.9694556
47737,0.75617135,0.2438287
18085,0.0010102551,0.99898976
30918,0.008999009,0.99100095
61726,0.7730602,0.22693977
43505,0.85505974,0.14494029
19345,0.00085194054,0.999148
61839,0.97475237,0.0252476
41826,0.6447924,0.35520765
9081,0.55235416,0.4476458
46856,0.7754768,0.2245232
11301,0.009984145,0.9900158
12073,0.3536882,0.64631176
14707,0.029261472,0.97073853
11543,0.022897618,0.9771024
34242,0.35260615,0.6473938
14972,0.02304219,0.9769578
452,0.37400952,0.6259905
46390,0.90928155,0.09071841
33498,0.29390255,0.7060975
3158,0.6540348,0.34596518
29183,0.02496485,0.9750352
31769,0.17112161,0.82887834
37168,0.28786942,0.7121306
30885,0.061812278,0.9381878
12868,0.05122381,0.9487761
413,0.20647557,0.79352444
23320,0.06778991,0.9322101
49594,0.94413835,0.05586162
48916,0.64640385,0.35359618
49127,0.75883585,0.24116412
8159,0.23785633,0.7621437
27927,0.0034066718,0.9965933
28286,0.06024158,0.9397584
16767,0.002928086,0.99707186
8251,0.21570733,0.7842927
60899,0.909326,0.09067402
7361,0.13130677,0.8686933
44415,0.8388593,0.16114067
35120,0.6635956,0.33640435
45261,0.7521411,0.24785888
8383,0.66361296,0.33638707
4714,0.70026726,0.2997327
12474,0.113028616,0.88697135
14916,0.2700103,0.7299897
37506,0.022369104,0.9776309
57567,0.99976593,0.0002340528
40123,0.003343738,0.9966563
50144,0.7178694,0.28213066
21816,0.55256015,0.44743985
10064,0.80740124,0.19259878
46024,0.7931435,0.20685649
34469,0.590365,0.40963504
24406,0.0036533945,0.99634665
44133,0.5465786,0.45342138
7567,0.43807027,0.56192976
61048,0.923323,0.07667701
5097,0.38002595,0.619974
27042,0.07147452,0.92852545
36454,0.0057609295,0.9942391
50095,0.7034944,0.2965056
219,0.6337964,0.36620364
28520,0.19609478,0.80390525
41808,0.72473073,0.2752693
2376,0.45582777,0.54417217
59025,0.45456383,0.5454362
8336,0.088183835,0.9118161
12623,0.1605094,0.8394906
60517,0.29824087,0.70175916
36006,0.016431121,0.98356885
48819,0.91167915,0.08832081
15309,0.17526847,0.8247315
10235,0.37003002,0.62997
52199,0.89489645,0.10510357
52891,0.59963286,0.4003671
13143,0.00384411,0.9961559
55895,0.7005489,0.29945108
18624,0.0003823606,0.9996176
62770,0.841571,0.15842906
56302,0.81508106,0.18491898
18672,0.0007725883,0.9992274
63144,0.8589275,0.14107251
27305,0.021014472,0.97898555
57053,0.9998481,0.00015184337
56218,0.9654346,0.034565397
48909,0.952632,0.04736796
8184,0.69352627,0.30647376
23383,0.023260873,0.97673917
61418,0.9201526,0.07984736
44374,0.8792903,0.12070973
31330,0.21908846,0.78091156
60474,0.58335274,0.4166472
11200,0.5126069,0.48739308
32075,0.11516667,0.8848333
37891,0.07609893,0.9239011
62676,0.9462095,0.053790532
35981,0.03461897,0.965381
27727,0.0022563052,0.9977437
19532,0.0023252857,0.99767476
52304,0.57327944,0.4267206
35628,0.68408054,0.3159195
11705,0.0034139226,0.9965861
23023,0.11128186,0.8887181
27417,0.7496535,0.25034648
38042,0.0063938834,0.9936061
3024,0.35962984,0.64037013
34535,0.75709903,0.24290095
430,0.10851131,0.8914887
5626,0.31861848,0.6813815
49264,0.6230865,0.3769135
8601,0.44794238,0.5520576
8886,0.07968471,0.9203153
14443,0.004573779,0.99542624
36263,0.39932907,0.600671
9705,0.5333893,0.46661076
20431,0.5142101,0.4857899
11402,0.46792376,0.53207624
51946,0.79157925,0.20842078
21002,0.3407858,0.6592142
64386,0.82300687,0.17699306
481,0.63237226,0.3676277
52900,0.748736,0.25126395
36124,0.011754257,0.9882457
35285,0.3951269,0.60487306
47450,0.52255696,0.477443
59248,0.7621656,0.23783442
13798,0.10780363,0.8921964
29792,0.002796381,0.9972036
10291,0.0739186,0.92608136
39978,0.004290037,0.99571
64719,0.78312004,0.21687992
63457,0.5623648,0.43763515
49984,0.9169739,0.08302616
49874,0.83450425,0.16549574
34689,0.8806727,0.11932728
5019,0.6717514,0.3282486
33316,0.52430815,0.47569188
31249,0.77811706,0.22188286
40224,0.19787455,0.80212545
50221,0.79399115,0.20600885
28914,0.016571723,0.9834283
41605,0.117484935,0.88251513
14468,0.07310344,0.92689663
19155,0.044947788,0.95505214
8300,0.10909051,0.8909095
9493,0.49620983,0.50379014
21134,0.21209249,0.78790754
61276,0.9809991,0.019000812
59255,0.25791177,0.7420882
26950,0.63758034,0.36241966
52569,0.9073264,0.0926736
53671,0.8000624,0.19993758
31311,0.10630763,0.8936924
31676,0.17164935,0.8283506
39659,0.00018460615,0.9998154
30948,0.5700555,0.4299445
47616,0.7353278,0.26467228
35436,0.76145935,0.23854068
41358,0.04388186,0.95611817
43776,0.8527081,0.14729188
49557,0.8224896,0.17751038
52996,0.9334203,0.06657969
45799,0.65679914,0.34320092
6569,0.72879803,0.27120197
3874,0.022920962,0.977079
55077,0.29869682,0.7013032
58231,0.9745627,0.025437308
43112,0.095551215,0.9044488
49835,0.72200024,0.27799976
56988,0.9897781,0.010221899
58910,0.53811353,0.4618865
49339,0.8568904,0.14310963
25359,0.0015597942,0.9984402
5873,0.6048741,0.39512587
34733,0.58481646,0.41518354
49410,0.9187427,0.081257254
33096,0.21190648,0.78809357
15410,0.022739122,0.9772609
35015,0.39236495,0.607635
12615,0.44913608,0.55086386
8827,0.68704545,0.3129545
16273,0.0024254494,0.9975745
4280,0.048036065,0.9519639
40929,0.045251116,0.95474887
25544,0.054267723,0.94573224
48617,0.6322177,0.3677823
64866,0.81215024,0.18784976
1662,0.4810813,0.5189187
29086,0.05471236,0.9452876
55463,0.7924932,0.20750676
26981,0.057049666,0.94295037
13679,0.27149796,0.728502
15134,0.030753994,0.96924603
3994,0.01876781,0.98123217
6493,0.74748826,0.2525117
15705,0.0064324774,0.9935675
36708,0.0015363832,0.99846363
51288,0.9615785,0.038421538
31818,0.06843288,0.9315671
37518,0.013479216,0.98652077
18423,0.0024074453,0.9975925
44096,0.7607521,0.23924787
55022,0.28423372,0.71576625
49275,0.6895703,0.3104297
23471,0.027307706,0.97269225
56375,0.74575824,0.25424176
40267,0.003047024,0.996953
31655,0.25566286,0.74433714
22825,0.0047684154,0.99523157
29261,0.18157475,0.8184253
61238,0.7044806,0.29551944
48324,0.93382233,0.06617765
19029,0.0015459147,0.9984541
37092,0.03854244,0.9614576
40469,0.0006298348,0.99937016
22090,0.044337302,0.95566267
61502,0.95641154,0.043588452
28922,0.014357989,0.985642
50332,0.89689404,0.10310596
44175,0.8150715,0.18492846
6381,0.75117254,0.24882746
24907,0.09002791,0.90997213
22471,0.0028861153,0.9971138
42531,0.0146061275,0.9853939
3443,0.14154911,0.8584509
14438,0.78854406,0.21145596
26242,0.0100135235,0.9899865
9101,0.6003494,0.39965057
17753,0.0020040905,0.997996
60172,0.2598559,0.7401441
17269,0.0028258841,0.99717414
43254,0.2584345,0.74156547
28176,0.2213381,0.7786619
14909,0.20506558,0.7949344
12489,0.06989316,0.9301069
10489,0.6846748,0.3153252
12982,0.41679946,0.5832005
2012,0.004919216,0.9950808
37753,0.028080618,0.97191936
58336,0.96633,0.03367
33375,0.36501697,0.63498306
27993,0.015277446,0.98472255
62116,0.8316802,0.16831985
59417,0.17471908,0.8252809
56283,0.9560324,0.043967552
6453,0.595052,0.404948
48922,0.9434539,0.056546155
46138,0.7624299,0.23757015
21373,0.01012372,0.98987633
15963,0.13188955,0.8681105
27117,0.0036870907,0.9963129
8820,0.68445945,0.3155405
24807,0.34252715,0.65747285
36169,0.011014745,0.9889853
58913,0.5957414,0.40425864
36178,0.028386764,0.97161317
46816,0.9358875,0.06411245
31425,0.38041216,0.6195878
13733,0.7661248,0.23387519
60162,0.31162512,0.6883749
9327,0.30843863,0.6915614
61423,0.960815,0.03918495
24383,0.00051871076,0.99948126
27852,0.008550093,0.9914499
63640,0.80041367,0.19958636
10100,0.35797375,0.64202625
1126,0.13437934,0.8656207
27403,0.019677848,0.9803222
51106,0.89764255,0.102357395
3684,0.44874415,0.5512558
16945,0.007163029,0.992837
62858,0.9056338,0.09436623
43583,0.8732492,0.12675081
25725,0.1484464,0.85155356
2926,0.21901453,0.7809855
57782,0.9904845,0.009515517
22114,0.011699287,0.9883007
58371,0.9851354,0.014864648
11309,0.8837216,0.11627837
13224,0.9057164,0.0942836
48966,0.912405,0.08759499
45578,0.7644964,0.23550358
44338,0.87811244,0.121887565
40529,0.0011013015,0.9988986
18977,0.0017078056,0.99829215
17072,0.0012896231,0.9987104
54188,0.8555879,0.1444121
25920,0.007591738,0.9924083
1497,0.059902858,0.94009715
10436,0.62700385,0.37299612
4459,0.16833776,0.83166224
8818,0.52364784,0.47635219
7695,0.5312489,0.468751
54263,0.87608004,0.12391999
95,0.13261458,0.8673854
15976,0.0043128654,0.99568707
40934,0.14442961,0.85557044
61636,0.99832004,0.0016799105
47791,0.7744111,0.22558896
43466,0.9308051,0.06919496
25250,0.0030999312,0.9969001
2873,0.13691321,0.86308676
26027,0.0012274794,0.99877256
47494,0.9403716,0.05962845
34075,0.25300676,0.74699324
16209,0.00041806453,0.999582
22078,0.19720158,0.80279845
36445,0.0073912996,0.9926087
15351,0.71133095,0.28866905
50789,0.89069116,0.10930881
43532,0.6946472,0.30535284
62723,0.9452858,0.05471421
37487,0.021582844,0.97841716
11486,0.13204987,0.86795014
38084,0.0108865695,0.98911345
7081,0.37890884,0.6210911
10529,0.88890415,0.11109582
48491,0.8983471,0.101652876
12044,0.45670938,0.5432906
30217,0.5092199,0.49078014
63782,0.46044484,0.53955513
27103,0.0041604578,0.9958396
52992,0.9772478,0.022752173
2848,0.80766785,0.19233215
4245,0.023017451,0.9769826
65229,0.863321,0.13667896
40836,0.23272738,0.76727265
19514,0.0030259874,0.996974
22518,0.17190927,0.8280907
61601,0.9815207,0.018479303
22348,0.0018885686,0.9981115
26261,0.024669383,0.97533065
10647,0.042602874,0.9573971
9257,0.5000741,0.49992594
12308,0.41564992,0.58435005
47408,0.8862758,0.11372418
51327,0.9787763,0.021223761
48871,0.8916895,0.108310565
22170,0.00851222,0.99148774
54571,0.7393042,0.26069584
38103,0.0012847192,0.9987153
56542,0.95579225,0.044207744
52551,0.7179369,0.2820631
32927,0.37697247,0.6230275
24948,0.37677082,0.6232292
24572,0.08404372,0.9159563
1450,0.8687459,0.13125412
49397,0.13105012,0.86894983
27563,0.22849914,0.7715009
61579,0.69771487,0.30228516
8319,0.11939504,0.880605
65168,0.8450379,0.15496212
24518,0.0024110004,0.997589
7743,0.005553029,0.994447
31171,0.009479487,0.9905205
5619,0.8967872,0.103212796
18092,0.009979843,0.99002016
45011,0.94583887,0.05416111
34758,0.71606106,0.2839389
52124,0.8833024,0.11669765
43912,0.75122964,0.24877036
42409,0.27403694,0.725963
42144,0.04975985,0.95024014
37235,0.3535533,0.6464467
5380,0.47784734,0.52215266
21938,0.016098252,0.9839018
63880,0.06492754,0.9350725
15157,0.008903605,0.9910964
12277,0.0013194687,0.99868053
33138,0.3420449,0.6579551
3019,0.67823285,0.32176718
46038,0.9495336,0.05046637
6100,0.5199554,0.48004457
18090,0.08168575,0.9183143
36614,0.011086288,0.9889137
49656,0.82272226,0.17727774
44111,0.41165897,0.58834106
813,0.39500162,0.6049984
144,0.2042403,0.79575974
23723,0.0022069959,0.99779296
57068,0.9820873,0.01791269
12704,0.008951909,0.99104816
64576,0.84009176,0.15990818
31828,0.0774959,0.92250407
59931,0.20677297,0.793227
64090,0.5309419,0.4690581
33105,0.35575014,0.6442498
23974,0.0053886115,0.9946114
25197,0.071484685,0.92851526
25498,0.20450729,0.79549277
22910,0.02073345,0.9792666
30166,0.016446851,0.9835532
4268,0.05445227,0.9455477
9284,0.48517004,0.51482993
10651,0.03863471,0.9613653
33955,0.21511444,0.7848855
34412,0.5917392,0.40826082
39632,0.013588635,0.9864114
40453,0.01482288,0.98517716
16597,0.04844926,0.9515508
32447,0.08009015,0.91990983
56783,0.9697393,0.0302606
55930,0.93695074,0.06304921
22725,0.011655082,0.9883449
19750,0.004678868,0.9953211
26073,0.001571838,0.9984282
18477,0.00080227363,0.9991978
38893,0.0014838121,0.99851614
2781,0.40022624,0.5997738
47501,0.8876301,0.11236991
32368,0.21824402,0.78175604
51847,0.9197781,0.08022191
31278,0.0798212,0.92017883
5824,0.7048461,0.29515395
13297,0.098890595,0.90110946
45327,0.85350657,0.14649345
56317,0.8909774,0.10902265
14822,0.16896021,0.8310398
21490,0.3707866,0.6292134
27225,0.03398638,0.9660136
61760,0.8322129,0.16778709
48906,0.9387189,0.06128106
20905,0.048968483,0.95103157
48717,0.61794776,0.38205224
17727,0.0043869866,0.995613
58590,0.7400309,0.25996912
33136,0.2092677,0.79073226
37642,0.0022218218,0.99777824
26014,0.0051724203,0.99482757
16614,0.0016547889,0.99834526
31173,0.01126617,0.9887339
21378,0.07394303,0.9260569
58278,0.9689971,0.031002847
53229,0.7131116,0.28688848
51821,0.9745344,0.02546559
33599,0.7094221,0.2905779
26586,0.5006088,0.4993912
49512,0.9828289,0.017171025
28310,0.14169356,0.8583064
32408,0.11093866,0.8890613
43208,0.06657464,0.93342537
36058,0.012092078,0.98790795
47557,0.920834,0.079165995
8763,0.57740176,0.4225982
46409,0.9572435,0.042756554
44337,0.93104815,0.06895181
52087,0.788929,0.21107104
19073,0.007554928,0.99244505
510,0.40874755,0.59125245
15260,0.03537696,0.96462303
61344,0.8004986,0.19950144
51189,0.9042557,0.095744304
44654,0.92520684,0.07479321
32382,0.8705826,0.12941739
8153,0.5363313,0.4636687
58289,0.9790052,0.020994768
59510,0.030486941,0.96951306
13804,0.08833321,0.9116668
32994,0.29709014,0.7029099
52293,0.3685229,0.6314771
5609,0.8676522,0.1323478
64903,0.8456229,0.15437704
4972,0.14971402,0.85028595
11860,0.05048927,0.9495107
51187,0.96764016,0.032359842
30462,0.0052669696,0.9947331
17035,0.0020355145,0.9979645
16530,0.000863055,0.999137
44332,0.77671045,0.22328953
53731,0.13979281,0.8602072
7982,0.54648775,0.4535122
60969,0.95256984,0.04743016
8239,0.14672466,0.85327536
26486,0.11889697,0.881103
45414,0.4621843,0.5378157
1134,0.26977336,0.73022664
15304,0.0009447545,0.9990552
35266,0.4264235,0.5735765
46484,0.90057474,0.0994252
16272,0.019616937,0.98038304
33163,0.24682307,0.753177
5654,0.5610213,0.43897867
39011,0.009154857,0.99084514
28228,0.0088050645,0.99119496
37135,0.1974931,0.8025069
54298,0.74956816,0.2504318
40011,0.0038289735,0.99617106
14968,0.06307695,0.936923
11411,0.64942443,0.35057557
33362,0.27035972,0.7296403
51276,0.9704433,0.02955671
21404,0.019478237,0.9805218
8948,0.4586844,0.5413156
23181,0.0012230101,0.998777
56644,0.95731974,0.042680312
43803,0.88456094,0.115439065
21776,0.005804659,0.9941954
13385,0.45308244,0.54691756
27601,0.04037035,0.9596296
11188,0.0070584463,0.9929416
48512,0.65126973,0.34873024
34166,0.31183177,0.6881683
7377,0.80712557,0.19287437
27596,0.0026691824,0.9973308
17984,0.008188544,0.9918114
31822,0.16649513,0.83350486
54400,0.63969177,0.3603083
24691,0.0026506055,0.9973494
50215,0.5776711,0.42232892
17625,0.01572024,0.98427975
29240,0.17649831,0.82350165
17844,0.0058534886,0.99414647
51471,0.917211,0.08278903
24586,0.021018293,0.9789817
14791,0.4431564,0.55684364
47838,0.85313624,0.14686377
6205,0.6586174,0.3413826
737,0.38462716,0.6153728
44149,0.700895,0.299105
43322,0.94554985,0.054450136
26555,0.36899382,0.63100624
16438,0.0030468018,0.9969531
62933,0.8307815,0.16921851
62460,0.73185813,0.26814184
27259,0.0127387345,0.9872613
27757,0.0037227077,0.9962773
57162,0.8668354,0.13316461
4509,0.8042096,0.1957904
47831,0.5901886,0.40981135
43638,0.9733748,0.026625194
8155,0.14755565,0.85244435
38531,0.08204843,0.9179516
60841,0.69007677,0.30992317
26234,0.010561953,0.98943806
605,0.30641508,0.6935849
49846,0.8223906,0.1776094
17253,0.0015970956,0.9984029
27597,0.042702008,0.957298
18455,0.0013638228,0.9986362
49750,0.6294127,0.3705873
60662,0.63936996,0.3606301
18785,0.00089641643,0.9991036
58442,0.9666894,0.033310518
9867,0.29714665,0.7028533
21546,0.011667787,0.9883322
40150,0.00079153536,0.9992085
18302,0.010481957,0.9895181
4675,0.17058986,0.8294102
40957,0.00549173,0.9945083
61,0.039760154,0.9602398
53591,0.58115464,0.4188454
24380,0.10381944,0.8961806
3151,0.84237206,0.15762793
1024,0.50155336,0.4984467
53875,0.74343204,0.2565679
19991,0.013074581,0.98692536
27521,0.54151016,0.45848984
64830,0.8462545,0.1537455
35148,0.6916476,0.30835238
30570,0.025520468,0.9744795
35864,0.14700283,0.8529972
59162,0.064776525,0.9352235
55943,0.9998223,0.0001777314
8673,0.43636605,0.5636339
37357,0.0017512693,0.9982488
37876,0.2764454,0.7235546
4372,0.11177197,0.88822806
5906,0.11643689,0.8835631
15161,0.08725363,0.9127463
41949,0.017041618,0.9829584
36878,0.0048539154,0.9951461
27237,0.100419655,0.8995803
3320,0.7523183,0.24768174
30018,0.032917377,0.9670826
15483,0.08274192,0.91725814
29256,0.13713773,0.8628623
35467,0.680913,0.31908703
40217,0.104129784,0.8958702
40360,0.004029257,0.99597067
15084,0.024849335,0.9751507
47091,0.8683901,0.13160995
58150,0.9926341,0.007365917
57549,0.9998405,0.00015945529
35876,0.35736522,0.64263475
47159,0.564963,0.43503702
56622,0.94694114,0.05305883
16769,0.0025870735,0.997413
19236,0.020548968,0.979451
24706,0.38023737,0.6197626
23645,0.10751597,0.892484
59543,0.53484434,0.4651557
55532,0.5172009,0.48279914
58392,0.9853683,0.014631729
59314,0.65364033,0.3463597
20024,0.0059898333,0.9940102
63610,0.92208225,0.0779178
40987,0.18633772,0.81366235
36597,0.08444701,0.91555303
42084,0.60203755,0.3979625
12594,0.44957125,0.55042875
33537,0.5733498,0.4266502
8144,0.74879974,0.25120023
47223,0.92072624,0.07927379
43926,0.8249079,0.17509209
11126,0.0458533,0.95414674
4988,0.56744313,0.43255693
35638,0.7546086,0.2453914
6554,0.702963,0.29703695
36590,0.02598264,0.9740174
4909,0.80258876,0.19741122
20044,0.0010929602,0.9989071
23108,0.01529483,0.9847052
47332,0.7893265,0.21067359
16595,0.02833842,0.97166157
16430,0.0011086974,0.9988913
8409,0.53632694,0.46367303
25636,0.16534036,0.83465964
25010,0.0020176528,0.99798226
26591,0.41256094,0.5874391
31501,0.037581805,0.96241814
1304,0.38730085,0.6126992
21023,0.021836469,0.97816354
27975,0.025078194,0.97492176
1020,0.41530076,0.5846993
15207,0.05180884,0.9481911
14410,0.0177456,0.98225445
35430,0.6105534,0.38944662
6648,0.004947631,0.9950524
30132,0.0055821645,0.9944179
38919,0.013012662,0.98698735
26686,0.0053511965,0.99464875
29005,0.29497325,0.7050267
28570,0.13355716,0.86644286
1612,0.58750385,0.41249615
17530,0.007600843,0.99239916
10303,0.016017864,0.98398215
7931,0.4845662,0.5154338
48623,0.7223027,0.27769732
19972,0.00895187,0.99104816
62575,0.8996592,0.10034075
2512,0.9379273,0.062072635
56490,0.9402553,0.059744738
26279,0.009322955,0.990677
35307,0.77296174,0.22703828
56133,0.9565447,0.043455303
27427,0.3060309,0.6939691
24155,0.013474924,0.98652506
31349,0.088422835,0.9115771
46034,0.9498227,0.050177284
62800,0.5152132,0.48478687
6794,0.109877914,0.8901221
45,0.60922074,0.3907792
23963,0.006065155,0.9939348
20687,0.18745655,0.8125435
12866,0.32212925,0.67787075
12256,0.051599946,0.9484001
2317,0.8685846,0.13141543
50004,0.52314585,0.47685412
27684,0.00077578344,0.9992242
56904,0.9943175,0.005682522
34586,0.6216005,0.37839952
30790,0.039664324,0.9603357
57011,0.95693445,0.043065503
45346,0.8990778,0.10092223
21570,0.026054779,0.97394526
29905,0.64102256,0.3589774
51517,0.3326766,0.66732347
9757,0.1381876,0.8618124
52411,0.8764406,0.12355947
21745,0.14599483,0.8540052
2583,0.6141152,0.38588485
20403,0.48850212,0.5114979
40355,0.0039705667,0.9960295
51087,0.8937961,0.106203936
62179,0.7043671,0.2956329
46096,0.9611141,0.03888585
23442,0.008430083,0.9915699
27858,0.008606071,0.99139386
61734,0.9898253,0.010174742
44943,0.8301599,0.16984016
45053,0.9495795,0.050420534
60091,0.8083762,0.1916238
35438,0.7615417,0.23845828
17392,0.03667713,0.9633229
34894,0.6838104,0.31618962
63960,0.9500504,0.049949612
20247,0.00037655295,0.9996234
19242,0.027586186,0.9724139
62032,0.96443915,0.035560813
61189,0.5361637,0.46383628
45536,0.99126583,0.00873421
20779,0.112480745,0.88751924
18770,0.0014835545,0.9985165
63280,0.33954972,0.66045034
13831,0.4155298,0.5844702
41700,0.06122501,0.938775
40031,0.0017234291,0.9982766
55503,0.9162361,0.08376384
24130,0.01162833,0.9883717
65225,0.7829534,0.21704659
8189,0.30201197,0.69798803
3159,0.7523354,0.24766457
13093,0.0008349164,0.99916506
34619,0.71556354,0.28443646
21021,0.07409788,0.92590207
12389,0.7165887,0.28341132
64889,0.84996325,0.15003672
29257,0.429021,0.570979
8380,0.82967913,0.17032081
2550,0.28452712,0.7154729
44495,0.85692024,0.14307977
14783,0.27275527,0.72724473
31275,0.07890711,0.9210928
60587,0.2882272,0.7117728
43866,0.86922455,0.13077548
56889,0.86971813,0.13028185
33458,0.18609953,0.8139004
21644,0.29524338,0.7047566
60183,0.83365506,0.16634499
39883,0.0015025216,0.9984975
3824,0.6824843,0.31751564
24512,0.0017400094,0.99825996
41067,0.23786858,0.7621314
60719,0.63129103,0.36870897
23137,0.042495497,0.9575045
46996,0.715816,0.28418398
55102,0.89416254,0.10583744
49193,0.813958,0.18604201
52677,0.93473685,0.0652631
39012,0.00067708484,0.9993229
35382,0.77605844,0.22394162
63082,0.3951269,0.60487306
54142,0.5337708,0.46622923
9832,0.079240374,0.9207596
2890,0.45495915,0.54504085
53383,0.85117465,0.1488253
4625,0.7026799,0.2973201
28945,0.013673669,0.98632634
35965,0.004591357,0.9954086
19060,0.0013041017,0.9986959
59101,0.58898085,0.41101915
61817,0.87950206,0.12049793
16339,0.010783683,0.9892163
55938,0.9998111,0.0001889208
2195,0.76449347,0.23550647
63997,0.9655457,0.034454323
50526,0.6788037,0.3211963
28313,0.051587835,0.9484122
35715,0.3449772,0.65502274
57496,0.9947202,0.0052797887
15823,0.0055986787,0.9944013
3212,0.6113424,0.38865757
36113,0.004184304,0.9958157
36769,0.0055365637,0.9944634
62405,0.7651308,0.23486921
231,0.5531534,0.44684657
33158,0.23539622,0.7646038
42172,0.0974953,0.9025047
59042,0.6072451,0.3927549
9201,0.5457905,0.45420954
53810,0.82345,0.17655
12671,0.3348639,0.6651361
15904,0.04796968,0.95203036
57843,0.99042636,0.009573708
62117,0.89974195,0.10025804
13296,0.012319414,0.98768055
24345,0.0018185586,0.99818146
28752,0.0016559645,0.99834406
33085,0.37054828,0.62945175
48509,0.71925974,0.2807402
40019,0.0002192651,0.9997807
53952,0.59400696,0.40599307
294,0.24227457,0.7577255
42843,0.29227147,0.7077285
60910,0.95048815,0.049511835
13542,0.08326233,0.9167377
8744,0.3608757,0.63912433
47584,0.1828084,0.81719166
58794,0.7863753,0.21362475
18558,0.0012323996,0.9987676
61992,0.8314289,0.1685711
38166,0.00080711936,0.9991929
48754,0.9247811,0.075218864
50289,0.87512,0.12488
18365,0.002912239,0.9970878
6335,0.7047031,0.29529694
40228,0.0025818103,0.99741817
54244,0.63482326,0.3651767
1335,0.7297221,0.27027792
41767,0.32021856,0.67978144
64256,0.87524927,0.124750696
12143,0.4257602,0.5742398
59446,0.2838823,0.7161177
10856,0.62775683,0.3722431
49587,0.9185473,0.08145277
45853,0.52790004,0.4721
29988,0.71329314,0.28670684
6326,0.13837583,0.86162424
34248,0.23136178,0.76863825
5781,0.66262347,0.33737648
14621,0.22791289,0.77208716
2656,0.05906224,0.94093776
30708,0.025789576,0.9742104
9545,0.2492171,0.7507829
57078,0.93674064,0.0632594
4785,0.7825175,0.21748249
20967,0.11090201,0.8890979
14102,0.116982445,0.8830176
47225,0.9548749,0.04512512
61813,0.96218014,0.037819847
27367,0.4215891,0.57841086
50762,0.8949888,0.10501126
52159,0.36231285,0.6376871
49001,0.6693348,0.33066517
22441,0.0038632385,0.9961367
14560,0.5477149,0.45228514
16576,0.006301184,0.99369884
61260,0.99175346,0.008246556
12515,0.81977385,0.18022619
24657,0.0017413966,0.99825865
27608,0.015727209,0.98427284
47264,0.83569103,0.16430895
22671,0.0020329906,0.99796695
48130,0.84891135,0.1510887
18642,0.0006864082,0.9993136
26901,0.0183446,0.9816554
6472,0.8453673,0.15463264
23582,0.029059071,0.9709409
24805,0.16953212,0.83046794
21143,0.13902113,0.86097884
18743,0.0005881466,0.9994118
2665,0.5620869,0.4379131
40894,0.0016732814,0.9983267
10059,0.7239434,0.2760566
61549,0.87124866,0.12875131
14143,0.2568195,0.7431805
57268,0.85295,0.14704995
20344,0.0025014398,0.9974986
9208,0.52758527,0.47241476
55356,0.5911509,0.4088491
11345,0.0027671945,0.99723285
22879,0.0050896667,0.9949103
15808,0.009017092,0.99098295
52922,0.734967,0.265033
13756,0.02211035,0.9778896
49474,0.7954782,0.20452178
33297,0.41291386,0.5870861
37038,0.16188337,0.83811665
25991,0.018049773,0.98195016
47177,0.75213265,0.24786732
2950,0.68231046,0.3176895
60467,0.39316994,0.6068301
15833,0.019536696,0.9804633
25946,0.043775067,0.956225
21958,0.43192154,0.56807846
25212,0.36687988,0.6331201
39519,0.02484968,0.97515035
37422,0.31843635,0.6815637
21642,0.0113882525,0.98861176
52313,0.94581455,0.054185472
54367,0.58266824,0.4173318
31295,0.32720432,0.67279565
12363,0.18728153,0.8127185
54063,0.90189147,0.0981085
9267,0.0051880684,0.9948119
25207,0.0035913733,0.99640864
38486,0.09211235,0.9078877
37821,0.0011309093,0.9988691
13381,0.2979334,0.7020666
23640,0.14192727,0.8580727
8033,0.34376398,0.656236
46351,0.6171348,0.3828652
4235,0.45003363,0.5499664
65129,0.7642085,0.23579153
8932,0.7159495,0.2840505
542,0.15377723,0.84622276
37313,0.022788487,0.9772115
7074,0.11884555,0.8811545
12093,0.00363219,0.9963678
62241,0.7451645,0.25483555
463,0.78782463,0.21217537
16458,0.010701155,0.9892988
13741,0.56613475,0.43386522
52036,0.7907005,0.2092995
8400,0.24738488,0.75261515
15173,0.7644184,0.23558156
11135,0.9507476,0.049252313
36096,0.0120008355,0.9879992
55795,0.818533,0.181467
36068,0.07479737,0.92520267
21792,0.15425481,0.84574515
8106,0.029097827,0.97090214
33643,0.3858648,0.6141352
57233,0.650809,0.34919104
2604,0.58366174,0.41633824
62040,0.7605136,0.23948635
63387,0.2566035,0.7433965
45607,0.9342662,0.06573382
12662,0.57430524,0.4256948
30592,0.11687472,0.88312536
49572,0.74832875,0.25167122
26664,0.013249428,0.98675054
6983,0.0019101469,0.99808985
13971,0.14421059,0.8557894
1644,0.79742074,0.20257922
50108,0.6390028,0.36099714
15393,0.80679154,0.19320844
59550,0.2398174,0.76018256
16854,0.009197013,0.990803
50572,0.7292102,0.27078986
14679,0.020886248,0.97911376
48620,0.8739092,0.12609076
39195,0.0032763958,0.9967236
24644,0.0013839094,0.9986161
29738,0.006690189,0.99330986
53366,0.6570839,0.34291613
19262,0.0023176852,0.99768233
440,0.3392147,0.66078526
13025,0.005536601,0.9944634
41262,0.021604033,0.978396
37406,0.29635942,0.7036406
62243,0.9841239,0.01587607
61390,0.9012694,0.09873057
35968,0.00483184,0.9951682
44839,0.9454599,0.05454015
60636,0.30570197,0.6942981
9027,0.033140417,0.9668596
23134,0.0012544832,0.99874544
23154,0.033324663,0.9666753
27039,0.008055359,0.9919446
13661,0.37851316,0.62148684
26854,0.0036457856,0.9963542
54788,0.6474155,0.3525845
9964,0.74189824,0.25810176
40308,0.009435852,0.9905641
17687,0.07545406,0.92454594
53888,0.5344737,0.4655263
21438,0.009619496,0.9903805
63952,0.9063408,0.09365922
2754,0.90006,0.09993993
6540,0.5678642,0.43213585
25674,0.26267156,0.73732847
59155,0.051153686,0.94884634
6460,0.5212011,0.47879896
25115,0.023501156,0.9764988
21561,0.019563023,0.980437
59033,0.31342185,0.68657815
63314,0.47562695,0.524373
55498,0.44914398,0.55085605
62485,0.6634084,0.33659166
30666,0.0039634407,0.9960366
46298,0.9480307,0.051969286
27322,0.006643176,0.99335676
43285,0.922665,0.07733498
12882,0.01057419,0.9894258
60460,0.19625695,0.803743
13714,0.6348868,0.36511326
26290,0.013820539,0.9861794
47126,0.442408,0.557592
13832,0.6179635,0.3820365
40387,0.01948183,0.9805181
9236,0.86568797,0.13431202
58233,0.98873705,0.011263016
45818,0.98243386,0.017566057
31726,0.57980156,0.4201985
32943,0.21296622,0.78703374
12922,0.21859854,0.78140146
60295,0.35706064,0.6429394
17184,0.004275445,0.99572456
22944,0.0078550335,0.992145
38870,0.0034476763,0.99655235
37719,0.1443625,0.85563743
11323,0.48858634,0.5114137
4063,0.050690036,0.94931
44588,0.83743864,0.16256133
43743,0.66160077,0.3383993
47806,0.8450347,0.15496531
39136,0.00061136065,0.9993886
12932,0.17621082,0.8237892
15450,0.5354488,0.46455127
33459,0.1895428,0.81045717
20001,0.0010763207,0.9989236
10543,0.4544338,0.5455662
23153,0.00077593175,0.99922407
28330,0.007858587,0.99214137
15936,0.0050870595,0.99491286
19896,8.820488e-05,0.9999118
54327,0.82010394,0.17989601
63422,0.014461133,0.98553884
2377,0.6063211,0.3936789
43000,0.0967133,0.90328676
5187,0.9440308,0.055969127
6700,0.55184066,0.4481594
27695,0.002652358,0.9973476
49635,0.80629164,0.19370833
4018,0.17425169,0.8257483
1505,0.39084676,0.6091533
50470,0.7979131,0.20208691
40534,0.00998473,0.9900152
47848,0.82920307,0.1707969
5451,0.56893563,0.4310644
4206,0.55661774,0.4433823
17007,0.0020407215,0.99795926
643,0.3863836,0.61361647
54540,0.8615244,0.13847555
635,0.26085514,0.73914486
30202,0.01409231,0.9859076
32281,0.3278058,0.67219424
13031,0.0075642867,0.99243575
9052,0.74992925,0.25007072
14182,0.005463229,0.99453676
26050,0.0061210697,0.99387896
51767,0.85108685,0.14891317
25891,0.01817398,0.98182607
57959,0.9799122,0.020087851
11334,0.018196288,0.98180366
7600,0.4744022,0.5255978
25047,0.023474133,0.97652584
9121,0.87999815,0.120001815
36734,0.00067643763,0.9993236
63760,0.6228432,0.3771568
34268,0.21870613,0.78129387
10551,0.12977974,0.87022024
38633,0.10884799,0.891152
7572,0.37643358,0.6235664
42320,0.6972847,0.3027153
46587,0.832193,0.16780695
46789,0.81696534,0.18303469
7322,0.045114543,0.9548855
41614,0.0021487398,0.99785125
9712,0.63697386,0.3630262
37894,0.18953565,0.8104643
4311,0.0033478928,0.9966522
64689,0.70562863,0.29437134
10970,0.68449384,0.31550616
6430,0.4988991,0.5011009
12795,0.5449776,0.45502236
31784,0.09563039,0.90436965
29423,0.027214391,0.97278565
11033,0.6296511,0.3703489
946,0.27208132,0.7279187
34926,0.31077543,0.68922454
39300,0.2637382,0.73626184
16414,0.009592332,0.99040765
55347,0.851142,0.14885797
7915,0.5365135,0.4634865
60068,0.12911248,0.8708875
41385,0.0024365368,0.9975635
24340,0.0073740054,0.992626
48977,0.9228826,0.07711741
53297,0.89714354,0.1028564
12940,0.39691395,0.603086
17185,0.01948136,0.9805187
44041,0.6957206,0.30427945
21944,0.18445718,0.8155428
252,0.31768245,0.68231755
16105,0.0003288118,0.9996712
23178,0.0019694169,0.9980306
26325,0.014151556,0.9858484
34357,0.48478767,0.51521236
40343,0.0010584268,0.9989416
14568,0.8601453,0.13985471
23665,0.24468389,0.75531614
26067,0.019153703,0.98084635
9290,0.26496243,0.73503757
42171,0.08855997,0.9114401
13633,0.52309614,0.47690392
50188,0.6869039,0.31309614
47981,0.8342409,0.16575909
52783,0.73021483,0.26978514
9937,0.009156846,0.9908432
12034,0.056572635,0.9434274
40667,0.004881402,0.9951186
2062,0.2705895,0.72941047
62860,0.5101024,0.4898976
25062,0.002470251,0.9975298
23411,0.008348906,0.9916511
38950,0.0014770791,0.99852294
28238,0.009895897,0.99010414
36474,0.08602001,0.91398
54764,0.87180954,0.12819043
58653,0.75115293,0.24884702
22964,0.012860116,0.9871399
3687,0.6189544,0.38104558
61605,0.8590281,0.14097185
9268,0.6830977,0.31690225
9495,0.45284963,0.54715043
18145,0.006630589,0.9933694
9376,0.51855403,0.48144594
1617,0.8084421,0.1915579
13412,0.07865727,0.92134273
5733,0.6767236,0.32327643
2032,0.1897765,0.81022346
6024,0.66158533,0.3384147
39651,0.006444401,0.9935556
41516,0.4594697,0.54053026
2405,0.67983186,0.32016814
58864,0.6759541,0.32404587
39047,0.004883774,0.99511623
32287,0.1530966,0.84690344
34279,0.17454758,0.8254524
55993,0.80359274,0.19640724
41311,0.08542434,0.9145757
3266,0.004350983,0.99564904
29354,0.089522675,0.9104773
19493,0.007227876,0.99277216
41559,0.034127727,0.9658722
5520,0.6249097,0.3750903
23034,0.03657739,0.9634226
27266,0.043966327,0.95603365
37167,0.62407035,0.37592965
51079,0.9476339,0.05236609
39554,0.00025315976,0.99974686
34818,0.68408054,0.3159195
2365,0.21664152,0.78335845
15902,0.004529621,0.9954704
27816,0.10514452,0.8948555
4305,0.052757684,0.94724226
45278,0.9669854,0.033014603
18810,0.05247061,0.9475293
11322,0.7611024,0.23889764
6790,0.21669425,0.78330576
47935,0.55929923,0.44070074
40792,0.12759952,0.8724005
11119,0.013683975,0.986316
35492,0.11499546,0.8850046
6667,0.028087193,0.97191286
63775,0.69221205,0.3077879
30732,0.055830635,0.9441694
12001,0.25329596,0.746704
41930,0.19927607,0.8007239
53461,0.9561366,0.04386337
44040,0.9793921,0.0206079
63037,0.71825945,0.28174055
14282,0.26875675,0.73124325
18503,0.0019689673,0.9980311
16834,0.02477974,0.9752203
9241,0.7213625,0.27863753
60595,0.40442818,0.5955718
12136,0.03756154,0.96243846
19233,0.036745004,0.963255
13751,0.48655158,0.5134484
62863,0.9377856,0.062214315
36436,0.010769732,0.9892302
47583,0.4467007,0.5532993
47880,0.7686208,0.2313792
36361,0.018200655,0.9817994
8633,0.034491137,0.96550894
54366,0.44980305,0.550197
44741,0.804381,0.19561905
54368,0.723845,0.27615494
59787,0.74833226,0.25166774
2382,0.8541684,0.14583153
41573,0.027837614,0.97216237
31430,0.2332386,0.7667615
24037,0.003547924,0.9964521
19719,0.0021779942,0.99782205
25434,0.0031195148,0.99688053
49884,0.65616584,0.3438342
28636,0.002192102,0.9978079
9453,0.18857594,0.81142414
32132,0.045798253,0.95420176
24143,0.003071075,0.996929
42999,0.047025263,0.95297474
16226,0.0016104325,0.9983896
46159,0.6482043,0.35179564
52126,0.61766005,0.3823399
30837,0.41701248,0.58298755
26670,0.0071574664,0.99284256
9958,0.28619167,0.7138083
27136,0.0034347808,0.9965653
13594,0.7004725,0.29952753
12150,0.0710584,0.92894155
37903,0.056779403,0.9432206
44909,0.9365338,0.06346618
53023,0.60723275,0.39276728
42209,0.8148954,0.18510464
24638,0.006519882,0.9934801
25717,0.285544,0.714456
31868,0.13546193,0.8645381
15098,0.0040920167,0.995908
20296,0.0003059615,0.9996941
44078,0.8646576,0.1353424
35414,0.82093656,0.17906347
47254,0.5493817,0.45061833
50959,0.862047,0.13795294
20694,0.14793971,0.85206026
11292,0.15981477,0.8401853
9802,0.54956394,0.450436
24588,0.00038622963,0.9996138
52392,0.8382663,0.16173375
61523,0.8768799,0.12312011
59098,0.6096392,0.3903608
15368,0.18472515,0.81527483
36648,0.10042253,0.89957744
44191,0.77827394,0.22172606
17436,0.002204817,0.9977952
22587,0.474226,0.525774
60058,0.60540116,0.39459884
44763,0.83865625,0.16134375
27432,0.11295178,0.8870482
64968,0.17407155,0.8259284
34477,0.7012356,0.29876435
14437,0.8320659,0.16793407
15269,0.5226512,0.47734877
60758,0.52785206,0.47214797
55404,0.83887506,0.16112494
35019,0.78666526,0.21333478
33920,0.26235878,0.7376412
42754,0.708816,0.29118404
6810,0.0061909887,0.99380904
25512,0.0029468054,0.99705315
23718,0.030185442,0.9698146
40086,0.0011567214,0.9988432
17593,0.00047879884,0.99952126
62102,0.8043097,0.19569026
42170,0.050644603,0.9493554
44439,0.9400414,0.059958637
49751,0.73209983,0.26790014
10492,0.2423281,0.7576719
57458,0.9720256,0.027974373
8169,0.41286585,0.5871341
24325,0.0045521795,0.9954478
15416,0.374124,0.625876
37755,0.1481873,0.8518127
27971,0.050250597,0.94974935
64285,0.9162185,0.083781466
32731,0.52022576,0.47977424
38896,0.00062717946,0.9993729
796,0.8237877,0.17621233
63006,0.8523436,0.14765643
21383,0.21760617,0.7823939
40764,0.06065032,0.9393497
46685,0.44783503,0.552165
15105,0.19610001,0.8039
26952,0.30971423,0.69028574
50840,0.93813616,0.061863877
56790,0.9787663,0.021233663
50971,0.72132283,0.27867717
33249,0.3119617,0.6880383
49855,0.6604385,0.3395615
61329,0.863093,0.13690698
2086,0.9449496,0.055050343
34839,0.822152,0.17784797
18858,0.0011324033,0.99886763
28899,0.0065701157,0.99342984
9116,0.18231921,0.81768084
25448,0.00061287027,0.99938715
55044,0.93321097,0.066789016
41576,0.3856942,0.61430585
22677,0.012363867,0.98763615
51127,0.6505058,0.34949416
38193,0.00043899516,0.999561
52664,0.14904366,0.8509563
33179,0.24317938,0.7568206
4369,0.7161486,0.2838514
44603,0.9653643,0.034635685
52027,0.65194726,0.34805274
40097,0.0010473462,0.9989526
46472,0.84795994,0.15204005
48403,0.8869285,0.113071464
52584,0.71087044,0.28912959
52646,0.6395747,0.36042535
9944,0.6486827,0.35131723
4074,0.07605486,0.9239451
37401,0.20456316,0.7954368
55207,0.4163456,0.5836544
27793,0.0014043208,0.99859565
38668,0.012422651,0.9875773
42604,0.2660438,0.73395616
44959,0.973884,0.026115984
59019,0.31484613,0.6851539
23213,0.0029396843,0.99706024
25592,0.013245788,0.98675424
31918,0.14249909,0.8575009
56660,0.92505217,0.074947804
36759,0.032886118,0.96711385
1814,0.5165403,0.4834597
22859,0.01981565,0.9801844
1804,0.780563,0.21943703
744,0.64764243,0.35235754
7273,0.3990057,0.60099435
7111,0.2323337,0.76766634
63312,0.7351719,0.26482806
56805,0.9945444,0.005455633
42555,0.5925075,0.4074925
41094,0.016367728,0.98363227
46336,0.90004456,0.09995539
28363,0.020662444,0.9793376
60616,0.39219552,0.6078044
15980,0.0042128866,0.9957871
62139,0.9012694,0.09873057
44,0.4782917,0.52170837
21589,0.4236217,0.5763783
11381,0.6570112,0.3429888
18798,0.0034961363,0.99650383
30357,0.009136225,0.99086374
45533,0.38698786,0.61301214
10323,0.7990214,0.20097852
44661,0.9400001,0.059999876
12237,0.03031874,0.96968126
42757,0.25808924,0.7419107
32902,0.2829347,0.7170653
21457,0.0044200416,0.9955799
63264,0.3872144,0.61278564
24819,0.07244425,0.92755574
37482,0.018575802,0.9814243
48684,0.9364182,0.0635819
11949,0.6727578,0.32724223
52015,0.8278151,0.17218491
60559,0.25396937,0.7460306
58112,0.85591745,0.1440826
35900,0.081549376,0.9184506
13613,0.5326477,0.4673523
38760,0.04255553,0.9574445
1115,0.2762372,0.7237628
24267,0.001692777,0.9983072
43392,0.45844385,0.5415562
18409,0.0027842964,0.9972156
20927,0.045773298,0.95422673
46612,0.87282276,0.12717721
3340,0.8151974,0.18480255
46537,0.9018831,0.09811683
4139,0.034266163,0.96573377
6759,0.45158204,0.5484179
47475,0.8355139,0.16448607
17539,0.003940927,0.99605906
45792,0.81432533,0.18567471
36985,0.9121684,0.08783162
20700,0.05802781,0.9419722
23422,0.023971992,0.97602797
37421,0.5288079,0.47119212
62231,0.9255621,0.07443791
57912,0.9873017,0.01269832
50038,0.9605708,0.039429188
53684,0.57428133,0.4257187
35852,0.108303934,0.8916961
40049,0.0030284368,0.9969715
34015,0.24614437,0.75385565
28833,0.00798126,0.99201876
43581,0.69817144,0.3018286
41703,0.74183595,0.25816402
56681,0.9706918,0.029308166
50015,0.85443205,0.14556794
42625,0.028933555,0.9710665
19597,0.0051320614,0.9948679
4447,0.014342921,0.9856571
34672,0.60350376,0.39649624
41253,0.01945035,0.98054963
49373,0.9501741,0.049825888
17843,0.032846924,0.9671531
63171,0.7399797,0.26002038
49236,0.6974014,0.30259854
48078,0.5603645,0.43963555
6241,0.5520216,0.44797838
37468,0.111161135,0.8888389
54641,0.30022603,0.69977397
637,0.24700601,0.75299394
18327,0.0032955236,0.9967045
903,0.41143528,0.5885647
5320,0.13013275,0.8698672
36402,0.009277962,0.99072206
61968,0.6249259,0.3750741
15417,0.57823694,0.42176303
40468,0.036010724,0.9639893
39680,0.00020640474,0.9997936
31437,0.18923005,0.81077
48759,0.8535053,0.14649463
10069,0.11415035,0.88584965
8318,0.022666901,0.97733307
15319,0.29488066,0.7051193
60849,0.6798183,0.3201817
5323,0.9746967,0.025303282
22117,0.061136317,0.9388637
19745,0.0012879538,0.99871206
49505,0.7617258,0.23827422
46675,0.8467081,0.15329196
20939,0.33934522,0.6606547
49465,0.89881974,0.101180285
23759,0.038129818,0.96187013
29344,0.30230805,0.6976919
8403,0.39958856,0.6004115
38206,0.0028401467,0.99715984
12879,0.5067276,0.49327242
21271,0.06808361,0.93191636
21246,0.3618414,0.6381586
8004,0.7935615,0.20643845
18600,0.0001502602,0.9998497
1002,0.65380037,0.34619963
45920,0.93032503,0.06967496
15773,0.22746897,0.77253103
17364,0.15722817,0.8427718
15429,0.6543403,0.34565964
53096,0.5901982,0.40980175
48108,0.8781113,0.12188867
11924,0.3887092,0.6112908
6733,0.9036895,0.09631054
47019,0.88333994,0.11666006
27698,0.00048934796,0.99951065
3580,0.27387065,0.72612935
10920,0.7266188,0.27338114
49226,0.8701511,0.12984894
9349,0.011309269,0.98869073
13940,0.0362419,0.96375805
41741,0.0059343935,0.99406564
8587,0.61636406,0.38363597
14370,0.034020316,0.9659797
54852,0.89030415,0.10969586
57406,0.8875824,0.11241759
1665,0.2746446,0.7253554
35656,0.5040682,0.49593183
36476,0.004708379,0.9952916
63603,0.8997777,0.10022231
51016,0.24141748,0.75858253
58435,0.9807319,0.019268133
16305,0.00083998643,0.99916005
47644,0.89212847,0.10787154
32494,0.73394734,0.26605263
46451,0.8162331,0.18376689
18478,0.0032170773,0.9967829
22832,0.003301848,0.99669814
51077,0.8233307,0.17666925
40808,0.11505154,0.8849485
15030,0.94596726,0.05403268
53218,0.6936194,0.30638063
5023,0.0608927,0.9391073
32027,0.12020763,0.87979233
8782,0.45834514,0.5416548
11724,0.6327216,0.36727843
64259,0.7019607,0.2980393
23138,0.001485861,0.9985141
47529,0.82989895,0.17010102
42011,0.06496807,0.9350319
49889,0.70866764,0.2913324
49098,0.91934645,0.08065358
1120,0.59651655,0.40348342
53919,0.8533046,0.14669542
38039,0.011453146,0.98854685
8627,0.7656926,0.23430736
29266,0.028953671,0.9710463
31019,0.0030692257,0.9969308
60403,0.43650308,0.56349695
36344,0.015047534,0.9849525
49485,0.88390243,0.11609756
36941,0.023680475,0.97631955
50722,0.30245623,0.69754374
54810,0.7195074,0.28049257
51927,0.53775245,0.46224755
29074,0.09735705,0.9026429
6539,0.8022894,0.19771065
56503,0.8641277,0.13587232
1122,0.41050017,0.5894998
44184,0.8236179,0.17638214
22699,0.0069814324,0.99301857
44560,0.9620592,0.0379408
31861,0.1704927,0.8295073
3374,0.9249687,0.075031325
16118,0.0018882802,0.9981117
4551,0.6085184,0.3914816
28060,0.028263412,0.97173655
9326,0.62154245,0.37845755
50807,0.568253,0.43174702
38681,0.014506157,0.9854938
47649,0.8842947,0.11570531
61529,0.8517664,0.14823355
20183,0.0011088089,0.9988912
49446,0.8603374,0.13966258
32292,0.2695107,0.73048925
19494,0.007417921,0.9925821
42708,0.026838329,0.9731617
25088,0.003936602,0.9960634
36988,0.3457598,0.65424025
25842,0.05984761,0.94015247
57644,0.9994924,0.0005076286
43619,0.96483994,0.03515999
6351,0.6244082,0.3755918
61904,0.9530458,0.04695417
60533,0.24411356,0.75588644
38241,0.012038685,0.98796135
39187,0.0035546888,0.99644536
61596,0.7966089,0.20339112
22137,0.14884542,0.8511545
20623,0.7371063,0.26289374
22721,0.147519,0.85248095
61672,0.8267968,0.1732032
5175,0.73236984,0.26763013
34666,0.8203803,0.17961974
55072,0.50560033,0.49439967
48478,0.5935502,0.40644985
23090,0.09324722,0.9067528
17537,0.0064906892,0.99350923
7370,0.087589785,0.9124102
23485,0.0019916848,0.9980083
46495,0.60406786,0.3959321
1424,0.529706,0.470294
16734,0.013481613,0.98651844
11804,0.24421832,0.75578165
26131,0.07154277,0.9284572
35681,0.4114753,0.58852476
57518,0.97105664,0.028943338
35236,0.7830229,0.2169771
51566,0.39488846,0.60511154
14333,0.4852861,0.5147139
59175,0.12613244,0.8738676
64743,0.90946245,0.090537526
55580,0.34012434,0.6598757
54658,0.65732896,0.34267104
8973,0.07375987,0.92624015
21577,0.016023997,0.983976
2696,0.9302162,0.06978377
5185,0.11220449,0.88779557
62342,0.6815107,0.31848934
18259,0.00065496465,0.999345
37519,0.010412029,0.989588
18851,0.012482234,0.9875178
51696,0.7153549,0.28464508
13556,0.49652216,0.5034779
38310,0.012358105,0.98764193
49897,0.8887222,0.111277826
17235,0.010363921,0.9896361
27211,0.014004509,0.9859955
59273,0.31395417,0.6860458
42566,0.21720211,0.78279793
33532,0.26832283,0.7316772
4320,0.0005661314,0.9994338
53377,0.611602,0.38839805
23861,0.11392385,0.88607615
43579,0.9130555,0.08694454
28336,0.05195228,0.94804776
59226,0.60629326,0.39370677
35238,0.7353971,0.26460287
8742,0.055677503,0.9443225
11149,0.7805443,0.21945564
56624,0.91286963,0.08713038
60196,0.45502412,0.5449759
7745,0.6904276,0.30957234
2448,0.6319776,0.36802238
38569,0.1760832,0.82391673
14172,0.011549502,0.9884505
30138,0.002432744,0.9975673
47057,0.86024046,0.13975953
9636,0.5670327,0.43296728
62642,0.9001745,0.09982555
31623,0.24635294,0.753647
12196,0.010771358,0.9892286
36887,0.21369226,0.78630775
20107,0.0006930924,0.9993069
13497,0.7143574,0.28564265
39425,0.062394,0.937606
29598,0.004010851,0.99598914
36935,0.001050693,0.99894935
62982,0.83759135,0.16240864
48125,0.83554643,0.16445355
58810,0.9909752,0.009024756
56287,0.90984917,0.09015086
11688,0.11156454,0.8884355
24029,0.0029258,0.99707425
34012,0.3017611,0.69823897
33509,0.113894925,0.88610506
21042,0.0121388985,0.9878611
63531,0.015734531,0.98426545
42567,0.61362153,0.38637844
3507,0.05268203,0.947318
26272,0.017466398,0.98253363
56743,0.97040904,0.029590935
9029,0.8242053,0.17579468
44030,0.9288929,0.07110711
35292,0.481106,0.518894
58165,0.9948484,0.0051516406
36706,0.0021508497,0.9978491
50263,0.9539856,0.04601441
204,0.31342053,0.68657947
42124,0.7186065,0.28139356
64730,0.92058307,0.07941689
17983,0.008945045,0.99105495
48543,0.76768935,0.23231068
36703,0.073736355,0.9262637
48425,0.83806336,0.16193666
5817,0.86801493,0.13198513
49638,0.9362573,0.06374267
46192,0.93718314,0.06281691
36135,0.059918676,0.94008136
59387,0.66949,0.33050996
40241,0.00093962334,0.99906033
60096,0.74397933,0.25602072
13317,0.3146154,0.68538463
28087,0.006907969,0.99309206
59503,0.49659643,0.5034036
21536,0.01688914,0.9831109
3066,0.861116,0.13888395
14238,0.42735,0.57264996
36668,0.15050258,0.84949744
19379,0.0020452023,0.9979547
19948,0.000401381,0.9995987
512,0.037873607,0.96212643
63057,0.3471589,0.6528411
51699,0.9007211,0.09927894
24390,0.0026962545,0.9973037
50351,0.83183,0.16816998
54000,0.38752803,0.61247194
61060,0.8943709,0.10562913
54173,0.799353,0.20064695
36501,0.0016700586,0.99832994
5969,0.5030507,0.49694926
19901,0.0002623266,0.9997377
36070,0.1236766,0.87632334
34411,0.79340655,0.20659344
19498,0.00039860126,0.9996014
22362,0.024094768,0.97590524
1415,0.91627944,0.08372052
10239,0.033827577,0.96617246
50716,0.77937514,0.22062483
49787,0.79516864,0.2048313
50842,0.71141815,0.28858185
37442,0.46430805,0.5356919
8628,0.58026314,0.41973683
32423,0.059898414,0.94010156
35856,0.24298476,0.75701517
33902,0.23361267,0.7663874
10380,0.81883967,0.18116029
55370,0.8681029,0.1318971
35910,0.15909986,0.8409001
40113,0.0021767425,0.99782324
37656,0.20873405,0.79126596
21241,0.74098146,0.25901854
55653,0.83332103,0.1666789
64953,0.7021153,0.2978847
33329,0.38036287,0.61963713
10718,0.16589269,0.8341073
10804,0.3416221,0.6583779
54369,0.6157358,0.3842642
46494,0.9052006,0.09479936
14042,0.22448626,0.7755137
59507,0.11889472,0.8811053
57202,0.6752587,0.3247413
2667,0.7283365,0.2716635
21237,0.2958488,0.7041512
36523,0.0065656235,0.9934344
51797,0.84732723,0.15267278
2863,0.074693784,0.92530626
39370,0.3363286,0.6636714
49827,0.784604,0.21539596
54138,0.63678867,0.3632113
39352,0.11936943,0.8806305
28170,0.0015611107,0.9984389
39048,0.57067233,0.42932764
57491,0.9566425,0.04335746
64342,0.73390025,0.26609978
51977,0.87400633,0.12599365
18103,0.055867963,0.9441321
12343,0.0032512934,0.9967487
49673,0.7386576,0.26134238
51511,0.61376727,0.3862327
34769,0.5920551,0.4079449
10114,0.0077964184,0.9922036
58488,0.99876934,0.0012306361
7725,0.17402455,0.8259754
20303,8.031852e-05,0.99991965
44681,0.94944674,0.050553262
25878,0.17911562,0.8208844
35889,0.098134324,0.90186566
8133,0.8913025,0.108697504
10184,0.60185295,0.39814705
36267,0.121182084,0.8788179
52356,0.9488449,0.051155075
25387,0.006658451,0.9933415
31885,0.07523421,0.9247658
49903,0.5793957,0.42060426
12058,0.0029076738,0.99709237
61785,0.7175615,0.28243858
27748,0.005273869,0.9947261
25283,0.0022657078,0.9977343
32935,0.39928183,0.60071814
58802,0.94777805,0.05222193
44375,0.9824357,0.01756428
19471,0.013289347,0.9867106
57519,0.98332375,0.0166762
46272,0.9390748,0.0609252
62110,0.18007682,0.8199232
57260,0.7037769,0.29622316
17709,0.022835862,0.9771641
47194,0.52715695,0.47284305
27047,0.029279234,0.97072077
56767,0.99886346,0.0011365159
32635,0.08684768,0.91315234
21992,0.38461912,0.61538094
56569,0.9010122,0.09898778
20912,0.053621225,0.9463788
46244,0.82325906,0.17674096
11290,0.08348951,0.9165105
36618,0.07669456,0.9233054
6656,0.032803707,0.96719635
43761,0.90187705,0.09812295
19020,0.0018801197,0.9981199
33451,0.17486446,0.8251356
1297,0.3522639,0.64773613
64093,0.9268322,0.0731678
39634,0.00045360994,0.99954635
43382,0.36048296,0.63951707
51579,0.85627276,0.14372729
14176,0.0019063107,0.99809366
39868,0.001288372,0.9987116
29351,0.039015096,0.9609849
24983,0.0089349905,0.99106497
11799,0.7289614,0.2710386
19788,0.006905362,0.9930947
27771,0.0098368935,0.9901631
64546,0.80657864,0.19342142
16181,0.21249412,0.78750587
16019,0.0023733466,0.9976267
25322,0.0022986135,0.99770135
5598,0.1140736,0.8859264
25999,0.0060849986,0.993915
40292,0.0052330173,0.99476695
18273,0.013576344,0.9864237
41323,0.032568134,0.9674319
12110,0.00059422443,0.99940574
38587,0.008221587,0.99177843
20612,0.58302927,0.4169707
30540,0.1414028,0.8585972
46585,0.7701726,0.22982742
33144,0.40047416,0.5995258
57901,0.96544814,0.034551892
42187,0.10030014,0.89969987
40758,0.049870584,0.9501294
64932,0.68406,0.31594002
22162,0.015263738,0.98473626
40279,0.0025785952,0.9974214
57501,0.9913481,0.008651867
35265,0.6792321,0.32076785
30164,0.025865661,0.9741344
2626,0.41550952,0.5844905
53967,0.50278866,0.49721134
18696,0.0003477396,0.99965227
52720,0.7501393,0.2498607
21104,0.46988073,0.53011924
29109,0.02772961,0.97227037
33559,0.44960615,0.5503939
18699,0.0010053277,0.99899465
31711,0.09161902,0.90838104
35813,0.10268749,0.8973125
34507,0.7484973,0.25150263
7448,0.21678774,0.7832123
42577,0.02754067,0.9724593
44453,0.91359186,0.08640809
16210,0.0010330633,0.99896693
46640,0.74151593,0.25848413
32297,0.4168603,0.5831397
24793,0.35230613,0.6476938
32963,0.26183078,0.7381692
31801,0.15003838,0.84996164
59469,0.67864573,0.32135424
11529,0.54353,0.45647004
44239,0.870894,0.12910593
43445,0.9446489,0.05535108
62406,0.91853356,0.08146643
4181,0.014949641,0.9850503
35929,0.051232964,0.948767
33671,0.47634122,0.5236588
37111,0.0014711238,0.99852884
40109,0.010430518,0.9895695
41038,0.024634091,0.9753659
3192,0.8712736,0.12872644
34076,0.20798983,0.7920101
42691,0.66636294,0.33363706
53046,0.6382028,0.36179718
64817,0.86954385,0.13045613
7702,0.21056618,0.7894338
33695,0.34748134,0.6525187
42534,0.033704896,0.9662951
56322,0.83147323,0.1685268
4438,0.58361095,0.41638905
32311,0.53911084,0.4608892
62413,0.68616015,0.31383982
22100,0.57377917,0.42622083
61614,0.64813566,0.35186434
60405,0.4417881,0.5582119
6064,0.84662557,0.15337443
12358,0.0059013595,0.99409866
28292,0.060079645,0.93992037
4333,0.6761011,0.32389894
28869,0.013678918,0.98632115
42881,0.11815601,0.881844
20353,0.47840574,0.5215943
19562,0.001003851,0.9989962
35199,0.5060055,0.4939945
40154,0.036771882,0.9632281
35837,0.18267463,0.8173254
23365,0.0071038944,0.99289614
46568,0.6403653,0.3596347
28559,0.1954683,0.8045317
59001,0.47303858,0.5269614
51333,0.94092035,0.059079595
41434,0.37451354,0.6254865
39800,0.00038998548,0.99961
34381,0.46385697,0.536143
63287,0.50972104,0.49027896
11898,0.15560976,0.8443902
13072,0.11303107,0.8869689
28024,0.6542857,0.3457143
60087,0.84315044,0.15684961
17153,0.0014963691,0.9985037
32726,0.56009245,0.43990752
31008,0.7812617,0.21873835
47652,0.9342015,0.065798566
30284,0.035022844,0.96497715
37711,0.15220279,0.8477973
60231,0.5041317,0.49586836
32553,0.087047584,0.91295236
15037,0.7180162,0.28198376
56459,0.90629566,0.09370439
47744,0.64661676,0.3533832
33873,0.20546943,0.79453063
31053,0.41120514,0.5887948
25421,0.00086651836,0.9991335
8807,0.18684255,0.81315744
23627,0.119019285,0.8809807
20626,0.66290474,0.33709526
59876,0.60769403,0.392306
5548,0.10482982,0.89517015
41761,0.056204874,0.94379514
40058,0.0029522604,0.9970477
18204,0.0136887515,0.98631126
6455,0.930622,0.06937803
10245,0.8010245,0.19897552
33233,0.5438718,0.4561282
6329,0.5102699,0.48973012
54808,0.77929276,0.22070727
31745,0.2731505,0.7268495
24843,0.051757663,0.94824237
45579,0.8239151,0.17608486
5975,0.1871804,0.8128196
29186,0.028810352,0.9711897
10465,0.6561569,0.3438431
27123,0.0035740922,0.9964259
52271,0.8215935,0.17840649
51285,0.74385375,0.25614622
1531,0.85179263,0.14820741
16,0.12365234,0.8763476
3369,0.41330442,0.5866956
23519,0.011086068,0.98891395
31257,0.023364615,0.97663534
28929,0.01544039,0.9845596
5722,0.7971392,0.20286076
38604,0.07977683,0.9202232
32999,0.27810216,0.72189784
3640,0.4222406,0.5777594
46657,0.5843937,0.41560635
49593,0.9219264,0.07807366
14213,0.37202927,0.6279707
57798,0.96737444,0.03262558
37485,0.024007358,0.9759926
64514,0.77169025,0.22830975
2534,0.7764576,0.22354238
40815,0.0054526976,0.99454737
59287,0.4870916,0.51290834
40877,0.07207826,0.9279217
60541,0.5469452,0.4530548
4711,0.84041387,0.15958609
51212,0.748228,0.251772
39818,0.00030265725,0.9996973
59352,0.6976629,0.3023371
46439,0.96950734,0.03049262
3092,0.67990404,0.32009596
4321,0.36327982,0.63672024
38635,0.06984782,0.9301522
31387,0.25080118,0.74919885
53119,0.82598597,0.17401402
19863,0.030864824,0.96913517
40075,0.15574741,0.8442525
61501,0.94062275,0.05937728
49285,0.8291757,0.17082426
54365,0.87243396,0.12756598
20964,0.17924766,0.8207524
49893,0.8117451,0.18825485
60968,0.50518906,0.49481097
31898,0.31472257,0.68527746
55694,0.84283525,0.15716474
15122,0.009994406,0.99000555
63587,0.94257337,0.057426583
42624,0.035054628,0.9649454
55318,0.4819268,0.5180732
35006,0.5554915,0.4445085
30530,0.19862503,0.801375
47676,0.53910017,0.4608998
64058,0.8410778,0.15892218
48113,0.85199475,0.1480053
16814,0.06158021,0.9384198
63513,0.7113244,0.28867564
19016,0.10441843,0.89558154
44135,0.57355237,0.4264476
2227,0.6116377,0.3883623
62558,0.78010195,0.21989802
18758,0.0011141808,0.9988858
18407,0.15739089,0.84260917
38480,0.16075824,0.83924174
27182,0.005343119,0.9946569
54131,0.88112473,0.118875235
62253,0.46385697,0.536143
49913,0.68329304,0.316707
65000,0.7411462,0.25885376
9088,0.31333768,0.6866624
6564,0.60877573,0.39122427
37169,0.30158427,0.6984157
52257,0.6828035,0.31719646
57189,0.90394306,0.096056886
61888,0.99850214,0.0014978539
10179,0.26100764,0.73899233
58720,0.80663097,0.19336906
31864,0.79774183,0.20225814
46999,0.59503484,0.4049652
25709,0.6003952,0.39960483
27821,0.04016384,0.9598361
10330,0.26206213,0.7379379
1452,0.9789766,0.021023346
44490,0.9158166,0.08418344
53209,0.339678,0.660322
3135,0.2700272,0.7299728
18461,0.0016050106,0.998395
3569,0.5487153,0.45128474
62988,0.9665884,0.0334116
15437,0.3762466,0.6237534
56267,0.9438288,0.056171164
27659,0.00069202046,0.999308
51356,0.6346885,0.36531153
10607,0.8380165,0.16198349
2395,0.7295909,0.27040905
14295,0.6527578,0.34724215
4485,0.8813022,0.118697785
9249,0.06443054,0.9355695
56531,0.80826056,0.1917395
44181,0.7251895,0.27481052
64421,0.8518705,0.1481295
20840,0.72455823,0.2754418
12160,0.007850286,0.9921497
60656,0.24584779,0.7541522
34077,0.5150884,0.4849116
56312,0.7972207,0.2027793
17264,0.0011899702,0.99881005
63300,0.46224505,0.53775495
24255,0.0013602537,0.99863976
21641,0.00044620602,0.99955374
31590,0.15295705,0.8470429
50758,0.7965626,0.20343739
18910,0.0014966434,0.9985033
53911,0.6478483,0.35215175
34371,0.37125668,0.62874335
50848,0.75350904,0.24649096
50749,0.84018356,0.15981637
31136,0.014580248,0.9854197
26582,0.074748665,0.9252513
63586,0.83141416,0.16858579
40021,0.00021974731,0.99978024
49547,0.6824488,0.3175512
13775,0.12269611,0.8773039
57360,0.99496365,0.005036391
36047,0.017110633,0.98288935
28748,0.0008207857,0.9991792
48694,0.88148296,0.11851702
18021,0.009572365,0.9904276
19215,0.034581624,0.96541834
64277,0.18305525,0.8169447
12787,0.81531596,0.18468404
8071,0.2843476,0.71565235
12080,0.6047821,0.3952179
46198,0.7057716,0.29422837
3467,0.40507165,0.5949283
45067,0.96813244,0.03186758
5167,0.48534676,0.51465327
60313,0.20768134,0.79231864
16687,0.02782774,0.97217226
45419,0.9356998,0.06430017
23646,0.6270033,0.3729967
53302,0.7906156,0.20938441
45164,0.8411103,0.15888976
36508,0.0012980965,0.99870193
59746,0.501815,0.49818498
44679,0.9397102,0.060289808
17652,0.009481628,0.9905184
4733,0.7016638,0.2983362
22163,0.010326851,0.98967314
32628,0.05134284,0.94865716
53922,0.76252556,0.23747446
64339,0.8175863,0.18241373
57935,0.97847295,0.021527076
61914,0.5361637,0.46383628
23560,0.002819029,0.99718094
24142,0.0017624259,0.9982376
2182,0.08662301,0.91337705
16898,0.0011878625,0.9988122
63767,0.7106369,0.28936312
54306,0.6513226,0.34867743
49946,0.8673609,0.13263912
41527,0.023599887,0.97640014
54648,0.71188974,0.28811032
63773,0.22083676,0.77916324
59500,0.7430206,0.2569794
57050,0.9743035,0.025696505
21572,0.29018757,0.7098124
56437,0.62036604,0.37963393
51954,0.85093534,0.14906465
53559,0.46337795,0.53662205
32964,0.27667058,0.7233295
14356,0.3141001,0.6858999
41779,0.016495321,0.98350465
11681,0.6345053,0.3654947
46184,0.85953844,0.14046156
18377,0.014029949,0.9859701
40997,0.03502997,0.96497005
19515,0.003566499,0.9964335
2199,0.76847774,0.23152223
2568,0.5906882,0.40931177
45931,0.96602106,0.033978935
51848,0.7465164,0.2534836
55416,0.46633768,0.5336623
43177,0.1733769,0.82662314
53319,0.66915923,0.3308408
47740,0.88250804,0.117491916
5738,0.65106195,0.348938
52452,0.648917,0.35108298
60817,0.4746072,0.52539283
56380,0.99974066,0.00025930628
58698,0.9938393,0.0061606565
9662,0.14362623,0.8563738
4001,0.09032945,0.90967053
61474,0.9003001,0.0996999
46573,0.6284429,0.37155706
52895,0.6278963,0.37210366
44976,0.92225415,0.07774586
10324,0.4874899,0.51251006
45519,0.3298476,0.6701524
27251,0.12608343,0.87391657
18392,0.005971023,0.99402905
17084,0.002600161,0.9973998
52666,0.84983677,0.15016323
50950,0.8968111,0.10318886
58320,0.9448398,0.055160154
54620,0.7437308,0.2562692
56873,0.9751737,0.024826355
45692,0.7032371,0.2967629
42483,0.0034545544,0.9965455
13979,0.33561122,0.6643887
47420,0.9189529,0.081047125
27228,0.0050995597,0.9949005
25719,0.33060044,0.66939956
14513,0.09596628,0.9040338
49589,0.7514685,0.24853157
59266,0.008956373,0.9910437
3982,0.0061748093,0.9938252
19139,0.0009465628,0.9990534
58297,0.94894326,0.051056787
40069,0.009080441,0.9909196
31912,0.24282159,0.75717837
12909,0.049790073,0.9502099
33505,0.26701742,0.7329826
27492,0.56081396,0.43918607
1054,0.28561434,0.7143857
38295,0.011342455,0.98865753
22542,0.016804608,0.98319536
53576,0.57313985,0.42686012
507,0.7554505,0.24454954
36507,0.0015594468,0.99844056
64382,0.7745537,0.22544627
41099,0.12811074,0.8718893
2517,0.8157605,0.18423949
56285,0.9942907,0.005709268
27746,0.0024977757,0.99750227
26538,0.35118145,0.6488186
25230,0.24172136,0.75827867
10177,0.4425787,0.55742127
18842,0.0006819655,0.999318
2126,0.9816886,0.018311372
54460,0.51861304,0.48138696
17488,0.010306721,0.98969334
22254,0.0009342235,0.9990658
14153,0.50047576,0.49952424
17862,0.026747229,0.9732528
10782,0.05827949,0.9417205
47929,0.80415595,0.19584404
7815,0.725386,0.27461392
43192,0.8249155,0.17508444
43881,0.7354779,0.26452208
9912,0.7337766,0.2662234
59398,0.2699287,0.73007125
55276,0.2415021,0.75849795
19148,0.06928209,0.9307179
28357,0.03692179,0.96307826
27532,0.5285966,0.47140345
20994,0.26551643,0.73448354
21480,0.6539706,0.34602937
12217,0.18254767,0.8174523
17765,0.0032486366,0.9967514
59643,0.7768191,0.22318089
53153,0.2961898,0.70381016
38281,0.021233022,0.97876704
3902,0.17927022,0.82072973
32671,0.09518527,0.9048147
45829,0.8715029,0.12849717
39541,0.0045431647,0.9954568
47568,0.35758728,0.6424128
11329,0.5699524,0.4300475
62581,0.9281376,0.071862385
63689,0.67230463,0.32769537
12876,0.09667377,0.9033262
49829,0.6229091,0.37709084
3456,0.6546778,0.34532216
37096,0.025762033,0.974238
38989,9.277044e-05,0.99990726
53093,0.47566164,0.5243384
56917,0.9498855,0.050114457
27672,0.022543129,0.97745687
42155,0.5300108,0.4699892
20164,0.00044781013,0.9995522
49071,0.7695901,0.23040992
42495,0.088393554,0.91160643
57262,0.5818876,0.41811237
33080,0.43029866,0.5697014
21889,0.68016887,0.3198312
24622,0.0020578718,0.99794215
59173,0.17484312,0.82515687
23833,0.009131831,0.9908682
43298,0.8109572,0.18904275
3607,0.74149173,0.25850824
14702,0.028994167,0.97100586
8358,0.08748169,0.91251826
28980,0.026841294,0.9731588
39950,0.012409022,0.987591
17166,0.016945865,0.9830541
530,0.41327938,0.5867206
58733,0.98338956,0.01661043
26024,0.029298829,0.97070116
40710,0.2327349,0.7672651
8009,0.389262,0.61073804
4381,0.24027155,0.7597284
10195,0.065606065,0.9343939
33675,0.23272312,0.76727694
7627,0.6507953,0.34920475
63813,0.15481497,0.84518504
42764,0.012991507,0.9870085
49181,0.9142612,0.08573874
37015,0.5327226,0.46727744
11041,0.6241865,0.37581348
39513,0.030469513,0.9695305
25225,0.025589263,0.9744108
30028,0.020033574,0.97996646
15642,0.02495555,0.9750445
44619,0.953918,0.04608199
38043,0.00040326986,0.9995968
40427,0.18360427,0.8163957
29697,0.40745708,0.59254295
43890,0.9382475,0.06175248
47988,0.77470595,0.22529405
5615,0.53508174,0.4649183
25202,0.013069155,0.98693085
55613,0.7865865,0.21341348
28463,0.0050415494,0.99495846
49667,0.7941148,0.20588522
2936,0.6674838,0.33251625
18723,0.0008349682,0.99916506
27192,0.02718011,0.97281986
24299,0.022081517,0.97791845
47630,0.6032856,0.39671436
7416,0.09685326,0.9031468
29434,0.023418134,0.9765819
9321,0.10938162,0.8906184
50984,0.66488737,0.33511263
58101,0.9752006,0.024799407
50088,0.07205328,0.92794675
26522,0.56298876,0.43701124
35839,0.11811682,0.8818832
5951,0.817923,0.18207699
26735,0.23220845,0.76779157
3386,0.43107164,0.5689284
19626,0.00082710834,0.99917287
5564,0.8999662,0.100033894
16821,0.004663007,0.995337
52003,0.41764516,0.58235484
39211,0.0029072517,0.9970927
42424,0.01803189,0.9819681
40722,0.024507603,0.97549236
50829,0.39119357,0.60880643
53817,0.9486168,0.051383194
48597,0.96961445,0.03038547
57029,0.97375023,0.026249804
3567,0.053457905,0.9465421
17628,0.0010190285,0.99898094
9197,0.54439175,0.45560825
63192,0.714642,0.285358
3509,0.012438737,0.9875613
25534,0.006721779,0.9932782
43478,0.87425536,0.12574464
24047,0.0020981778,0.9979018
19056,0.0064299884,0.99356997
2785,0.8369478,0.16305223
26644,0.012505324,0.98749465
28543,0.030635983,0.96936405
48611,0.91406125,0.08593877
25688,0.14913985,0.8508601
50445,0.775581,0.22441906
14651,0.41781998,0.58218
39756,0.0031515546,0.9968484
19074,0.0024893994,0.99751055
48823,0.8033976,0.19660239
2994,0.19963145,0.8003685
64677,0.87569094,0.124309026
38828,0.020506488,0.97949356
22909,0.013187845,0.9868122
22075,0.047799196,0.9522008
21313,0.19708508,0.8029149
27605,0.0359221,0.96407795
16211,0.00035199636,0.999648
55003,0.40656793,0.593432
31120,0.0049044928,0.9950955
14310,0.29015136,0.70984864
31152,0.0018522957,0.9981477
4555,0.9516755,0.048324578
13528,0.005626222,0.9943738
12577,0.20247687,0.7975231
18791,0.0004828486,0.9995172
4415,0.6974909,0.3025092
51720,0.97542167,0.024578264
55724,0.7794034,0.22059661
54099,0.8515304,0.14846966
26463,0.032096855,0.9679031
19069,0.0030444958,0.9969555
17204,0.0033367972,0.99666315
20561,0.43539137,0.56460863
2866,0.376415,0.6235849
27914,0.02165438,0.9783456
26513,0.042305,0.95769507
47727,0.9073573,0.09264273
30965,0.69421387,0.30578613
40925,0.0013950977,0.99860495
3831,0.076935194,0.9230648
46139,0.7754673,0.22453268
50555,0.6922654,0.30773464
31559,0.2947026,0.7052974
40388,0.016174233,0.98382574
36334,0.09275154,0.90724844
44004,0.9165806,0.083419345
20807,0.77880824,0.22119178
5306,0.74314225,0.2568578
21774,0.41063333,0.5893667
4852,0.59682155,0.40317845
27940,0.014225199,0.98577476
49016,0.89231807,0.107681915
59053,0.72120625,0.2787938
61973,0.65488005,0.34511995
33999,0.3721727,0.62782735
51544,0.6978462,0.3021538
58267,0.99619764,0.0038023153
48890,0.6008068,0.39919326
25944,0.008527374,0.9914726
7898,0.2598756,0.7401244
39404,0.030605832,0.9693942
9104,0.22896504,0.77103496
2024,0.24179728,0.75820273
35103,0.79925233,0.20074764
32649,0.11599813,0.8840019
24227,0.0008878532,0.9991122
17767,0.010434288,0.98956573
47906,0.8283805,0.17161942
31946,0.5608565,0.43914342
31143,0.015718795,0.9842812
23783,0.010937575,0.98906237
2511,0.23788215,0.7621178
1540,0.78177583,0.21822421
14989,0.3191519,0.68084806
1510,0.6211111,0.3788889
11956,0.4052639,0.59473616
20680,0.17143334,0.8285667
64513,0.90794843,0.09205155
34218,0.22947595,0.770524
52496,0.73008984,0.26991013
21266,0.3324511,0.6675489
21738,0.0027859306,0.99721414
64220,0.97033846,0.029661518
49336,0.91043156,0.089568496
26022,0.00832962,0.99167037
52446,0.918975,0.08102493
51658,0.90930086,0.09069912
61362,0.8718944,0.12810552
48924,0.52912515,0.47087488
12194,0.63821834,0.3617817
44768,0.9101,0.08990004
38753,0.17547311,0.8245269
52998,0.75205284,0.24794711
26401,0.0029567163,0.9970433
14533,0.5182212,0.48177883
11111,0.2811366,0.71886337
15927,0.003924117,0.9960758
15768,0.0042922855,0.99570763
3836,0.77244294,0.22755714
55203,0.96445435,0.035545655
55381,0.7815543,0.2184457
53061,0.64237654,0.3576234
36164,0.0049819625,0.995018
743,0.6169702,0.38302982
43955,0.68393075,0.3160692
28276,0.004438074,0.99556196
40138,0.0029967057,0.99700326
28154,0.004554704,0.9954454
31751,0.19586837,0.8041316
33197,0.58149886,0.41850114
49516,0.9378949,0.062105123
35147,0.5680651,0.43193492
49982,0.9146725,0.08532749
13675,0.23828517,0.7617149
597,0.045717157,0.9542828
52462,0.82374793,0.17625211
32834,0.28658637,0.7134136
2064,0.2194446,0.78055537
35851,0.14512062,0.8548794
27343,0.003049254,0.99695075
62363,0.8639979,0.13600212
26282,0.025427278,0.97457266
46893,0.8893331,0.110666834
40317,0.002737697,0.99726224
40215,0.082557015,0.917443
26070,0.019260615,0.98073936
26930,0.6406966,0.35930347
55620,0.37629908,0.6237009
62207,0.9895141,0.01048584
53724,0.7198341,0.2801659
111,0.33973074,0.6602693
15639,0.034796167,0.9652039
3144,0.7765005,0.22349949
18180,0.01740312,0.9825968
14018,0.30991086,0.6900891
63787,0.6646367,0.3353633
44915,0.9633231,0.03667685
32678,0.080050685,0.9199493
34755,0.77255106,0.22744891
36460,0.07035133,0.9296487
3846,0.51110476,0.48889524
39775,0.000109847235,0.9998901
36500,0.0005837835,0.99941623
63625,0.92523265,0.07476737
13791,0.0027882606,0.99721175
16818,0.012644283,0.98735577
52046,0.9006886,0.09931138
41069,0.006237693,0.9937623
63029,0.9956376,0.0043624425
15114,0.6587011,0.34129888
30158,0.37435478,0.6256452
56546,0.95953035,0.040469576
50161,0.8715931,0.12840688
7446,0.0153899705,0.9846101
26887,0.0054839225,0.9945161
63501,0.6098308,0.39016923
2577,0.7884949,0.21150507
63098,0.8768799,0.12312011
64221,0.5817371,0.41826287
50178,0.75377727,0.24622272
51714,0.9501692,0.04983074
52577,0.89598775,0.10401225
3338,0.06133766,0.9386624
5132,0.7323504,0.26764956
55698,0.43901348,0.5609865
61385,0.4717161,0.5282839
50029,0.86060566,0.13939436
5706,0.26940337,0.7305966
26718,0.0005673327,0.9994326
24799,0.1622757,0.83772427
13136,0.010429686,0.98957026
52292,0.0700749,0.9299251
14180,0.32615575,0.6738443
40960,0.022721399,0.97727865
15733,0.0026922673,0.9973078
329,0.24028006,0.75971997
2573,0.7041536,0.29584637
19641,0.0009727613,0.99902725
50044,0.4961879,0.5038121
42419,0.050176967,0.949823
32772,0.5717343,0.42826566
58333,0.9790522,0.020947818
27099,0.0083499085,0.9916501
44373,0.9083048,0.091695204
29453,0.0027117017,0.99728835
22421,0.0011204573,0.9988795
5925,0.19533747,0.80466247
42964,0.019728467,0.9802715
51214,0.87309796,0.12690201
48069,0.9023685,0.09763147
20306,0.0007211459,0.99927884
19054,0.00241119,0.9975889
10947,0.19869897,0.801301
46366,0.5641374,0.43586257
54712,0.5859294,0.41407067
61441,0.84526664,0.15473333
17613,0.0048328554,0.99516714
9884,0.6954556,0.30454442
44971,0.94486576,0.055134214
48830,0.90555453,0.094445504
15251,0.030348152,0.9696518
48676,0.9099499,0.09005004
50204,0.87396365,0.12603639
61419,0.86829764,0.13170236
31681,0.0025379646,0.99746203
3761,0.37426972,0.6257303
52258,0.7974804,0.20251958
6883,0.7596293,0.24037066
30254,0.061059188,0.9389408
47337,0.964234,0.03576607
36060,0.009288777,0.9907113
10576,0.18491247,0.81508756
37328,0.0076888693,0.9923111
14999,0.58230656,0.4176934
39691,0.0012049795,0.99879503
61201,0.9987839,0.0012161483
44781,0.9104193,0.089580655
56600,0.907426,0.09257397
32239,0.77740765,0.22259237
63132,0.9972018,0.0027982634
22141,0.05689293,0.94310707
38537,0.33885434,0.6611456
7597,0.4742365,0.5257635
27410,0.023778187,0.97622186
4347,0.005541242,0.9944588
42568,0.04688648,0.95311344
1430,0.722575,0.277425
32335,0.2876988,0.7123012
22237,0.029158134,0.9708419
26016,0.009855434,0.9901446
56579,0.890475,0.10952504
56585,0.91629905,0.08370093
930,0.11657733,0.8834227
26762,0.016732533,0.9832675
56858,0.9970071,0.0029929928
32573,0.35635912,0.64364094
38441,0.0032447602,0.9967552
1485,0.7075671,0.29243284
54994,0.91107666,0.088923365
40332,0.00241801,0.99758196
29800,0.008516708,0.9914833
56671,0.9641637,0.03583625
47908,0.84548587,0.15451412
19228,0.0043876413,0.9956124
12457,0.7340506,0.2659495
11667,0.23497087,0.76502913
48016,0.36329246,0.63670754
17525,0.0034764097,0.99652356
28890,0.03351649,0.9664835
61460,0.98736006,0.012639949
25318,0.013436388,0.98656356
20720,0.6395125,0.3604875
13637,0.16901787,0.8309821
57058,0.9998455,0.00015451567
33057,0.18501872,0.8149813
36381,0.0073647867,0.9926352
11812,0.5936752,0.4063248
16524,0.00045223438,0.9995478
30901,0.08862627,0.9113737
56013,0.9860117,0.013988335
34783,0.5815358,0.41846418
17002,0.046021953,0.953978
7379,0.08890492,0.9110951
18482,0.0002895689,0.9997104
53133,0.6502024,0.34979758
61350,0.7360413,0.2639587
10183,0.5566184,0.44338155
52474,0.12382436,0.87617564
15694,0.001297009,0.998703
40682,0.012905753,0.9870942
39511,0.009185953,0.99081403
26615,0.08920057,0.9107995
31880,0.50372857,0.49627143
61590,0.6798183,0.3201817
57276,0.9213036,0.07869643
41173,0.004919165,0.9950808
3958,0.08442067,0.9155793
46687,0.6812255,0.31877452
26509,0.26307154,0.7369284
5403,0.67159325,0.32840678
21703,0.0024749034,0.99752504
3202,0.9382231,0.061776824
57818,0.94423115,0.055768885
12717,0.031018391,0.96898156
28077,0.0130426735,0.9869573
28906,0.016023096,0.98397696
6104,0.82191795,0.17808203
10366,0.37748656,0.6225135
56816,0.8881066,0.11189345
21127,0.2046022,0.7953978
56705,0.9809218,0.019078167
54390,0.54727477,0.45272523
29182,0.016664788,0.98333514
2743,0.6315662,0.36843377
41009,0.2270347,0.77296525
2483,0.6462835,0.3537165
26000,0.06552786,0.93447214
60103,0.8205041,0.1794958
55794,0.92831665,0.07168334
30289,0.0021460904,0.99785393
49019,0.9597541,0.04024586
58230,0.98927516,0.010724872
40186,0.0013247285,0.9986753
47268,0.8288936,0.1711064
7255,0.012702361,0.98729765
52533,0.8585177,0.14148234
11257,0.013442381,0.98655766
31052,0.036262833,0.96373713
28557,0.15450856,0.8454914
34094,0.23929566,0.76070434
57159,0.99967873,0.0003212895
31746,0.3262861,0.67371386
52513,0.8707976,0.12920244
7012,0.51722646,0.48277354
64683,0.8794617,0.12053836
42542,0.36390305,0.63609695
13170,0.0038630664,0.99613696
22499,0.008660783,0.99133915
34954,0.8727827,0.1272173
10523,0.49425387,0.5057461
34902,0.73144823,0.2685518
57457,0.86355233,0.13644768
14990,0.01367226,0.98632777
32081,0.33622578,0.6637742
19420,0.0004845063,0.99951553
2715,0.6223009,0.37769905
32078,0.29952544,0.70047456
22150,0.04858341,0.9514166
64792,0.85757357,0.14242639
41125,0.0031258543,0.9968741
19455,0.005720399,0.9942796
54985,0.90898687,0.091013126
62890,0.6021686,0.39783138
5223,0.80471075,0.1952893
42598,0.0069420887,0.99305785
39417,0.049869027,0.950131
48536,0.6692332,0.33076683
21957,0.0038198757,0.9961802
4442,0.7351334,0.2648666
44895,0.8708833,0.12911673
1849,0.3992657,0.6007343
32342,0.82364017,0.17635979
1886,0.97438407,0.025615957
43149,0.25144613,0.74855393
8036,0.064972945,0.935027
29857,0.007664751,0.99233526
9732,0.5581251,0.44187492
55083,0.3204138,0.6795862
34940,0.98748,0.012520007
41272,0.33690542,0.6630946
17454,0.007151492,0.9928485
15051,0.37817386,0.6218262
36553,0.0012935282,0.99870646
16292,0.05690179,0.94309825
11445,0.8124297,0.18757033
25298,0.0009053701,0.9990946
40684,0.26177236,0.73822767
29268,0.04273959,0.95726043
45423,0.9172297,0.08277027
40125,0.0067083132,0.99329174
40986,0.042438287,0.9575617
64083,0.8944475,0.1055525
59431,0.49453357,0.5054664
16170,0.002397025,0.997603
25430,0.015526043,0.98447394
12306,0.037808586,0.9621914
28418,0.09283154,0.9071685
27666,0.012170727,0.9878293
20178,0.00047404747,0.999526
15599,0.09897996,0.90102
54178,0.7168786,0.2831214
49608,0.66687995,0.33312002
49907,0.9161998,0.08380023
16885,0.007565432,0.9924346
46074,0.9954886,0.0045114416
33366,0.18048061,0.8195194
60135,0.9190313,0.080968715
13005,0.08550156,0.9144984
6011,0.7444723,0.25552765
58203,0.96853,0.031470027
43995,0.8379437,0.16205631
12796,0.71520174,0.2847983
34125,0.24690236,0.75309765
24157,0.0010543263,0.99894565
6588,0.8803991,0.11960095
24665,0.022038946,0.9779611
30739,0.0057731615,0.9942268
2787,0.52288973,0.47711027
36780,0.005368465,0.9946315
51835,0.81038874,0.18961129
54287,0.959749,0.040251076
55411,0.655356,0.34464398
60233,0.5279706,0.47202942
54152,0.28699917,0.71300083
33821,0.35710812,0.64289194
32506,0.26894805,0.731052
58302,0.9675464,0.032453608
50354,0.9325331,0.06746691
47706,0.9226993,0.077300765
46909,0.3384596,0.6615403
11541,0.2800451,0.7199549
273,0.24787465,0.7521253
23025,0.005687428,0.99431264
12208,0.5262085,0.4737915
6481,0.9452771,0.05472289
58894,0.3876818,0.6123182
58879,0.68627,0.31373003
24402,0.0025361388,0.9974638
15299,0.043054305,0.9569457
53490,0.7454889,0.2545111
52132,0.82701945,0.17298058
51247,0.7644297,0.2355703
60256,0.66849715,0.3315029
30341,0.47220463,0.5277954
29371,0.16966924,0.8303307
19873,0.0041785776,0.99582136
49145,0.64388037,0.35611963
4526,0.78792113,0.21207885
34700,0.6222432,0.3777568
18387,0.00173435,0.9982657
25556,0.7362451,0.26375493
23736,0.16293064,0.8370694
62093,0.5398372,0.46016285
41205,0.10049741,0.8995026
46783,0.9069899,0.09301008
58876,0.75725293,0.24274708
3220,0.7954787,0.20452122
19067,0.0023690893,0.99763083
18053,0.007866224,0.99213374
10376,0.17597052,0.8240295
19456,0.0036415257,0.99635845
24895,0.022472426,0.97752756
62180,0.80214405,0.197856
38068,0.43590748,0.5640925
62056,0.8254047,0.17459525
58944,0.29197234,0.7080276
17495,0.0062137735,0.9937862
32737,0.35379064,0.64620936
1703,0.39459792,0.60540205
30145,0.058773123,0.94122684
3306,0.75037414,0.24962582
15288,0.09513553,0.9048645
61069,0.9192475,0.08075246
5735,0.092683524,0.90731645
52612,0.46908656,0.5309134
35556,0.8187447,0.18125528
324,0.039999016,0.96000105
33815,0.5532882,0.44671178
22939,0.0047118347,0.99528813
58011,0.970791,0.029208997
21606,0.029876737,0.97012323
9989,0.43479928,0.56520075
32057,0.3274006,0.6725994
36249,0.41765875,0.58234125
16702,0.0004252961,0.9995747
51738,0.7473975,0.25260246
22569,0.12070859,0.8792914
42182,0.02927163,0.97072834
49252,0.83584857,0.1641514
31383,0.026406474,0.9735935
48955,0.93237096,0.06762905
45371,0.9424546,0.057545442
47373,0.94602317,0.053976774
18282,0.0028211114,0.9971789
64413,0.8815415,0.11845845
602,0.27643904,0.7235609
29551,0.016367128,0.98363286
25748,0.21093987,0.7890601
14922,0.0088077625,0.9911923
16064,0.0051391283,0.9948608
19059,0.0059942133,0.9940058
62510,0.70552385,0.29447615
28632,0.0023775378,0.99762243
32438,0.06741116,0.9325889
12631,0.37714943,0.6228506
57022,0.9609324,0.039067637
21597,0.040824857,0.9591751
41634,0.064816125,0.9351839
11222,0.3462358,0.6537642
59014,0.54883397,0.45116606
11906,0.59514314,0.4048569
54717,0.61466867,0.3853313
52869,0.66884804,0.33115196
39827,7.6581135e-05,0.99992347
8203,0.79699194,0.20300806
57435,0.9787861,0.021213839
23753,0.40858954,0.5914104
435,0.02251118,0.9774889
62782,0.95796967,0.042030383
27072,0.003739893,0.99626017
41486,0.6198162,0.38018388
39852,0.092999786,0.9070002
23565,0.042579714,0.95742023
25742,0.19065143,0.8093485
48059,0.43845215,0.5615478
6838,0.6110609,0.38893908
42890,0.02874967,0.9712504
52639,0.78598446,0.21401554
31891,0.54849625,0.45150375
39584,0.00090923446,0.9990908
62280,0.73700523,0.26299483
64272,0.029930279,0.9700697
58352,0.9913544,0.008645645
34957,0.89040124,0.109598815
59222,0.21994853,0.78005147
3383,0.055854864,0.94414514
22264,0.006755799,0.99324423
48844,0.9390067,0.06099334
26423,0.033705633,0.96629435
17659,0.0007617431,0.99923825
16182,0.2051171,0.79488295
37290,0.00091408356,0.9990859
41380,0.091313556,0.90868646
36876,0.078287005,0.92171305
53604,0.6838844,0.31611562
58355,0.9761571,0.023842953
1046,0.2252047,0.7747953
54175,0.66858935,0.33141065
42922,0.12374446,0.8762555
18745,0.0013648259,0.9986351
64322,0.80908656,0.1909134
54402,0.59069645,0.40930358
4566,0.72802186,0.27197814
20223,0.0058932914,0.99410665
5445,0.46565145,0.53434855
15756,0.0019145154,0.9980855
60493,0.31915367,0.68084633
53517,0.89360434,0.10639569
35360,0.56513864,0.43486133
51166,0.9613392,0.038660847
13350,0.0015943417,0.99840564
29866,0.011982024,0.98801804
45019,0.951064,0.048936035
40414,0.032543443,0.9674566
19131,0.001448045,0.9985519
37862,0.03098379,0.96901625
21258,0.7748132,0.22518681
3261,0.4406654,0.55933464
41705,0.0049024806,0.99509746
20462,0.5688198,0.4311802
46722,0.4933545,0.50664544
13631,0.67766315,0.32233682
25121,0.03248773,0.96751225
47748,0.84883755,0.1511625
56825,0.99716884,0.0028311454
37428,0.2934844,0.7065156
60342,0.48551232,0.5144876
569,0.27412003,0.72587997
13557,0.31390953,0.68609047
3577,0.78148395,0.21851602
52563,0.7530841,0.24691586
32974,0.3271326,0.67286736
23762,0.004813331,0.99518675
55130,0.7766163,0.22338371
35427,0.7365742,0.26342586
2363,0.9019996,0.09800037
54652,0.7445513,0.25544867
9176,0.40375996,0.5962401
37006,0.18196635,0.81803364
57354,0.9974253,0.0025747397
43558,0.7320568,0.26794323
11152,0.044360727,0.95563924
57288,0.9795982,0.020401757
15103,0.0025915883,0.99740845
9910,0.19347289,0.80652714
4094,0.56513375,0.43486625
50721,0.9545078,0.045492202
4897,0.9082551,0.091744855
4519,0.8627175,0.13728246
10282,0.21830529,0.7816947
19880,0.0008370492,0.9991629
40831,0.03798385,0.96201617
34081,0.27191147,0.72808856
51426,0.7959869,0.2040131
22052,0.65335786,0.3466421
28295,0.013315485,0.9866845
21477,0.90745026,0.09254971
58972,0.42812496,0.57187504
26452,0.035296123,0.9647039
15542,0.0027738935,0.99722606
27154,0.00052829226,0.9994717
11694,0.15091886,0.8490812
47460,0.9258543,0.07414561
46882,0.84599054,0.15400943
15937,0.0071545327,0.9928455
44974,0.9545011,0.04549887
5002,0.20421493,0.7957851
10708,0.79190713,0.20809288
62090,0.772725,0.22727507
30847,0.50178516,0.4982149
50147,0.8261281,0.1738719
41308,0.054982636,0.94501734
34155,0.40861994,0.59138006
10313,0.0035935717,0.9964064
5340,0.23920959,0.7607904
24590,0.016704313,0.98329574
27307,0.006219135,0.9937809
23035,0.00799731,0.9920027
38468,0.002241688,0.99775827
39279,0.058845922,0.94115406
56952,0.9729795,0.027020507
57825,0.9715291,0.028470887
9169,0.29054895,0.709451
53673,0.9340472,0.06595278
10426,0.55177355,0.4482264
16229,0.004332884,0.9956671
63901,0.6513229,0.34867707
1989,0.8379623,0.16203767
1394,0.9435777,0.05642221
57285,0.9863868,0.013613214
45652,0.2798574,0.7201426
26137,0.0059447484,0.9940553
11555,0.03582796,0.964172
19104,0.0018650984,0.99813485
61017,0.28684258,0.7131574
22113,0.20410722,0.7958928
26891,0.021199178,0.97880083
57117,0.8797669,0.12023313
3308,0.80859125,0.19140874
40498,0.009666281,0.99033374
37553,0.23651999,0.76348
53068,0.08737774,0.9126222
33060,0.24427666,0.75572336
18495,0.0027100646,0.99729
59609,0.96613854,0.033861503
23377,0.0027556457,0.99724436
45183,0.7523311,0.24766894
37888,0.15294346,0.8470565
19664,0.2477674,0.7522326
781,0.41388023,0.5861198
44108,0.7966655,0.20333451
16195,0.0028689073,0.9971311
31630,0.3916931,0.6083069
29834,0.020297904,0.9797021
4501,0.9163264,0.08367356
8700,0.26551476,0.7344852
51284,0.97490203,0.025098002
58854,0.6523712,0.3476288
52469,0.90058136,0.099418715
3871,0.1644233,0.83557665
27703,0.042731363,0.9572686
7683,0.7589182,0.24108174
31693,0.17265083,0.8273491
57486,0.99158597,0.008414
23996,0.009799198,0.9902008
19951,0.00032462427,0.9996754
37285,0.0034010396,0.996599
23908,0.4748931,0.5251069
8118,0.7092487,0.29075134
12574,0.66380084,0.3361991
27127,0.22379616,0.7762038
37863,0.24964643,0.7503536
49105,0.9792125,0.020787507
43911,0.93889487,0.06110512
47313,0.69349587,0.30650413
25602,0.13755618,0.8624438
6199,0.68929285,0.31070712
41265,0.042527493,0.9574725
38576,0.06699781,0.93300223
33280,0.31258288,0.68741715
49896,0.915909,0.08409101
54238,0.45689073,0.5431093
13772,0.078115545,0.9218844
51598,0.87640446,0.123595506
56150,0.86509067,0.13490935
58601,0.79178923,0.20821078
20143,0.0020389946,0.99796104
64426,0.875048,0.12495207
58604,0.7038739,0.29612616
48524,0.60242623,0.39757374
14591,0.66480505,0.33519495
25382,0.0031120544,0.996888
7580,0.26119313,0.73880684
51259,0.97623175,0.023768222
4703,0.5506494,0.44935063
58001,0.96817935,0.03182059
38275,0.0040326924,0.99596727
516,0.6876799,0.3123201
56878,0.9992594,0.00074051827
27842,0.08223926,0.9177608
14466,0.92152035,0.078479685
46465,0.7603719,0.23962803
20480,0.483907,0.516093
20326,0.006220055,0.99377996
47189,0.68961024,0.3103897
31256,0.10916249,0.8908375
52380,0.9057225,0.09427755
52742,0.4036678,0.59633213
21280,0.029422997,0.97057706
26129,0.027444461,0.9725556
64142,0.913106,0.08689406
42928,0.09827021,0.90172976
62268,0.822543,0.17745699
37113,0.023655249,0.97634476
11919,0.5416552,0.45834482
18602,0.0011120532,0.99888796
42071,0.021036178,0.97896385
5924,0.6459957,0.35400435
28600,0.14485995,0.85514003
13176,0.3994334,0.6005666
8914,0.7737339,0.22626604
36593,0.027312595,0.9726874
36207,0.0034480533,0.996552
9363,0.55501956,0.4449804
30362,0.019229088,0.9807709
48961,0.92639184,0.073608086
28206,0.01999994,0.98
29606,0.001846358,0.9981536
27573,0.005454073,0.99454594
35960,0.0067399186,0.9932601
10354,0.078354485,0.92164546
42287,0.054914787,0.94508517
33876,0.3674878,0.6325122
46986,0.74241775,0.25758225
31283,0.058381207,0.9416188
22878,0.0394076,0.96059245
35108,0.1467499,0.8532501
52973,0.17619616,0.8238038
37938,0.0018592223,0.9981408
40152,0.010938432,0.9890616
29445,0.011181416,0.9888186
41835,0.7887334,0.21126662
45320,0.9183772,0.08162278
24692,0.004530068,0.9954699
3251,0.20730183,0.7926982
52325,0.83312476,0.16687526
25058,0.0024267882,0.9975732
10138,0.04182784,0.9581722
16766,0.0104310885,0.9895689
54877,0.65014666,0.34985334
36689,0.07276286,0.92723715
43575,0.92391616,0.0760839
27504,0.5092953,0.49070472
33405,0.16818422,0.83181584
30920,0.017058743,0.9829412
61765,0.7263551,0.27364495
32500,0.2816332,0.71836674
39939,0.011139538,0.9888604
49315,0.92932916,0.070670895
61206,0.55575854,0.4442415
17677,0.00048361046,0.99951637
63755,0.7542106,0.24578942
31028,0.00568577,0.99431425
6657,0.60273314,0.39726692
1736,0.64051783,0.3594822
63055,0.9396018,0.060398147
63574,0.92494106,0.07505893
11454,0.0032589114,0.9967411
34456,0.76189315,0.23810685
33670,0.3774987,0.6225013
34959,0.85115314,0.14884686
60651,0.41144848,0.5885515
56712,0.9591871,0.040812887
38848,0.0010273213,0.99897265
22730,0.009637074,0.99036294
18002,0.0014528539,0.99854714
44646,0.86226684,0.13773319
7494,0.387495,0.61250496
55533,0.67120785,0.32879218
47100,0.81930065,0.18069932
1261,0.37340733,0.62659264
46801,0.60317695,0.39682305
21393,0.16885236,0.8311476
24985,0.04327239,0.9567276
58478,0.99973506,0.0002648962
13889,0.39149016,0.60850984
13953,0.016665597,0.9833345
7047,0.4538933,0.54610676
22412,0.045443345,0.9545567
22342,0.0014904807,0.99850947
44024,0.8442233,0.15577666
53968,0.66492385,0.33507615
12629,0.44558516,0.5544148
39702,0.003004676,0.99699533
55546,0.739285,0.260715
35312,0.29589283,0.70410717
4986,0.52087563,0.47912437
9572,0.013407539,0.9865925
31418,0.30249998,0.6975
37961,0.03471251,0.9652875
20106,0.0004228935,0.9995771
44433,0.8689463,0.13105372
52807,0.6595049,0.34049508
50961,0.8430548,0.15694524
59207,0.18849185,0.8115082
26338,0.0018320489,0.9981679
8851,0.08100594,0.91899407
12658,0.077122755,0.92287725
6172,0.20926046,0.79073954
4475,0.17876673,0.8212333
59453,0.57585895,0.424141
13994,0.066375084,0.9336249
18557,0.012710485,0.9872895
40539,0.010325696,0.98967427
6,0.08112643,0.91887355
20934,0.2261208,0.7738792
61452,0.36275986,0.6372402
15972,0.029346943,0.97065306
33591,0.18990672,0.8100933
61556,0.5630735,0.43692648
48082,0.75774175,0.24225825
57684,0.99983084,0.00016910749
1840,0.8696677,0.13033232
65031,0.7609901,0.2390099
25411,0.21690144,0.7830985
12724,0.025169842,0.9748301
9676,0.018902047,0.98109794
30240,0.07469135,0.9253087
44307,0.8168546,0.18314546
37731,0.025050176,0.97494984
24973,0.12928954,0.87071043
16237,0.0021001096,0.9978999
9167,0.49265054,0.5073495
38855,0.00033212517,0.9996679
7044,0.12760678,0.87239325
35805,0.27159318,0.7284068
1195,0.20656395,0.79343605
39031,0.009281776,0.9907182
15311,0.3795908,0.62040913
39615,0.00073586876,0.9992642
60243,0.60209626,0.39790374
30605,0.008189729,0.99181026
31352,0.28295338,0.7170466
20817,0.6444795,0.3555205
52144,0.89888483,0.10111514
10691,0.7924922,0.20750779
27000,0.19953665,0.8004634
40301,0.023315346,0.9766847
36911,0.05654348,0.94345653
3002,0.7522145,0.24778551
57505,0.9958494,0.004150645
25594,0.15188478,0.84811527
32395,0.1427965,0.8572035
29755,0.0051497268,0.9948502
29798,0.0013634162,0.99863654
47392,0.9411406,0.058859415
59149,0.062788226,0.9372118
41880,0.024962487,0.97503746
22083,0.70645773,0.29354224
51025,0.9056085,0.09439145
13728,0.90843856,0.091561474
4249,0.0013876877,0.9986123
666,0.35044298,0.649557
29493,0.0035978393,0.99640214
18262,0.0003661428,0.9996338
19978,0.0029321108,0.99706787
61770,0.8525899,0.14741015
42277,0.6962987,0.3037013
41165,0.06811081,0.9318892
60667,0.84869486,0.1513051
54163,0.7441601,0.2558399
77,0.05494333,0.9450566
21196,0.06948889,0.9305111
50897,0.9128399,0.08716015
16853,0.0013134406,0.9986866
45428,0.79989946,0.2001005
13394,0.41173536,0.58826464
16900,0.015121559,0.9848785
19239,0.015883135,0.98411685
16087,0.09540858,0.9045914
13174,0.00021209696,0.99978787
50330,0.8255354,0.17446454
37314,0.059160072,0.94083995
31766,0.06997817,0.9300218
53354,0.9124017,0.08759833
17532,0.005026003,0.994974
15622,0.0038773576,0.99612266
45910,0.9540977,0.04590227
57144,0.89551854,0.10448147
13593,0.13723406,0.86276597
167,0.019791637,0.98020834
48179,0.7201635,0.2798365
33171,0.1516789,0.8483211
50302,0.857004,0.14299598
54169,0.8141653,0.18583469
59364,0.61006266,0.38993734
31244,0.09523197,0.904768
12545,0.35594127,0.6440587
22211,0.580756,0.41924405
17409,0.006892673,0.9931074
2895,0.6377421,0.36225796
19181,0.06627409,0.93372583
18015,0.1273929,0.8726071
51896,0.8756385,0.12436152
28467,0.012745381,0.9872547
16466,0.0013937226,0.99860626
33799,0.30647552,0.6935244
44480,0.96365464,0.036345355
45017,0.9492408,0.05075924
35840,0.06985832,0.9301416
45928,0.9319203,0.06807971
59289,0.3384614,0.66153854
5882,0.79860777,0.2013922
29258,0.4739226,0.5260774
60097,0.79338366,0.20661637
13018,0.00022077996,0.9997793
6197,0.71450603,0.28549394
38262,0.0052076164,0.9947924
59901,0.7365282,0.26347178
8527,0.003128133,0.9968719
40005,0.012018172,0.98798186
20765,0.26015764,0.73984236
29823,0.0008922198,0.9991078
22732,0.006935301,0.9930647
63632,0.85803884,0.1419612
24500,0.0038194582,0.99618053
9630,0.06333036,0.93666965
29329,0.14347991,0.8565201
12062,0.024716647,0.9752833
45225,0.94431245,0.05568753
42246,0.71853715,0.28146288
53996,0.8550662,0.14493385
37278,0.0030042685,0.9969957
46242,0.9371044,0.06289561
36333,0.110643566,0.88935643
31823,0.18833947,0.8116605
25236,0.018705448,0.9812945
22212,0.62132394,0.3786761
2378,0.50875926,0.49124074
26748,0.14341788,0.8565821
11540,0.0027398798,0.9972601
33263,0.58054584,0.4194541
16942,0.16753668,0.8324633
59178,0.22611669,0.7738833
33212,0.3122102,0.68778986
48096,0.810546,0.18945402
37941,0.004624786,0.9953752
58493,0.9284714,0.07152866
10557,0.78845495,0.21154507
43269,0.15485592,0.8451441
43139,0.01697404,0.98302597
2098,0.8353275,0.16467245
18286,0.019055832,0.9809442
48307,0.72656393,0.27343604
8499,0.05448037,0.9455197
20036,0.0001372219,0.9998628
19012,0.0023850037,0.997615
2021,0.29003197,0.7099681
56658,0.9311649,0.06883503
15506,0.0024103436,0.9975897
6313,0.28982523,0.71017474
59081,0.5515319,0.4484681
10041,0.42470565,0.5752944
42160,0.341067,0.65893304
16936,0.0016174861,0.99838257
3447,0.8237647,0.17623533
61626,0.916901,0.08309905
27449,0.014551148,0.9854489
49639,0.9117058,0.088294156
63757,0.70769024,0.2923097
62106,0.99857676,0.0014232262
14924,0.29890555,0.7010944
28879,0.008298517,0.9917014
53730,0.8513479,0.14865209
51267,0.91235995,0.087640025
52558,0.78640956,0.21359046
33982,0.3394556,0.66054434
61745,0.9752907,0.0247093
40514,0.0016868608,0.9983132
16428,0.032441527,0.96755844
8262,0.66762674,0.33237323
9888,0.4481037,0.5518963
42558,0.8016175,0.19838247
60513,0.36740422,0.6325957
4222,0.31041923,0.6895808
36882,0.060200363,0.9397996
65024,0.84550864,0.15449135
8817,0.729944,0.27005607
30895,0.11104896,0.88895106
29288,0.29597628,0.7040237
39695,0.010621158,0.98937887
55455,0.7015774,0.2984226
46599,0.6894177,0.31058225
65141,0.9066269,0.09337309
59546,0.17928582,0.8207142
18333,0.017377716,0.98262227
32125,0.14265972,0.8573403
4699,0.62207603,0.37792394
34719,0.51208335,0.4879167
59288,0.3494226,0.65057737
8960,0.10745291,0.8925471
20518,0.5586937,0.44130632
30380,0.015084603,0.9849154
38449,0.030481994,0.969518
53392,0.6668966,0.33310342
1956,0.757368,0.24263205
54148,0.87586266,0.12413729
34,0.054476265,0.94552374
49899,0.33326292,0.6667371
17748,0.008322694,0.9916773
165,0.121209286,0.8787907
36490,0.0025907748,0.9974093
52906,0.68799675,0.3120033
42429,0.09299887,0.90700114
43209,0.12797658,0.8720234
46898,0.7838831,0.21611692
973,0.7857495,0.21425056
23246,0.0043725944,0.9956274
24639,0.0022327346,0.9977673
41683,0.04960097,0.95039904
993,0.6364911,0.36350885
1200,0.20130672,0.7986933
41643,0.37025425,0.6297458
448,0.24077119,0.75922877
13466,0.4446489,0.55535114
22683,0.017345598,0.9826544
34386,0.51800704,0.48199293
19364,0.0069636833,0.9930363
40968,0.0068895593,0.9931104
1878,0.5082853,0.4917147
23486,0.00360133,0.9963987
24264,0.00078271015,0.9992173
5408,0.6543787,0.3456213
23002,0.044560876,0.9554391
27263,0.017538045,0.982462
1083,0.39918134,0.60081863
27393,0.21926078,0.7807392
38156,0.01772699,0.98227304
30062,0.061532605,0.9384674
2939,0.9020232,0.09797683
28512,0.34059554,0.65940446
63801,0.30877918,0.6912208
24636,0.22309305,0.77690697
17102,0.066047065,0.93395287
28057,0.020034607,0.97996545
43223,0.06507577,0.93492424
50438,0.9198163,0.0801837
20119,0.00041272468,0.99958724
49253,0.81067264,0.18932737
53548,0.84099936,0.15900066
11556,0.07518144,0.9248185
7709,0.4448625,0.55513746
60863,0.66872925,0.33127072
20614,0.5148834,0.48511663
35635,0.6010242,0.3989758
48485,0.69565797,0.3043421
51047,0.7946249,0.20537508
41386,0.008837659,0.9911623
39600,0.00017497977,0.99982506
38540,0.109681,0.890319
1382,0.7668545,0.23314549
61074,0.96454054,0.035459444
18725,0.0002586071,0.9997414
64018,0.92684764,0.073152296
38407,0.02164653,0.97835344
30752,0.011651973,0.98834807
48959,0.7175821,0.28241786
14221,0.34376407,0.65623593
4176,0.0018483539,0.9981516
28129,0.1611568,0.83884317
7873,0.17058241,0.8294175
23689,0.24096875,0.75903124
31806,0.12871285,0.87128717
11931,0.0023728262,0.9976272
36801,0.0025105965,0.99748945
46760,0.9203565,0.079643495
40770,0.073145516,0.9268545
30968,0.6516278,0.34837225
39171,0.0013921725,0.9986078
51888,0.9087891,0.09121092
13758,0.2043096,0.7956905
32301,0.25580624,0.7441938
29497,0.021556169,0.97844386
51591,0.8902216,0.109778374
61443,0.9025386,0.09746145
9202,0.073596574,0.9264034
3774,0.29102218,0.7089778
14634,0.026469143,0.9735309
7015,0.22587213,0.77412784
54940,0.28745282,0.7125471
28389,0.26964635,0.7303536
64210,0.9830101,0.01698988
2342,0.54810774,0.4518923
10356,0.063120626,0.9368794
29645,0.47865152,0.52134854
439,0.06260912,0.9373909
64353,0.8553023,0.14469768
25164,0.04643309,0.9535669
37827,0.00469397,0.99530596
50664,0.69560224,0.30439782
18042,0.0002939877,0.999706
63649,0.9161027,0.083897255
46007,0.97411704,0.025882905
23068,0.0058680363,0.994132
45286,0.85677403,0.1432259
63624,0.9031063,0.09689378
47746,0.6624785,0.33752152
16158,0.00391266,0.9960873
8795,0.015561082,0.98443896
65045,0.80393094,0.19606902
60481,0.44256973,0.55743027
15456,0.16286816,0.83713186
20896,0.08763153,0.9123685
35912,0.02554004,0.97445995
13982,0.83553207,0.16446796
41735,0.01221224,0.9877878
20604,0.6051206,0.39487934
18976,0.0012445042,0.99875546
28932,0.045803607,0.95419645
53593,0.8983775,0.101622485
36035,0.0076116333,0.9923883
55718,0.7545999,0.24540013
17681,0.003503598,0.9964964
34651,0.1467499,0.8532501
45527,0.8199381,0.18006194
37231,0.0006580979,0.9993419
46796,0.4702566,0.5297434
15684,0.1545054,0.8454946
53645,0.7277568,0.27224323
6882,0.7155299,0.2844701
56733,0.96101284,0.038987126
8461,0.88690233,0.11309765
23201,0.016976425,0.9830236
52481,0.8252476,0.17475244
20452,0.26325083,0.7367491
52165,0.5110021,0.48899788
6341,0.19287986,0.80712014
57470,0.9983246,0.001675475
44991,0.9667828,0.03321719
8575,0.14590447,0.8540956
49624,0.92211336,0.07788665
56628,0.9215733,0.078426726
25426,0.0023361382,0.99766386
32632,0.17082515,0.8291749
38976,0.00016285299,0.99983716
24643,0.0015157532,0.9984843
57013,0.929061,0.070938945
63030,0.7857904,0.2142096
46131,0.7065594,0.29344064
26568,0.0131536415,0.9868464
20742,0.44029936,0.55970067
37909,0.029858151,0.9701418
38406,0.021059414,0.97894055
23523,0.016663853,0.9833362
24041,0.0018930968,0.99810684
45742,0.7715273,0.22847268
40766,0.14086406,0.859136
17626,0.0045015328,0.99549854
51269,0.86975574,0.13024426
61091,0.81629294,0.1837071
4473,0.27556875,0.7244312
54938,0.88660145,0.11339859
20792,0.43811,0.56189
15770,0.005023585,0.9949764
672,0.10783775,0.8921622
13009,0.41851774,0.58148223
64622,0.787432,0.21256796
44902,0.88422674,0.11577324
4517,0.4441367,0.5558633
39038,0.010094817,0.9899052
55023,0.8314439,0.16855608
8446,0.784364,0.21563604
60820,0.6252398,0.37476018
52705,0.8839688,0.11603129
31690,0.25626013,0.7437399
29463,0.025171284,0.9748287
62805,0.7544695,0.24553044
15162,0.0019374755,0.99806255
18686,0.0005346296,0.9994654
47078,0.9254411,0.07455893
15334,0.8486984,0.15130158
43745,0.88240904,0.117591016
59573,0.6607253,0.3392747
7259,0.429277,0.570723
22838,0.009683482,0.99031657
51464,0.5706333,0.4293667
10949,0.36025444,0.63974553
15248,0.565826,0.43417403
31831,0.2107763,0.7892237
50224,0.5434291,0.45657092
54273,0.46977183,0.5302282
32135,0.16024087,0.8397592
43267,0.051148675,0.94885135
55578,0.37737626,0.6226237
10749,0.26464093,0.7353591
57958,0.97168463,0.0283154
9969,0.50728947,0.49271053
29104,0.036850654,0.96314937
12838,0.38461792,0.6153821
25703,0.2559151,0.7440849
47884,0.8722031,0.12779687
42181,0.028114181,0.9718858
29295,0.028467804,0.97153217
55230,0.2651026,0.73489743
13001,0.036779772,0.96322024
4518,0.4198759,0.58012414
16677,0.00019951253,0.9998005
27674,0.0070951614,0.99290484
33790,0.24184644,0.75815356
49662,0.89187026,0.1081297
14278,0.11695136,0.88304865
9945,0.45851907,0.54148096
18257,0.0067685456,0.9932314
47371,0.9102508,0.08974919
56524,0.89907414,0.100925885
29578,0.5361942,0.46380585
34230,0.1858975,0.8141025
58911,0.300609,0.699391
63010,0.34636205,0.65363795
34121,0.82260555,0.17739448
43718,0.9526106,0.04738935
10123,0.44994956,0.55005044
64354,0.7253149,0.27468506
14642,0.574042,0.42595795
65151,0.69817436,0.3018257
8381,0.392464,0.607536
64646,0.89972436,0.10027559
63440,0.060850933,0.9391491
18609,0.00062070624,0.9993793
4240,0.65682304,0.343177
1396,0.79898405,0.20101593
18515,0.0016538689,0.9983461
33225,0.44672295,0.5532771
53316,0.8606013,0.13939863
4823,0.20776807,0.7922319
35982,0.09854755,0.9014524
4522,0.42468393,0.5753161
5438,0.65353703,0.34646294
32912,0.31844324,0.68155676
36940,0.021613577,0.97838646
2955,0.67353696,0.326463
40973,0.027994672,0.9720053
48396,0.8212673,0.17873268
6977,0.0094274515,0.9905725
47008,0.80408645,0.19591358
38521,0.0282769,0.97172314
62651,0.589441,0.410559
35963,0.03173424,0.9682657
32454,0.1091158,0.89088416
23794,0.016234262,0.9837658
53094,0.47456324,0.52543676
52510,0.86310685,0.13689314
7095,0.76356864,0.23643139
20539,0.4378695,0.5621306
10217,0.255444,0.744556
6627,0.7470539,0.25294608
20997,0.10850259,0.8914974
29200,0.009065727,0.99093425
34471,0.7029837,0.2970163
54944,0.7323847,0.26761538
1176,0.47783256,0.52216744
52519,0.9308977,0.06910227
3980,0.38666284,0.61333716
29178,0.031180354,0.9688196
7818,0.33441922,0.6655808
29661,0.347223,0.65277696
13817,0.087167144,0.91283286
23559,0.0031082474,0.9968918
35140,0.7543959,0.24560404
16075,0.0002777046,0.9997223
60716,0.41339165,0.5866084
35443,0.5871737,0.41282633
17014,0.003559164,0.9964408
47854,0.9419082,0.05809185
23117,0.005486982,0.99451303
46755,0.7195999,0.28040007
45180,0.9803858,0.019614287
58245,0.99416006,0.005839974
61212,0.92998624,0.07001376
42700,0.06926571,0.93073434
11004,0.360292,0.63970804
31595,0.48298368,0.51701635
57163,0.999526,0.00047398126
10865,0.65792745,0.3420725
48897,0.79467934,0.20532072
36295,0.0723255,0.9276745
57756,0.9571963,0.042803753
47849,0.47089073,0.5291093
37094,0.09097784,0.90902215
31949,0.10837749,0.8916225
49433,0.34167644,0.6583236
53859,0.63921094,0.3607891
63616,0.82491237,0.17508769
6777,0.44207034,0.55792964
32858,0.2707858,0.7292142
21420,0.052569035,0.94743097
55398,0.6185989,0.38140112
21089,0.08955107,0.91044897
47298,0.85896295,0.14103706
45237,0.57482135,0.4251787
33812,0.2900181,0.7099819
31443,0.8185393,0.18146065
33349,0.31556803,0.68443197
16046,0.004650749,0.9953492
15348,0.9371938,0.06280615
22204,0.01909406,0.980906
4180,0.005864924,0.9941351
14444,0.41052866,0.5894713
17108,0.03657081,0.9634292
20202,0.0011028082,0.9988972
12066,0.0015919064,0.99840814
31789,0.11897081,0.8810291
37793,0.004895914,0.9951041
25183,0.006525404,0.99347454
49425,0.7970574,0.20294258
929,0.14867413,0.8513258
9441,0.0031234748,0.9968765
60378,0.49663618,0.5033638
59780,0.44578475,0.55421525
41143,0.009751103,0.99024886
60102,0.47200164,0.5279984
43324,0.8832536,0.11674646
9556,0.52256346,0.4774365
18375,0.004072122,0.9959279
41371,0.08318436,0.91681564
12884,0.15044716,0.84955287
36817,0.09911544,0.9008845
9110,0.90651876,0.09348131
13915,0.40336493,0.5966351
26025,0.015176857,0.9848231
45475,0.7974073,0.20259264
32670,0.029881733,0.9701183
19114,0.00083343516,0.9991666
50428,0.9324711,0.067528896
10307,0.20135893,0.7986411
24801,0.033542506,0.96645755
22563,0.0006235449,0.9993765
55146,0.7271339,0.27286604
30172,0.13957298,0.8604271
47320,0.8854278,0.11457223
8789,0.85602915,0.14397086
40726,0.032745175,0.96725476
27805,0.0034467573,0.9965532
7848,0.11466599,0.885334
37910,0.038623802,0.9613762
26278,0.019253798,0.98074627
47726,0.52853215,0.47146785
18462,0.0024419995,0.997558
42634,0.105604224,0.8943958
56868,0.9993376,0.00066235394
54064,0.71835375,0.28164628
48393,0.9033025,0.09669753
54801,0.82949454,0.17050542
21735,0.0042007132,0.99579924
23371,0.0026902515,0.9973098
32641,0.25369436,0.74630564
60738,0.6996928,0.30030715
27442,0.03268805,0.967312
36133,0.020891901,0.97910815
63692,0.42066434,0.5793357
22566,0.0021667208,0.9978333
60893,0.91109246,0.08890751
62440,0.760683,0.23931699
27897,0.57612747,0.4238726
29496,0.00083038,0.9991696
43389,0.1887284,0.81127155
12929,0.47456032,0.5254397
13364,0.7661516,0.23384832
5935,0.17720434,0.8227957
45501,0.9646459,0.035354126
37676,0.034460034,0.96553993
35622,0.29589283,0.70410717
13518,0.06587807,0.9341219
23970,0.17434864,0.82565135
24133,0.0020378015,0.99796224
14439,0.4788948,0.5211052
28812,0.3961737,0.6038263
29025,0.24045336,0.75954664
12645,0.3456352,0.6543648
25217,0.012357628,0.9876424
17873,0.0018271061,0.9981729
9833,0.30410647,0.6958935
24648,0.0007504813,0.9992495
822,0.47166166,0.5283383
52122,0.66054666,0.33945334
1601,0.55163497,0.44836503
2010,0.7792358,0.22076423
2050,0.75179464,0.2482054
21025,0.19078851,0.80921143
40828,0.044788092,0.95521194
57322,0.9920075,0.007992508
34321,0.21499455,0.7850055
54945,0.47673196,0.5232681
48196,0.9409294,0.05907056
9420,0.5979098,0.40209013
3575,0.16809031,0.8319097
26671,0.006589806,0.99341017
36952,0.0068273386,0.9931726
52765,0.37972292,0.62027705
8935,0.7670505,0.2329495
35984,0.5493055,0.45069453
20891,0.05176766,0.9482324
40854,0.052401654,0.9475984
30912,0.0030500453,0.99695
36208,0.0065928153,0.99340713
45126,0.6380136,0.36198643
36959,0.08206554,0.9179344
53923,0.822818,0.17718206
58086,0.91311854,0.086881466
17979,0.0075813364,0.99241865
14428,0.44045588,0.5595441
18721,0.0011355106,0.99886453
36922,0.014838299,0.9851618
5646,0.76398957,0.23601039
26524,0.2149236,0.7850764
21275,0.1742928,0.8257072
7365,0.6231354,0.3768646
55422,0.79234195,0.20765805
27675,0.04069959,0.9593004
24836,0.048905242,0.95109475
9325,0.05377456,0.9462254
60774,0.34003055,0.65996945
30894,0.056469098,0.9435309
49497,0.57429135,0.42570862
39476,0.21653464,0.7834653
42193,0.010150188,0.9898498
50874,0.7889406,0.21105936
2882,0.67150646,0.32849357
49292,0.6015835,0.39841652
34872,0.42940703,0.570593
34671,0.5094878,0.49051213
55279,0.80067414,0.19932584
27018,0.03587755,0.9641225
36372,0.018367656,0.98163235
22926,0.0026045104,0.9973955
59361,0.40610662,0.5938934
29144,0.011688167,0.9883118
53476,0.65924937,0.3407506
64360,0.75279427,0.24720569
51156,0.59276724,0.40723276
56105,0.95180935,0.048190683
37123,0.05334143,0.9466586
29014,0.060359,0.93964094
10224,0.099013016,0.900987
687,0.35286984,0.6471302
23874,0.07795404,0.92204595
29739,0.05253579,0.94746417
39453,0.1291935,0.8708065
56392,0.99945503,0.00054491445
20989,0.22358449,0.7764156
567,0.350919,0.64908093
16825,0.019103514,0.9808965
11843,0.76774335,0.23225665
33604,0.22935873,0.7706413
5239,0.7322286,0.2677714
26182,0.016881501,0.9831185
40633,0.055240978,0.944759
50162,0.44294325,0.5570568
15170,0.5499071,0.45009288
11336,0.055143777,0.94485617
25518,0.0014114388,0.9985885
36111,0.058715966,0.94128406
45725,0.5754512,0.4245488
37177,0.0074288687,0.9925712
64631,0.84031016,0.15968983
37110,0.13015266,0.86984736
38963,0.0011649417,0.998835
1259,0.18693393,0.81306607
8670,0.72565114,0.27434886
41372,0.00983767,0.9901624
41821,0.046142746,0.95385724
31234,0.046588138,0.9534119
2913,0.34319502,0.656805
56595,0.9299491,0.07005086
2780,0.59536374,0.4046363
31201,0.39721513,0.6027848
6974,0.032101013,0.96789896
22877,0.012712763,0.98728716
57514,0.9953224,0.0046775625
50360,0.9546218,0.04537821
53745,0.6219386,0.37806138
59331,0.7728169,0.2271831
31467,0.6643267,0.3356733
42616,0.029666563,0.9703334
6322,0.28089735,0.7191027
17551,0.019324271,0.98067576
3825,0.2247472,0.77525276
28120,0.08228209,0.91771793
10,0.16331008,0.83668995
10308,0.075104415,0.9248956
41506,0.6427218,0.35727826
40663,0.12544794,0.8745521
12421,0.053264875,0.9467351
46854,0.68904275,0.31095728
43941,0.9501473,0.049852736
59830,0.4603447,0.53965527
53791,0.18316425,0.8168357
14554,0.22129025,0.77870977
24766,0.72421294,0.275787
3248,0.35252076,0.6474793
17571,0.001041495,0.99895847
38204,0.00078923855,0.9992107
54129,0.9422425,0.05775744
55466,0.635779,0.36422104
37627,0.0144952545,0.9855048
28432,0.008068866,0.99193114
57830,0.97970265,0.020297296
10256,0.85164124,0.14835882
63994,0.9232254,0.07677458
49300,0.7842726,0.2157274
29547,0.042623203,0.9573768
9523,0.6432689,0.3567311
31569,0.09729515,0.9027049
5521,0.92509675,0.07490322
26020,0.010852808,0.9891472
22456,0.0070100958,0.9929899
54550,0.8196561,0.18034388
30824,0.16678354,0.8332164
34499,0.6500043,0.34999567
5778,0.38538408,0.61461586
57187,0.92296505,0.07703491
25530,0.006723474,0.9932766
31674,0.15331937,0.8466806
62512,0.8727827,0.1272173
53339,0.8452328,0.15476725
7191,0.85084933,0.14915068
2510,0.6595101,0.34048998
800,0.25467774,0.7453223
15070,0.8966182,0.103381805
13912,0.3728257,0.6271743
31023,0.0051214793,0.99487853
2039,0.8641585,0.13584152
31694,0.09429154,0.90570843
42285,0.53062534,0.46937466
16741,0.0038898624,0.99611014
60782,0.5720781,0.42792192
58950,0.5595438,0.44045615
24808,0.10371095,0.8962891
39492,0.23473099,0.76526904
9270,0.17585851,0.82414144
4375,0.7426455,0.2573545
51811,0.93113345,0.068866566
7317,0.4740838,0.5259162
48640,0.59375834,0.40624166
27766,0.006551804,0.9934482
54993,0.67626834,0.3237317
59280,0.58425635,0.4157436
21767,0.002966773,0.99703324
14805,0.03324046,0.9667595
38455,0.02860721,0.97139275
29130,0.18625043,0.81374955
4747,0.8369764,0.1630236
41627,0.01220589,0.98779404
51458,0.5681977,0.43180227
64383,0.81857383,0.18142612
56051,0.98643225,0.013567701
56645,0.9361756,0.06382437
9324,0.83358026,0.16641971
44013,0.8698768,0.13012326
54248,0.55786705,0.44213295
9187,0.23575555,0.76424444
5543,0.88502914,0.11497082
57503,0.99701476,0.0029852248
41734,0.019868549,0.98013145
48118,0.79395986,0.20604019
4285,0.8238365,0.17616346
64278,0.94227535,0.057724636
58964,0.5213182,0.47868177
16828,0.0032584653,0.9967416
26693,0.006522965,0.99347705
9975,0.82697964,0.17302033
28109,0.27910396,0.72089607
16346,0.25076234,0.74923766
30876,0.042721342,0.95727867
30582,0.006839798,0.9931601
30402,0.008019326,0.9919807
1013,0.7952139,0.20478615
37569,0.004936793,0.99506325
13202,0.8071517,0.19284827
12384,0.0037562007,0.99624383
7521,0.0068699066,0.99313
2570,0.7534559,0.24654408
670,0.08029114,0.9197088
18229,0.020756721,0.9792433
40156,0.0020013321,0.99799865
15672,0.0018233792,0.9981766
20444,0.72647876,0.27352124
5862,0.81459093,0.18540907
37704,0.0015073288,0.9984927
59626,0.9769338,0.023066226
14739,0.074576445,0.9254235
17884,0.013851514,0.9861485
61188,0.9608399,0.039160058
52052,0.8928069,0.10719311
3412,0.58493197,0.41506797
55124,0.17005754,0.82994246
61389,0.5875239,0.41247618
59680,0.02984024,0.9701598
58287,0.9758918,0.024108155
41597,0.074487194,0.9255128
525,0.5940366,0.40596342
50211,0.6355389,0.36446112
64823,0.81963044,0.18036957
12761,0.15221989,0.8477801
33341,0.19963615,0.80036384
27109,0.0028911876,0.9971089
19724,0.008519194,0.9914808
173,0.14117175,0.8588282
24205,0.017396355,0.9826036
27255,0.1073792,0.89262086
25755,0.22762205,0.7723779
45234,0.7867349,0.21326514
52112,0.7947338,0.20526618
52615,0.92966306,0.07033692
6503,0.43507412,0.56492585
31470,0.12032396,0.879676
30417,0.2542043,0.7457957
5643,0.64862794,0.351372
17294,0.0021057543,0.9978942
24886,0.024298247,0.9757018
37033,0.74515384,0.25484616
8975,0.5742586,0.42574134
26599,0.73674905,0.26325092
9262,0.0022758585,0.9977241
39157,0.007910793,0.99208915
48402,0.9103595,0.08964047
52897,0.26585507,0.73414487
34527,0.36352187,0.63647807
6566,0.7913123,0.20868772
56072,0.9345183,0.06548169
60537,0.25262928,0.7473707
38905,0.0030782071,0.9969217
23219,0.2041694,0.79583055
39164,0.001061711,0.99893826
36680,0.019479575,0.9805204
45175,0.7932288,0.20677117
39923,0.0027370919,0.99726295
22988,0.10141591,0.8985841
13263,0.0064070164,0.9935929
45177,0.86162084,0.1383791
43634,0.7137415,0.28625852
63812,0.13564514,0.86435485
63187,0.7807072,0.2192928
46488,0.7387788,0.2612212
25299,0.0006401748,0.9993598
6148,0.7235539,0.2764461
12778,0.11695838,0.88304156
64492,0.78219,0.21780992
27224,0.04173553,0.95826447
39130,0.116312444,0.88368756
33818,0.31708673,0.6829133
48593,0.73470557,0.2652945
31486,0.2446553,0.75534475
39548,0.00296859,0.99703145
16619,0.016458886,0.9835411
23255,0.00085468957,0.99914527
24145,0.019093238,0.9809068
25052,0.42943865,0.5705613
36663,0.0768575,0.9231425
56955,0.9722124,0.027787635
18486,0.0025026917,0.99749726
47641,0.35533014,0.6446699
48366,0.76248384,0.23751612
7239,0.5590585,0.44094148
50157,0.982806,0.017193992
65067,0.85233605,0.14766398
48674,0.7580965,0.24190342
46721,0.8362309,0.16376919
64317,0.8121137,0.18788634
47481,0.84525734,0.15474269
60098,0.38441104,0.61558896
21096,0.032883372,0.9671166
52189,0.66713464,0.33286542
10499,0.8595671,0.14043292
4891,0.92809707,0.071903
22719,0.036518656,0.9634813
36103,0.017880974,0.9821191
7421,0.5747685,0.42523155
63580,0.94739676,0.052603196
24070,0.0041834796,0.9958165
6192,0.6259209,0.37407908
1696,0.11059682,0.88940316
5475,0.9649231,0.03507691
16240,0.003182122,0.9968178
6429,0.462019,0.537981
40211,0.14328423,0.8567158
61314,0.8726497,0.12735026
63113,0.7326762,0.26732376
4210,0.071380846,0.9286192
46058,0.9509428,0.049057234
43865,0.41023782,0.58976215
55818,0.80617636,0.19382362
22451,0.0056602354,0.99433976
30840,0.15941234,0.8405876
14810,0.6938836,0.3061164
18159,0.0031869765,0.996813
18295,0.08175577,0.9182442
34779,0.8644728,0.13552724
60606,0.46024793,0.5397521
147,0.037265483,0.9627345
35626,0.74110675,0.25889328
43123,0.14767206,0.85232794
50416,0.31499806,0.68500197
18978,0.005210485,0.9947895
40104,0.0016166085,0.9983834
51862,0.86566925,0.13433068
16628,0.00209893,0.9979011
47241,0.40960875,0.5903912
31609,0.14242405,0.85757595
58893,0.18397482,0.81602514
44238,0.85858244,0.14141758
12513,0.46199024,0.5380098
41646,0.55455196,0.44544804
28277,0.0054050386,0.994595
15255,0.0022547042,0.9977452
51815,0.8372354,0.16276465
33262,0.5554573,0.44454268
49721,0.10296352,0.8970365
16002,0.015994245,0.9840058
59028,0.64295954,0.35704052
38290,0.090337776,0.9096622
33228,0.24631949,0.7536805
35209,0.5455107,0.4544893
34649,0.4130153,0.5869847
43587,0.71685165,0.28314838
5178,0.84495443,0.15504554
62009,0.7979929,0.20200713
46094,0.69024557,0.30975446
14161,0.17387219,0.8261278
29362,0.3142298,0.6857703
27854,0.008308978,0.991691
48217,0.957098,0.04290198
60991,0.31077543,0.68922454
56573,0.8528943,0.14710571
13753,0.63024473,0.36975524
46782,0.924993,0.07500704
52735,0.70448506,0.29551488
51443,0.8053713,0.19462867
32073,0.20514995,0.79485005
21809,0.46854335,0.53145665
18599,0.0005542083,0.99944574
37522,0.026111262,0.9738887
61697,0.4679156,0.53208435
55479,0.82132196,0.17867805
20689,0.17585665,0.82414335
9275,0.8683095,0.13169053
19101,0.0017326733,0.9982673
33118,0.827262,0.17273802
11596,0.6571535,0.3428465
13015,0.088176735,0.9118233
6639,0.75571036,0.24428965
52554,0.8534212,0.14657885
22392,0.0009294036,0.9990706
6869,0.19312151,0.80687845
24194,0.023622934,0.97637707
37577,0.034774363,0.96522564
154,0.055615507,0.9443845
3600,0.7814145,0.2185855
7609,0.88923544,0.11076452
49423,0.876171,0.12382904
56506,0.83547735,0.16452259
5287,0.59238696,0.40761307
35025,0.59314114,0.40685886
30244,0.006168051,0.993832
12131,0.45347103,0.546529
24578,0.022275772,0.97772425
29399,0.38427517,0.6157248
59607,0.9532893,0.046710797
1746,0.79861236,0.20138772
47233,0.9071699,0.09283013
11926,0.03458772,0.96541226
9221,0.20493814,0.7950619
37441,0.52713853,0.47286147
50050,0.518691,0.48130903
2685,0.6777701,0.3222299
43109,0.030338284,0.9696618
4768,0.6479972,0.35200283
50911,0.7508353,0.24916475
15467,0.003608313,0.9963917
22208,0.5161658,0.48383424
28506,0.02103542,0.9789645
59788,0.8689743,0.13102567
21345,0.5421983,0.4578017
19492,0.0065624085,0.9934376
14021,0.006487203,0.9935128
57001,0.98412365,0.0158764
30302,0.27107948,0.7289206
36919,0.012287754,0.9877123
46235,0.81708086,0.18291914
27159,0.14086494,0.85913503
8192,0.9617708,0.038229227
64020,0.92164356,0.07835641
51685,0.8827879,0.11721209
57645,0.99962795,0.00037204527
9323,0.9231601,0.07683986
62646,0.7815639,0.21843614
16874,0.0013473098,0.9986527
45222,0.9137244,0.08627553
1647,0.3606341,0.639366
18112,0.019036809,0.98096323
13965,0.17994705,0.820053
25564,0.5469799,0.4530201
52453,0.5722414,0.42775857
40849,0.046241052,0.953759
42725,0.0074876403,0.99251235
16959,0.0073235724,0.9926764
19183,0.011708471,0.98829156
12368,0.030126631,0.9698733
59048,0.78488183,0.21511814
6675,0.12453725,0.8754628
60584,0.2395389,0.76046115
5803,0.40958828,0.5904118
10185,0.81499964,0.18500037
57918,0.99275655,0.007243516
36527,0.0017975209,0.99820244
11905,0.16387321,0.8361268
40496,0.029407596,0.97059244
57020,0.9509533,0.049046718
61161,0.99850214,0.0014978539
52242,0.75849164,0.24150836
42029,0.40835544,0.5916445
12482,0.70437706,0.29562294
57934,0.9784676,0.021532426
43067,0.022187477,0.9778126
9643,0.038644273,0.9613557
32986,0.28780758,0.7121924
49568,0.94949144,0.05050858
45715,0.7614806,0.2385193
39094,0.004613893,0.99538606
32814,0.1483321,0.85166794
14227,0.24089298,0.75910705
54668,0.4359446,0.5640554
23197,0.0127349505,0.987265
11858,0.1063074,0.8936926
25775,0.22907794,0.77092206
916,0.68278307,0.31721693
57944,0.9766474,0.023352642
4373,0.688156,0.31184396
38820,0.011207173,0.98879284
29427,0.0154374335,0.9845626
30844,0.018198786,0.9818013
53709,0.42414805,0.5758519
52239,0.8435928,0.15640716
46874,0.7701455,0.22985446
16223,0.0003547903,0.99964523
32226,0.44706523,0.55293477
1042,0.31405222,0.68594784
32096,0.051361747,0.94863826
41196,0.6395905,0.3604095
50371,0.9487461,0.051253963
57717,0.9068532,0.09314674
19005,0.0018573488,0.9981426
45077,0.9329387,0.0670613
55211,0.87421364,0.12578635
6416,0.59620595,0.4037941
43041,0.048721835,0.9512782
21627,0.36504874,0.6349513
15479,0.003514832,0.9964851
51665,0.3649066,0.6350934
55257,0.526818,0.47318205
8276,0.63827246,0.36172757
54225,0.810968,0.18903206
32819,0.28515908,0.7148409
23999,0.00083856616,0.9991615
45105,0.7109933,0.28900674
58227,0.9821556,0.017844306
44590,0.85679585,0.14320414
55568,0.38624313,0.6137569
41919,0.0063966983,0.9936033
55591,0.5368137,0.46318635
14934,0.0087502,0.9912498
49973,0.9649423,0.035057716
1142,0.34638467,0.65361536
56680,0.97098213,0.02901785
17448,0.0023894953,0.99761045
46267,0.8042354,0.19576463
41017,0.1336053,0.86639476
8952,0.46643233,0.53356767
34605,0.69652116,0.30347884
44166,0.91487175,0.085128225
54328,0.31497204,0.68502796
18763,0.00014343606,0.9998566
37053,0.22931775,0.7706822
24158,0.0039132526,0.9960867
64827,0.8218938,0.17810622
56555,0.87291026,0.12708971
62559,0.6835477,0.31645232
16665,0.0020900755,0.99790984
707,0.6698671,0.33013284
48513,0.8095167,0.19048327
12257,0.877962,0.122037984
53154,0.2397403,0.7602597
59970,0.11307247,0.8869275
15822,0.0028241766,0.9971758
3832,0.18627259,0.8137274
51037,0.93774664,0.062253352
812,0.21574372,0.78425634
20943,0.0950582,0.9049418
53227,0.69915944,0.30084053
31202,0.05645049,0.9435495
33614,0.45157948,0.54842055
25812,0.22585127,0.7741487
19225,0.024011498,0.97598857
37697,0.1611397,0.8388603
60337,0.29365867,0.70634127
18639,0.0004035306,0.99959654
48303,0.9066288,0.09337129
53896,0.8327048,0.16729525
44604,0.9648364,0.03516354
22946,0.02455892,0.9754411
7599,0.6479232,0.35207683
15359,0.08134496,0.918655
46162,0.85436994,0.14563009
11728,0.018233066,0.9817669
15455,0.849938,0.15006202
20517,0.6054888,0.39451122
17270,0.0018967079,0.99810326
15043,0.012652678,0.98734725
33718,0.402383,0.59761703
50448,0.43203005,0.5679699
18156,0.00041592214,0.99958414
60289,0.3993338,0.60066617
54525,0.6173094,0.3826906
20886,0.045440964,0.9545591
31762,0.16972646,0.8302735
44473,0.96228147,0.03771855
56032,0.9473774,0.05262259
21162,0.13293903,0.8670609
20548,0.34938243,0.6506176
64496,0.9204925,0.07950757
30183,0.062427968,0.93757206
62001,0.82539165,0.17460835
17514,0.001939005,0.998061
8234,0.61267483,0.3873251
36895,0.028807284,0.9711927
24751,0.5768706,0.42312935
20138,0.00012289904,0.9998771
5470,0.68779665,0.31220332
31117,0.06611096,0.93388903
38462,0.15924463,0.84075534
59897,0.9314195,0.06858049
63797,0.49406856,0.50593144
37424,0.331502,0.66849804
36650,0.067004845,0.93299514
52364,0.3220237,0.6779763
62730,0.51173353,0.48826647
23077,0.004646023,0.99535394
64983,0.8088415,0.19115846
7086,0.32249886,0.67750114
63935,0.9427456,0.057254378
15600,0.011738615,0.9882614
13850,0.13245001,0.86754996
25407,0.2518774,0.7481226
26467,0.6101619,0.38983807
923,0.08699463,0.9130054
43426,0.93119234,0.06880771
61398,0.8663943,0.13360567
874,0.1050394,0.8949606
38731,0.03742461,0.96257544
20049,0.007382261,0.9926178
25073,0.0085894475,0.99141055
38876,0.002353869,0.99764615
48516,0.71977764,0.28022242
60134,0.78430426,0.21569574
22494,0.0031402986,0.99685967
29027,0.07387495,0.92612505
1228,0.4144962,0.58550376
43601,0.90517324,0.09482674
37238,0.3469911,0.65300894
29786,0.09535843,0.9046415
18868,0.0003933265,0.99960667
8906,0.9004141,0.0995859
48456,0.47068834,0.52931166
17382,0.0037345279,0.9962655
16180,0.21458165,0.78541833
25854,0.0043374244,0.9956626
20112,0.0028090004,0.997191
52762,0.84867024,0.15132974
31734,0.04642391,0.9535761
27538,0.458747,0.541253
56166,0.9897558,0.010244172
7508,0.11628824,0.88371176
57542,0.999554,0.0004459577
24482,0.0055710315,0.994429
63554,0.47774458,0.52225536
62366,0.3994205,0.60057956
20058,0.00038855083,0.99961144
19563,0.0018934673,0.9981065
57038,0.9515468,0.04845327
43003,0.010050158,0.9899498
20043,0.00085704477,0.9991429
61134,0.86054677,0.1394532
53750,0.7273453,0.2726547
12337,0.05459416,0.94540584
5750,0.67871106,0.32128894
12744,0.22590339,0.7740966
609,0.3320929,0.66790706
6403,0.6527858,0.34721422
44926,0.96368754,0.03631247
26608,0.6670525,0.33294746
36109,0.004214964,0.99578506
52743,0.38353416,0.6164658
22000,0.30773038,0.6922697
34686,0.17062153,0.8293785
27177,0.17206687,0.8279331
10430,0.47146052,0.5285395
44199,0.7004559,0.29954413
1595,0.764861,0.23513901
29665,0.5017979,0.4982021
16566,0.0009955349,0.99900454
12903,0.8729476,0.12705241
23171,0.0047104354,0.99528956
8077,0.9308467,0.06915328
57595,0.9997162,0.00028379596
49461,0.7090971,0.29090288
8225,0.73235804,0.2676419
21549,0.1571148,0.84288514
37668,0.03666386,0.96333617
1462,0.70544314,0.2945568
28273,0.03701013,0.9629899
12202,0.0021023746,0.9978976
62097,0.85784113,0.1421589
60594,0.3189648,0.68103516
13589,0.59382176,0.40617827
32142,0.051609453,0.94839054
23923,0.0075213057,0.9924787
61921,0.71645445,0.28354555
63856,0.3733064,0.62669355
54020,0.58294505,0.41705495
42660,0.016872773,0.98312724
57887,0.9862179,0.013782078
13491,0.19780558,0.8021944
20658,0.32291415,0.6770858
53194,0.6663479,0.33365208
3668,0.69278234,0.30721766
56091,0.9374789,0.06252106
58556,0.96644855,0.033551514
55869,0.82523346,0.1747665
61323,0.9625879,0.037412122
21616,0.37442753,0.6255725
62814,0.842719,0.157281
58015,0.9820894,0.017910609
33444,0.23848584,0.7615142
48554,0.58912116,0.4108788
19634,0.0013233438,0.9986766
34084,0.33430335,0.6656967
8984,0.64352494,0.35647509
45531,0.6544685,0.34553146
4096,0.029547334,0.9704526
59394,0.3280807,0.6719193
15057,0.019865923,0.98013407
43977,0.61335623,0.3866438
31664,0.49076262,0.5092374
36608,0.007401014,0.992599
63895,0.4270516,0.57294834
34135,0.20417133,0.7958287
32875,0.49885097,0.501149
26214,0.042455487,0.9575445
35791,0.38676238,0.61323756
54444,0.9368469,0.063153125
11677,0.61427283,0.3857272
19500,0.019272337,0.9807277
59779,0.29101357,0.7089864
6584,0.51510036,0.48489967
15242,0.46096814,0.53903186
48186,0.9065774,0.093422614
48907,0.9563628,0.043637253
30249,0.06294323,0.9370568
34238,0.5606211,0.4393789
48260,0.9698666,0.030133449
9988,0.49423218,0.5057678
43724,0.9860887,0.013911291
6784,0.385262,0.614738
44396,0.96587557,0.03412447
32472,0.4653382,0.53466177
23886,0.017767122,0.9822329
46061,0.7854315,0.21456851
30211,0.08727112,0.91272885
27595,0.00784504,0.992155
36026,0.052568514,0.9474315
206,0.34532177,0.6546782
30567,0.09044016,0.9095598
51895,0.44271415,0.5572858
24946,0.107622035,0.892378
34053,0.19359267,0.80640733
31044,0.5591007,0.44089928
45974,0.9601626,0.03983749
48061,0.36772656,0.63227344
38002,0.0014081454,0.99859184
13943,0.72586143,0.27413854
2121,0.6951792,0.30482078
49571,0.9318817,0.068118274
48965,0.80306405,0.19693598
23939,0.026883995,0.973116
24779,0.5976493,0.40235075
25259,0.09567118,0.90432876
32158,0.38474378,0.6152562
61949,0.89918065,0.10081936
60868,0.27192822,0.7280718
6293,0.82577944,0.17422059
42098,0.0031106125,0.9968894
8149,0.11843685,0.8815632
20781,0.2995891,0.70041084
28423,0.004270272,0.99572974
42227,0.09004528,0.9099547
13267,0.738073,0.261927
21926,0.07514369,0.92485636
34718,0.3894706,0.6105294
3793,0.09456353,0.90543646
1732,0.45235944,0.54764056
51668,0.6846797,0.3153203
45314,0.94566584,0.054334182
34724,0.9433308,0.056669187
1609,0.11032752,0.88967246
49717,0.9179315,0.08206851
54735,0.91696155,0.08303847
59720,0.72477746,0.27522254
27210,0.022255505,0.9777445
1755,0.7634358,0.23656426
59658,0.49336532,0.5066347
35585,0.9239606,0.07603936
31248,0.15706193,0.84293807
62468,0.91136765,0.0886323
53797,0.5156479,0.4843521
1220,0.46640602,0.53359395
38288,0.07494176,0.9250583
32252,0.089104354,0.9108956
7788,0.47483316,0.52516687
59800,0.71365166,0.2863483
48715,0.5383991,0.4616009
805,0.47202033,0.5279796
51856,0.68705696,0.3129431
43648,0.5943519,0.40564814
8496,0.43864083,0.56135917
24923,0.038680796,0.9613192
50653,0.5559101,0.44408992
8472,0.3073821,0.69261783
35229,0.37020844,0.62979156
47803,0.8654558,0.1345442
57135,0.99956936,0.00043059236
47680,0.64433396,0.355666
14910,0.0052916645,0.9947083
33324,0.4654022,0.5345978
17635,0.0007852861,0.99921465
20538,0.492023,0.507977
23295,0.0058147637,0.99418527
45822,0.871539,0.12846105
15810,0.01247729,0.98752266
58094,0.97069675,0.029303223
60549,0.28087702,0.71912295
31854,0.47116107,0.52883893
45420,0.5501359,0.44986412
17813,0.001204587,0.9987954
45637,0.8452249,0.1547751
7349,0.06576878,0.9342312
49746,0.92071706,0.07928298
57459,0.94077295,0.059227068
1070,0.41091302,0.58908695
11626,0.15112193,0.8488781
13445,0.682564,0.31743595
15661,0.09919373,0.90080625
51336,0.7789636,0.22103634
33885,0.39437026,0.60562974
48323,0.96889067,0.031109324
54502,0.5210575,0.4789425
47839,0.90281165,0.09718834
62161,0.8641659,0.13583405
56162,0.90966827,0.09033174
55365,0.73025984,0.26974013
627,0.6590618,0.34093818
79,0.059429325,0.94057065
20881,0.03519442,0.96480554
32269,0.21076238,0.7892376
20717,0.19867608,0.8013239
28484,0.0020450836,0.99795485
15425,0.5881723,0.41182765
50393,0.8272351,0.17276494
31317,0.18710896,0.81289107
45377,0.95479345,0.045206536
15858,0.015890442,0.9841096
39849,0.013069088,0.98693097
53634,0.9436397,0.056360304
22209,0.8103568,0.18964322
44082,0.75014836,0.24985167
23109,0.009435148,0.9905648
22634,0.13574147,0.8642585
41620,0.044173155,0.9558269
44950,0.84704846,0.15295152
22892,0.009519091,0.99048096
47875,0.8084252,0.19157484
37103,0.1046168,0.8953832
53471,0.31678015,0.68321985
36392,0.014438093,0.9855619
6658,0.41366243,0.5863375
44642,0.9118933,0.08810666
18322,0.008285241,0.9917148
26422,0.020089617,0.9799104
45801,0.75161415,0.24838585
65146,0.7858178,0.21418221
61308,0.63813484,0.36186516
10345,0.4400725,0.5599275
63638,0.91680217,0.08319786
14798,0.08919057,0.91080946
5771,0.6448168,0.35518312
35400,0.64280444,0.35719553
36269,0.047929816,0.9520701
39717,0.0026461582,0.9973539
54568,0.7307715,0.26922852
23917,0.007434215,0.99256575
6468,0.8286561,0.17134392
30400,0.1849486,0.81505144
61493,0.67684066,0.32315934
38301,0.0034466311,0.9965534
28264,0.059507694,0.9404923
33206,0.36492985,0.63507015
55228,0.71351224,0.28648773
62846,0.7543959,0.24560404
17170,0.014137146,0.9858628
65170,0.8557167,0.14428331
15198,0.13726397,0.86273605
5965,0.58102995,0.41897008
10900,0.78882164,0.21117836
24422,0.026736666,0.9732633
55542,0.78930753,0.21069245
18330,0.0018619125,0.99813807
13527,0.048220847,0.9517791
58683,0.9615868,0.03841325
18638,0.0004815572,0.9995184
17338,0.0110461945,0.9889538
58675,0.8814901,0.118509896
7685,0.45512012,0.5448799
1104,0.6328277,0.36717233
2918,0.09747829,0.9025217
16447,0.00061195414,0.999388
14017,0.7493807,0.2506193
26633,0.0013851093,0.9986149
1553,0.36443493,0.6355651
30588,0.04065783,0.9593422
8335,0.42930773,0.5706923
7229,0.7957611,0.20423889
20732,0.11260856,0.88739145
54770,0.44272304,0.55727696
17336,0.0016001642,0.9983998
6511,0.5118456,0.4881544
63255,0.83642477,0.1635752
24202,0.002155288,0.9978447
60210,0.07757544,0.92242455
4538,0.25002694,0.7499731
27379,0.14197649,0.8580236
35134,0.6634818,0.3365182
48076,0.84875536,0.15124469
62852,0.9625879,0.037412122
41536,0.1304021,0.86959785
49171,0.8400665,0.15993357
55747,0.78682494,0.21317507
16029,0.0038902783,0.9961098
27515,0.66211003,0.33789
10570,0.0033913685,0.9966086
54220,0.6079524,0.39204758
17126,0.008855973,0.99114406
37400,0.23031871,0.76968133
6306,0.8183101,0.18168992
64335,0.8810236,0.118976444
30504,0.0049197273,0.99508023
61861,0.98671615,0.013283847
49741,0.8891877,0.110812336
26975,0.3974646,0.60253537
30680,0.047204852,0.9527952
25807,0.16633727,0.83366275
53944,0.0587683,0.9412317
23161,0.30124485,0.69875515
36439,0.030343711,0.9696563
22890,0.0024970032,0.997503
57103,0.9230914,0.07690854
5224,0.32690927,0.67309076
62081,0.28093985,0.7190601
16682,0.002465722,0.9975343
59782,0.33050802,0.66949195
54661,0.8369058,0.16309421
27788,0.040176902,0.9598231
14770,0.7255156,0.27448443
48292,0.48178908,0.5182109
27317,0.3835095,0.6164905
5059,0.61648136,0.38351864
56271,0.8815224,0.118477605
46795,0.8907554,0.10924457
7427,0.028841417,0.9711586
54410,0.10758449,0.8924155
59471,0.62989676,0.37010324
36719,0.038859196,0.9611408
2673,0.7278859,0.27211404
1164,0.37153274,0.62846726
53473,0.570886,0.42911395
48677,0.71037436,0.28962567
42122,0.017617796,0.98238224
39410,0.20656249,0.7934375
26043,0.0028662044,0.99713373
26125,0.27847967,0.7215203
4935,0.75604147,0.24395858
766,0.38613865,0.6138613
16314,0.0014591215,0.9985409
24789,0.08502205,0.914978
16538,0.008924365,0.99107563
10490,0.5045568,0.49544322
9935,0.11071352,0.88928646
49196,0.9457235,0.054276563
46730,0.8140617,0.18593824
27534,0.14063978,0.8593602
14023,0.33967155,0.66032845
43307,0.9583837,0.041616302
32832,0.21878661,0.78121334
28312,0.13787515,0.8621249
62353,0.8584958,0.14150421
54960,0.40191227,0.59808767
50720,0.5937072,0.40629274
14486,0.008207567,0.99179244
5237,0.93782204,0.06217792
32223,0.055798363,0.9442016
29420,0.0026630154,0.9973369
17402,0.09664023,0.9033598
3847,0.77981645,0.22018355
33177,0.24447413,0.7555258
21727,0.014405262,0.98559475
53728,0.84437764,0.1556224
43351,0.80945134,0.19054872
39118,0.02253303,0.977467
52830,0.8023443,0.19765562
2807,0.5622507,0.43774936
57472,0.9998404,0.00015960376
12659,0.77778697,0.2222131
3648,0.5528908,0.44710925
1949,0.3128201,0.6871799
58464,0.93609774,0.0639022
32093,0.1630082,0.8369918
36721,0.09153651,0.9084635
14792,0.46484435,0.53515565
11566,0.0857849,0.9142151
13463,0.022074759,0.9779253
45207,0.96229595,0.037704047
55528,0.2635631,0.73643684
28701,0.0184171,0.9815828
8703,0.016090255,0.9839098
63154,0.6601568,0.33984327
31834,0.08151606,0.9184839
381,0.8688611,0.13113888
62115,0.89240575,0.107594185
23520,0.020127146,0.9798728
721,0.25230357,0.7476964
29262,0.3786213,0.6213787
25789,0.5323307,0.4676693
5267,0.64547366,0.35452637
63000,0.7556214,0.24437858
60824,0.56905305,0.43094698
47578,0.97326094,0.026739106
4464,0.63589,0.36411
28736,0.033979207,0.9660208
38705,0.06866564,0.9313344
12388,0.6178546,0.38214538
48967,0.91804314,0.0819569
33564,0.2757233,0.72427666
16325,0.0030174488,0.9969825
56851,0.99097276,0.009027221
45194,0.9180496,0.0819505
45541,0.803597,0.19640303
23986,0.011672974,0.98832697
34020,0.21765712,0.78234285
9542,0.38903263,0.6109674
16909,0.036947925,0.96305203
39574,0.0011685337,0.99883145
7756,0.46052843,0.53947157
30136,0.028749948,0.97125006
56129,0.9790881,0.020911807
61357,0.99857676,0.0014232262
54714,0.85696405,0.14303595
55301,0.72375023,0.2762498
54408,0.48732254,0.51267743
56291,0.99458575,0.0054142647
60470,0.26408792,0.7359121
35182,0.69664586,0.30335414
59481,0.03205768,0.9679423
55315,0.93874496,0.061255075
3795,0.16372909,0.8362709
44413,0.7229584,0.27704164
45875,0.88608646,0.11391355
47903,0.90556675,0.094433226
12394,0.53918695,0.46081305
38794,0.0008324748,0.99916756
8842,0.4250659,0.57493407
11832,0.42081773,0.57918227
5273,0.6401734,0.35982662
26121,0.18348238,0.8165176
47255,0.5596291,0.4403709
40583,0.15151116,0.84848887
41609,0.04636813,0.95363194
49734,0.79602164,0.2039784
21058,0.11378421,0.88621575
57061,0.9658256,0.03417435
42769,0.05447356,0.94552636
49870,0.42029977,0.57970023
30082,0.03656705,0.96343297
42352,0.02091197,0.97908807
49851,0.57993585,0.42006415
14496,0.9004286,0.099571384
63315,0.34293213,0.65706784
55127,0.88142776,0.11857224
37949,0.0041107824,0.99588925
32623,0.053581763,0.9464182
25039,0.06262136,0.93737864
64652,0.87162644,0.1283735
21301,0.14876267,0.85123736
32136,0.13426848,0.86573154
32038,0.2229468,0.77705324
26262,0.0055774944,0.9944225
25824,0.010133328,0.9898666
39862,0.0046430556,0.995357
37046,0.17105447,0.8289455
26389,0.00067816104,0.9993218
60673,0.31056213,0.68943787
46392,0.9421841,0.057815935
40837,0.03902529,0.96097475
35224,0.5762219,0.4237781
12172,0.9041159,0.09588406
41931,0.016874157,0.98312587
20283,0.0004471566,0.9995528
62005,0.7539668,0.24603319
17994,0.0025472464,0.9974528
30215,0.12661053,0.8733895
49967,0.68129885,0.31870118
25120,0.066190906,0.9338091
20541,0.28032553,0.7196745
52983,0.9081267,0.09187326
41361,0.034439784,0.96556026
65117,0.6946451,0.30535492
61194,0.8459944,0.15400556
19365,0.016286535,0.9837135
39953,0.011136144,0.9888638
57939,0.98141015,0.018589837
57499,0.96772075,0.03227919
34744,0.5377141,0.46228588
7616,0.9489623,0.051037706
36440,0.015589815,0.98441017
53883,0.7983433,0.20165667
60869,0.8171246,0.18287535
10620,0.77978355,0.22021644
27122,0.0032953732,0.99670464
47538,0.91276413,0.08723586
9028,0.067761205,0.93223876
34320,0.23222503,0.767775
7158,0.005640758,0.9943592
32768,0.3144733,0.6855267
1023,0.5764003,0.42359972
28596,0.26660118,0.7333988
37784,0.018341688,0.98165834
49066,0.26134515,0.73865485
944,0.4541618,0.5458382
58605,0.66627675,0.3337233
41088,0.0073793437,0.9926206
14619,0.0021364966,0.9978635
13066,0.008265862,0.99173415
288,0.25382286,0.7461771
25316,0.002332294,0.99766773
55245,0.78029424,0.21970575
10953,0.24345148,0.7565485
1150,0.65461975,0.34538028
31686,0.25738338,0.74261665
31071,0.095827326,0.9041727
22154,0.08883792,0.9111621
32619,0.7685072,0.2314928
24246,0.0026519697,0.99734807
41511,0.24597494,0.75402504
38478,0.0030022785,0.9969977
39397,0.026783152,0.9732169
42354,0.015684865,0.9843151
38944,0.0011980588,0.99880195
61114,0.9518424,0.0481576
2906,0.10972035,0.8902796
41106,0.0011640089,0.998836
52269,0.66509587,0.3349041
32398,0.43853882,0.5614612
41215,0.25997344,0.74002653
23825,0.18315652,0.81684345
748,0.5757449,0.42425504
5765,0.6945983,0.30540174
30039,0.038345553,0.9616545
58040,0.99583167,0.0041683894
28615,0.27079558,0.7292044
22965,0.0048899725,0.99511
23795,0.86912465,0.13087535
2460,0.64516586,0.35483414
39605,0.00033299293,0.99966705
62508,0.9044022,0.09559781
18030,0.0061164764,0.9938836
35154,0.74154294,0.25845703
30185,0.49296707,0.50703293
35705,0.057649475,0.9423505
56968,0.9326239,0.067376085
31193,0.008059872,0.9919402
7668,0.4880696,0.5119304
29647,0.45612848,0.5438715
31756,0.1342875,0.8657125
10355,0.7285376,0.27146235
62450,0.94843096,0.05156906
53734,0.77899534,0.22100468
37039,0.8045889,0.1954111
32808,0.08947416,0.91052586
58827,0.7056884,0.29431158
19755,0.007037072,0.9929629
51104,0.93838656,0.061613403
26169,0.05958663,0.9404134
53298,0.77216816,0.22783181
43507,0.9755308,0.02446921
24583,0.0026634815,0.99733645
22813,0.0065175295,0.9934824
11040,0.06929227,0.9307077
7736,0.2854976,0.7145024
13842,0.8140582,0.18594186
54027,0.47630376,0.52369624
18178,0.0010653291,0.9989347
27744,0.0059281234,0.9940719
55368,0.8122982,0.1877018
2767,0.28239143,0.7176086
54887,0.8041019,0.19589807
47374,0.85910445,0.14089553
31513,0.5156757,0.48432428
21413,0.002569025,0.997431
17720,0.0061095604,0.9938904
17890,0.0023030096,0.99769694
41499,0.41273627,0.58726376
46090,0.7571602,0.24283986
63800,0.42332566,0.57667434
32977,0.3102499,0.68975013
32725,0.5623227,0.43767738
39871,0.00087603094,0.999124
43264,0.06670557,0.9332944
24564,0.013260629,0.9867394
29595,0.014737447,0.9852625
41993,0.051334254,0.94866574
3820,0.5742671,0.42573294
36174,0.008043252,0.9919567
24690,0.0026780944,0.9973219
13939,0.0698668,0.93013316
26006,0.026280629,0.97371936
29225,0.24255133,0.7574487
43843,0.8446455,0.15535448
43342,0.7381573,0.2618427
50645,0.89405036,0.10594965
63237,0.6239049,0.3760951
61575,0.8211321,0.17886785
29978,0.008032743,0.99196726
61665,0.33382586,0.6661742
44526,0.90438044,0.095619515
2461,0.4057257,0.5942743
62649,0.96215326,0.037846714
3936,0.01701154,0.9829884
49302,0.8399849,0.16001517
6138,0.5672082,0.43279186
10882,0.9083229,0.09167709
19776,0.0017779056,0.99822205
63652,0.8865117,0.11348831
30123,0.034461077,0.9655389
36808,0.0032150613,0.9967849
38724,0.011917357,0.98808265
32524,0.30639943,0.6936006
46708,0.588314,0.41168603
9887,0.6479735,0.35202652
12576,0.15151377,0.8484862
36348,0.082373664,0.9176264
19294,0.009085351,0.9909147
55780,0.60658604,0.39341396
42240,0.040113844,0.95988613
29976,0.04058708,0.95941293
31908,0.14485392,0.8551461
31324,0.12012087,0.8798791
36856,0.0028303985,0.9971697
43770,0.8595421,0.1404579
49788,0.89145374,0.1085463
27014,0.7209354,0.2790646
8379,0.486488,0.51351196
40247,0.00091938337,0.99908066
58447,0.9704823,0.029517682
27530,0.22216916,0.7778308
17953,0.036341447,0.9636585
31922,0.5336731,0.46632692
7045,0.47292832,0.5270717
25005,0.002522363,0.9974776
38932,0.0012351372,0.9987649
20838,0.65988797,0.34011203
36416,0.014991543,0.9850085
639,0.3871581,0.6128419
56602,0.8910365,0.10896347
1973,0.72401917,0.2759808
44454,0.8009088,0.19909124
29094,0.1469608,0.85303915
54833,0.73876303,0.26123694
64061,0.7981178,0.20188214
39072,0.020517668,0.97948235
34913,0.8627118,0.13728823
20758,0.26213232,0.73786765
2868,0.3642066,0.6357934
33978,0.33284292,0.6671571
7721,0.22637162,0.77362835
46067,0.7647721,0.23522785
16208,0.0013993465,0.99860066
6450,0.63729787,0.36270216
10359,0.6752802,0.32471982
18258,0.00024546753,0.9997545
35808,0.31662208,0.683378
64271,0.42903978,0.5709602
10415,0.50798315,0.49201682
14026,0.43138316,0.56861687
8720,0.526212,0.47378808
47360,0.7410037,0.2589963
26792,0.08761994,0.91238004
43085,0.7744185,0.22558148
17820,0.0011333612,0.9988667
62011,0.74857056,0.25142944
56916,0.98717284,0.012827173
56607,0.8634197,0.13658032
4791,0.6666085,0.3333915
53497,0.62756026,0.37243977
53216,0.29368258,0.7063174
3910,0.04567059,0.95432943
60491,0.42950243,0.5704976
57308,0.9998596,0.00014045321
57962,0.9659295,0.034070518
1777,0.6137508,0.38624918
29867,0.018073047,0.981927
45747,0.74447834,0.25552163
6958,0.14199378,0.85800624
48773,0.9337838,0.066216126
6149,0.9192038,0.08079622
30694,0.09621668,0.9037834
19288,0.0022642564,0.99773574
46754,0.8441818,0.15581824
23541,0.006271873,0.99372816
28475,0.0018103851,0.9981896
29725,0.0625689,0.9374311
19259,0.0033893262,0.9966107
57249,0.89051247,0.10948753
2603,0.6023211,0.39767894
25060,0.0427215,0.95727855
1992,0.15565638,0.8443436
15670,0.0059689037,0.99403113
42019,0.22156717,0.77843285
52390,0.905346,0.094653994
17922,0.012986733,0.9870133
13208,0.022942463,0.9770576
46023,0.96288437,0.037115697
62574,0.80177313,0.19822687
65231,0.9131871,0.08681294
34114,0.55000126,0.44999877
50196,0.8864984,0.11350162
27116,0.0039917775,0.99600816
12361,0.34321728,0.6567827
9382,0.5920878,0.40791222
58981,0.6118918,0.38810822
20595,0.69283056,0.3071694
23268,0.30505252,0.6949475
29114,0.027926613,0.9720733
27207,0.13950744,0.8604925
64837,0.9193251,0.08067496
49352,0.8739365,0.12606351
47356,0.3177359,0.68226415
46487,0.898501,0.10149905
61318,0.9608658,0.039134193
14735,0.26546472,0.73453534
54377,0.6815969,0.31840312
593,0.113116644,0.88688344
29073,0.09113589,0.90886414
48197,0.8616141,0.13838592
47139,0.7979393,0.2020607
43124,0.17536841,0.82463163
8602,0.05784388,0.94215614
37332,0.0050098044,0.99499017
52863,0.92126894,0.078731045
16658,0.014152567,0.9858474
16982,0.0063615385,0.99363846
24472,0.0026220847,0.997378
34625,0.24005188,0.7599481
15760,0.0048676045,0.9951324
14658,0.90514785,0.09485216
17574,0.0013647024,0.99863523
30943,0.17918184,0.8208181
46897,0.8887744,0.111225575
39958,0.0016856599,0.9983144
37081,0.07373301,0.92626697
22860,0.0028725062,0.9971275
38143,0.0015581778,0.9984419
45876,0.6290836,0.3709164
17547,0.0073675164,0.99263245
54206,0.60225755,0.39774245
45688,0.9189213,0.081078745
63111,0.7698834,0.23011658
26399,0.036645,0.96335495
56971,0.8677104,0.1322896
43553,0.98910147,0.010898528
12040,0.049219325,0.9507807
7046,0.1131399,0.88686013
44882,0.9205762,0.07942375
60860,0.9054255,0.09457449
15751,0.002805751,0.9971942
23929,0.0025974002,0.9974026
43329,0.7161627,0.2838373
35369,0.89430845,0.10569159
10188,0.1882563,0.8117437
29064,0.12186501,0.878135
4710,0.88825524,0.11174478
41885,0.8510265,0.1489735
43646,0.96411717,0.03588289
38059,0.0064053144,0.9935947
34764,0.5067409,0.49325907
926,0.71136385,0.28863615
24358,0.0024969394,0.9975031
3030,0.83343905,0.16656096
35853,0.13935435,0.86064565
30248,0.0075719357,0.992428
23441,0.0049773217,0.99502265
5875,0.7399153,0.26008463
41302,0.10796418,0.8920358
16082,0.09352808,0.9064719
15143,0.019924939,0.9800751
30957,0.54890335,0.45109668
17696,0.005524458,0.99447554
43490,0.94803315,0.05196686
44246,0.8053399,0.19466011
32519,0.062699266,0.93730074
5061,0.21708882,0.7829111
55168,0.90668607,0.093313955
36238,0.37552384,0.62447613
35415,0.62192357,0.3780764
57713,0.9996941,0.00030591773
37732,0.39245233,0.6075477
64881,0.82105416,0.1789458
63867,0.41830766,0.5816923
11154,0.011077289,0.9889227
2011,0.07712931,0.92287076
65025,0.7315003,0.26849964
50821,0.96733797,0.032661956
12226,0.26662853,0.7333715
10187,0.6284169,0.3715831
35364,0.6636431,0.33635685
47506,0.8742655,0.12573454
21941,0.113851316,0.8861487
23743,0.013717707,0.9862823
44606,0.9707008,0.029299218
7512,0.4730328,0.52696717
56784,0.90023977,0.099760175
14859,0.6967518,0.3032482
5894,0.7120049,0.28799513
6160,0.5484463,0.45155367
15044,0.28386325,0.71613675
36586,0.027359102,0.97264093
18401,0.0016172742,0.9983827
60120,0.26269147,0.73730856
54145,0.65124345,0.34875658
37032,0.21718407,0.7828159
7628,0.5723949,0.4276051
49716,0.78025377,0.21974622
18825,0.002121391,0.9978787
26417,0.33133164,0.6686683
20505,0.46357366,0.5364263
59131,0.15347312,0.84652686
41785,0.092195064,0.90780497
20757,0.26691929,0.73308074
29974,0.037787534,0.9622125
23952,0.022160126,0.9778399
58568,0.86664015,0.13335982
12520,0.9593427,0.040657304
42133,0.013643386,0.9863566
29919,0.48773688,0.5122631
29608,0.11309264,0.88690734
31819,0.04435719,0.9556428
1858,0.76818466,0.23181537
51001,0.90018016,0.099819854
38439,0.009722376,0.9902776
28205,0.026379751,0.97362024
58730,0.8668778,0.13312219
35449,0.4732792,0.52672076
33630,0.55105054,0.44894952
52500,0.23317714,0.7668229
36577,0.6011911,0.39880887
54019,0.80353683,0.19646311
18191,0.018193798,0.98180616
1556,0.66199327,0.33800668
12303,0.5090313,0.49096867
45851,0.9139275,0.086072445
19775,0.0004289125,0.999571
42135,0.032349538,0.9676504
21036,0.017920418,0.9820796
6638,0.9229074,0.077092655
57335,0.9996456,0.00035437298
18058,0.058492776,0.9415072
36707,0.0021227377,0.99787724
26612,0.4808002,0.5191998
7633,0.53632414,0.46367586
48571,0.1094321,0.8905679
34265,0.17831233,0.8216877
28954,0.021514034,0.97848594
40263,0.00046705507,0.99953294
4183,0.17604597,0.82395405
5600,0.60329354,0.39670646
29210,0.0012054167,0.99879456
31326,0.18870823,0.8112918
34366,0.6073214,0.39267868
62682,0.8459944,0.15400556
24736,0.8429215,0.1570785
50682,0.3276538,0.6723462
6592,0.88254166,0.117458306
20162,0.001197656,0.9988023
6078,0.91247547,0.08752452
27650,0.0040180637,0.99598193
41787,0.015865212,0.98413473
1979,0.8818383,0.11816168
51605,0.84884596,0.15115409
20148,0.010687731,0.98931223
22659,0.001499315,0.9985007
61589,0.9722643,0.02773573
49658,0.74429685,0.25570315
41174,0.12184698,0.8781531
32631,0.08804383,0.9119562
62486,0.7174565,0.28254345
30979,0.02590645,0.9740935
65235,0.6643204,0.3356796
33544,0.30493656,0.6950634
61645,0.78577596,0.21422403
29331,0.3851185,0.6148815
45749,0.9132871,0.086712845
47595,0.80550075,0.19449927
1939,0.50393957,0.49606043
25769,0.14593771,0.85406226
13959,0.31787872,0.68212134
807,0.40630776,0.59369224
15497,0.0027786277,0.99722135
39189,0.003220151,0.99677986
60947,0.9997553,0.00024473027
46127,0.93839735,0.061602697
60285,0.21050313,0.7894969
23004,0.014763217,0.9852367
50278,0.95139635,0.048603624
21599,0.007959883,0.99204016
318,0.035953872,0.9640461
48232,0.8850802,0.11491977
23314,0.022631284,0.9773687
6953,0.20724423,0.7927558
59486,0.46772525,0.5322747
63730,0.47281238,0.5271876
11844,0.5336778,0.46632224
17018,0.004562474,0.99543756
15422,0.62245715,0.37754285
12745,0.43748242,0.5625176
47049,0.6831437,0.3168563
2757,0.95078665,0.04921332
55958,0.97365224,0.026347794
32815,0.4035546,0.5964454
1326,0.527953,0.47204697
27711,0.018979963,0.98102003
35496,0.6216005,0.37839952
50690,0.63260585,0.3673941
55560,0.22858885,0.7714112
36014,0.033385903,0.9666141
52225,0.22015293,0.779847
29617,0.004322771,0.9956773
39302,0.43983263,0.5601674
1725,0.4043711,0.5956289
27996,0.023616353,0.9763837
56683,0.9758256,0.024174416
57587,0.9997696,0.00023043774
28149,0.01675151,0.9832485
64629,0.71168476,0.2883152
28688,0.01581912,0.9841809
697,0.25447857,0.7455214
11357,0.0013467784,0.9986532
34008,0.12892511,0.8710749
19064,0.001476892,0.9985232
22930,0.03789887,0.96210116
6506,0.8545991,0.14540087
63920,0.5330213,0.46697867
41072,0.054882377,0.94511765
5124,0.1713981,0.8286019
2584,0.6345123,0.36548766
1161,0.3357885,0.6642115
35696,0.029851153,0.9701488
642,0.04778419,0.9522158
6081,0.692634,0.30736604
21168,0.08067849,0.9193215
63130,0.9255621,0.07443791
40006,0.0015358245,0.9984642
56116,0.95950764,0.04049238
56834,0.99045426,0.0095456885
52458,0.7828099,0.21719013
55674,0.84567773,0.15432224
29740,0.019766247,0.9802337
54445,0.9387188,0.06128122
3152,0.9608025,0.039197456
21288,0.24171054,0.7582895
7144,0.19083397,0.809166
1675,0.747703,0.25229695
7884,0.74175125,0.25824875
48735,0.8158261,0.18417388
46928,0.75680405,0.243196
62263,0.548577,0.45142296
1146,0.3495805,0.65041953
53551,0.5415533,0.4584467
63409,0.27261722,0.7273828
48968,0.8961694,0.10383059
44955,0.96253276,0.03746725
14231,0.15647514,0.8435248
52635,0.83001614,0.16998382
12313,0.014076923,0.98592305
19040,0.0031620718,0.99683785
34130,0.32475623,0.6752438
6316,0.5816611,0.41833887
41888,0.01117477,0.98882526
19876,0.00083256955,0.99916744
4212,0.005258243,0.9947418
61433,0.5258863,0.47411373
12691,0.0032174783,0.99678254
59433,0.5740468,0.42595324
57228,0.9290598,0.07094021
42346,0.020837767,0.9791622
3362,0.36486667,0.63513327
49471,0.6124351,0.38756496
53703,0.98123944,0.018760601
12697,0.8145739,0.18542616
5268,0.9611204,0.038879585
25870,0.05582128,0.94417876
61830,0.75709903,0.24290095
8112,0.47238263,0.5276174
44735,0.91564953,0.08435045
7839,0.105589695,0.8944103
53150,0.4553003,0.5446997
59632,0.3394145,0.66058546
64610,0.6747091,0.32529095
55178,0.7895732,0.2104268
48017,0.36518028,0.6348197
28893,0.027274251,0.97272575
8959,0.40170234,0.59829766
20018,0.0047934153,0.99520653
33875,0.29327866,0.7067213
30015,0.029160619,0.97083944
64199,0.95318246,0.04681752
29394,0.6410698,0.3589302
45146,0.5817089,0.41829112
7432,0.05387128,0.9461287
24140,0.07514385,0.9248561
29732,0.038272057,0.96172786
42809,0.8300654,0.16993456
37886,0.03422288,0.96577716
47069,0.9148724,0.08512754
50978,0.76878554,0.23121442
36356,0.035607718,0.96439224
24502,0.0020600068,0.99794
24324,0.023845147,0.9761548
25132,0.06371633,0.93628365
46731,0.5993337,0.40066633
21055,0.052516773,0.94748324
47324,0.83432424,0.16567571
21531,0.004973255,0.99502677
16808,0.0028825689,0.9971174
24921,0.030948518,0.96905154
7192,0.2508106,0.74918944
23633,0.15219529,0.8478047
5017,0.19471689,0.80528307
38799,0.00081563334,0.9991843
60835,0.8211321,0.17886785
42221,0.07730666,0.9226934
19036,0.0010589967,0.998941
55341,0.9303195,0.06968051
36821,0.0043331105,0.99566686
20474,0.56121296,0.4387871
23055,0.03580967,0.9641903
60506,0.48866862,0.5113314
20104,0.0012544905,0.99874544
12937,0.5266092,0.47339085
39265,0.21068874,0.78931123
58741,0.9128464,0.087153636
64175,0.65704894,0.34295103
16251,0.0010453196,0.99895465
32978,0.19359107,0.80640894
47005,0.8627885,0.13721153
54989,0.83018726,0.16981278
27325,0.0048835333,0.9951165
48521,0.94346833,0.05653173
39413,0.2612168,0.7387832
2596,0.28672162,0.71327835
31965,0.12623096,0.873769
51912,0.82183486,0.17816514
30966,0.6517844,0.3482156
26217,0.049457494,0.9505425
10608,0.06942246,0.9305775
15353,0.07561222,0.92438775
44089,0.8831634,0.11683662
18380,0.020801451,0.9791986
36380,0.009656896,0.9903431
53279,0.8382669,0.1617331
46707,0.7339338,0.26606616
42299,0.01792222,0.9820778
45745,0.6166429,0.38335705
47002,0.27260724,0.72739273
14274,0.9315558,0.068444185
23800,0.0024150733,0.99758494
4075,0.45614797,0.54385203
58057,0.9660098,0.033990186
46448,0.8845786,0.11542147
11406,0.49474698,0.505253
51300,0.9486844,0.051315606
62203,0.94754905,0.05245091
14039,0.006176882,0.9938232
10895,0.36825162,0.6317484
2867,0.53195417,0.46804577
4856,0.23514792,0.7648521
49500,0.55970156,0.4402984
33043,0.3024749,0.69752514
677,0.2759754,0.7240246
21835,0.68658257,0.31341746
57760,0.98448735,0.0155126685
61557,0.8589275,0.14107251
56190,0.9292869,0.070713036
15859,0.0022619918,0.997738
57627,0.9998673,0.00013262445
63667,0.25398964,0.7460104
48760,0.3997977,0.60020226
34876,0.22223064,0.7777693
40180,0.031959355,0.9680407
33871,0.39887366,0.6011263
3388,0.2121946,0.78780544
5111,0.599839,0.40016097
48568,0.9618657,0.038134307
25902,0.11201298,0.887987
8423,0.26493964,0.7350604
58958,0.57829994,0.4217001
38682,0.034471937,0.965528
54820,0.5992953,0.40070468
27315,0.010034779,0.98996526
8985,0.34211233,0.65788764
50151,0.881726,0.11827399
39106,0.007018894,0.9929811
61842,0.97006613,0.029933916
33029,0.23800375,0.76199627
46359,0.9767032,0.023296762
33106,0.334914,0.665086
46571,0.8254728,0.17452726
16411,0.00065245386,0.9993475
9718,0.21438912,0.78561085
6330,0.8502301,0.14976995
21471,0.6815648,0.31843522
23274,0.012008653,0.9879914
24903,0.023814641,0.9761854
24272,0.0033623578,0.9966376
59116,0.7033625,0.29663754
32918,0.31610855,0.6838914
65126,0.79692864,0.20307133
13017,0.004392522,0.99560744
31562,0.009777384,0.9902227
4288,0.532188,0.46781197
27312,0.02386176,0.97613823
513,0.65008056,0.34991944
22248,0.004921777,0.9950782
6572,0.12679617,0.8732038
57281,0.90441674,0.09558324
12195,0.2400987,0.7599013
39175,0.0027378243,0.9972621
33173,0.3886267,0.6113733
24591,0.003243271,0.99675673
24032,0.051190674,0.94880927
32691,0.06347695,0.936523
46181,0.928049,0.07195104
56060,0.9245894,0.07541063
61659,0.63435215,0.36564785
55214,0.7631644,0.23683555
45791,0.5786687,0.4213313
36146,0.02886421,0.9711358
61658,0.96065503,0.039344914
10025,0.08584251,0.9141575
57424,0.8670258,0.13297425
52012,0.49827936,0.5017206
8598,0.9225791,0.077420875
40611,0.13057612,0.8694239
61232,0.8353223,0.16467774
4109,0.045925613,0.9540743
62461,0.9886708,0.011329136
25458,0.002587632,0.9974124
39943,0.015448693,0.98455137
7118,0.0317306,0.9682694
54509,0.5658776,0.43412244
6635,0.3547855,0.6452145
61117,0.749945,0.25005502
60221,0.94460624,0.05539369
43090,0.10307982,0.89692014
53966,0.62460774,0.37539223
1188,0.19491021,0.8050898
56236,0.85129064,0.14870934
29492,0.0005528031,0.99944717
19469,0.0018491527,0.99815077
36338,0.044585127,0.95541495
40354,0.014517231,0.9854828
11031,0.0064514913,0.9935486
24860,0.074579895,0.92542005
27570,0.015583524,0.98441654
31213,0.013672316,0.98632765
61237,0.65488005,0.34511995
53110,0.8595618,0.14043818
19513,0.007629397,0.9923706
43660,0.94984096,0.050159007
29065,0.009574029,0.990426
33371,0.17107742,0.82892257
32418,0.11185029,0.88814974
27459,0.48385122,0.5161488
28006,0.00939907,0.99060094
34752,0.6022251,0.39777485
23398,0.013574812,0.98642516
57334,0.9996773,0.00032270097
60190,0.50070214,0.49929786
11157,0.01291426,0.98708576
63479,0.8684343,0.13156569
53071,0.08678214,0.91321784
64980,0.78856534,0.21143463
54183,0.16687503,0.833125
6419,0.18049225,0.8195077
28630,0.055340856,0.9446591
32358,0.53439885,0.46560115
28305,0.4945289,0.5054711
25546,0.3508593,0.6491407
11058,0.500822,0.49917805
45476,0.91430306,0.08569694
54847,0.7634335,0.23656653
7301,0.042256147,0.9577438
64228,0.80879116,0.19120885
46917,0.60116625,0.3988337
22413,0.008796471,0.99120355
22178,0.111220814,0.88877916
24668,0.002091737,0.99790823
42938,0.44905275,0.55094725
63244,0.26431763,0.73568237
9074,0.811454,0.18854597
59992,0.6200131,0.37998685
46424,0.59250325,0.4074967
3139,0.9067657,0.0932343
26801,0.060675286,0.9393247
40966,0.08324029,0.9167597
6519,0.43610242,0.56389755
40068,0.0019336777,0.99806637
23864,0.006073489,0.9939266
37720,0.00045099822,0.999549
58213,0.97639114,0.023608789
17189,0.002209894,0.9977901
45301,0.8399213,0.1600787
28322,0.22302203,0.77697796
15119,0.4422502,0.5577498
11660,0.08851177,0.9114882
34762,0.5000707,0.49992928
348,0.5043003,0.4956997
16663,0.0074628154,0.9925372
20725,0.55814713,0.44185287
25977,0.004351512,0.99564844
42414,0.040710397,0.9592896
52287,0.82026,0.17973997
63001,0.34739122,0.6526088
40506,0.00045839505,0.99954164
34664,0.46380594,0.536194
45613,0.7064615,0.29353848
57387,0.88067627,0.11932374
35348,0.68380165,0.3161983
19830,0.0016931318,0.9983069
7887,0.662999,0.33700097
21366,0.007951238,0.9920488
33708,0.21747325,0.7825268
13619,0.09351728,0.9064827
23827,0.0017626162,0.9982374
55741,0.6556842,0.3443158
46834,0.86473596,0.13526405
4603,0.82077026,0.17922972
22752,0.0025140296,0.997486
64900,0.58647513,0.41352487
29524,0.03766297,0.962337
59000,0.5542743,0.4457257
2917,0.6348079,0.36519215
60578,0.4966078,0.5033922
64508,0.8511989,0.14880104
450,0.22193956,0.77806044
37389,0.051091038,0.948909
28133,0.022355026,0.9776449
60999,0.9413259,0.058674093
43812,0.95461744,0.045382526
11116,0.010226203,0.9897738
6745,0.3158864,0.6841136
55644,0.0055737426,0.99442625
25853,0.046456583,0.95354337
45190,0.82747954,0.17252047
17871,0.0009167251,0.9990833
61951,0.9348312,0.06516876
5557,0.52547014,0.47452986
57210,0.9595688,0.04043117
12014,0.15126072,0.84873927
37859,0.006440921,0.99355906
61808,0.82741356,0.17258646
3038,0.03113869,0.96886134
59767,0.03581378,0.9641862
45552,0.9145782,0.08542176
52044,0.8616082,0.1383918
43275,0.9470454,0.052954603
13201,0.7682139,0.2317861
12121,0.046569183,0.9534309
19111,0.016279673,0.9837203
19950,0.00018429101,0.99981576
54772,0.7908283,0.20917168
4224,0.21704248,0.78295755
37385,0.044993132,0.95500684
10189,0.15272026,0.8472797
1905,0.78311515,0.21688487
55339,0.5942567,0.40574333
39733,0.008142154,0.9918578
47438,0.95294285,0.047057126
40313,0.014898817,0.9851011
34999,0.80177313,0.19822687
38217,0.01302364,0.9869763
46113,0.9533861,0.046613865
41442,0.20532423,0.7946757
53463,0.89487237,0.10512761
1700,0.6434433,0.3565567
11644,0.5868259,0.41317406
6486,0.30143002,0.69856995
11261,0.004949909,0.99505013
4468,0.7648617,0.23513827
58564,0.9464196,0.05358041
55671,0.6114381,0.3885619
36318,0.008423374,0.9915766
19777,0.00064605306,0.99935395
41141,0.18254961,0.8174504
28043,0.0085005015,0.9914995
1912,0.7443683,0.2556317
28837,0.476092,0.523908
21115,0.5383812,0.46161875
28441,0.02018769,0.97981226
43588,0.5392934,0.4607066
50008,0.475454,0.524546
37182,0.0036288626,0.99637115
62818,0.7605136,0.23948635
54204,0.7743482,0.22565177
42306,0.4904301,0.5095699
10061,0.42244324,0.5775567
52739,0.33804584,0.6619542
29443,0.0015819536,0.9984181
22547,0.003270353,0.9967296
47695,0.7359433,0.26405668
36971,0.09858032,0.9014197
9138,0.44015715,0.5598428
42185,0.0009007801,0.99909925
30518,0.0093111005,0.9906889
35653,0.45955864,0.54044133
43205,0.117750645,0.88224936
49232,0.8748093,0.12519065
21914,0.05634595,0.94365406
18385,0.0053523206,0.9946477
46173,0.7168352,0.28316474
8631,0.8358502,0.16414988
32689,0.04285166,0.9571484
51126,0.92468274,0.075317234
41342,0.3903801,0.60961986
160,0.05895856,0.9410414
58545,0.7350965,0.26490355
59670,0.6162315,0.3837685
8812,0.23219256,0.7678074
64071,0.84455776,0.1554422
18716,0.0012395072,0.99876046
28111,0.0023475708,0.9976525
47896,0.631225,0.368775
58286,0.9795745,0.02042552
53741,0.4958775,0.50412256
46489,0.796854,0.20314604
9736,0.43918946,0.56081057
58244,0.99638945,0.0036105595
51182,0.88447523,0.11552479
37375,0.09035855,0.90964144
1641,0.84404373,0.15595621
50094,0.8461631,0.15383689
39190,0.0016433477,0.99835664
37849,0.005500737,0.9944992
10720,0.16870911,0.8312909
1799,0.32845,0.67155004
19585,0.0051698983,0.9948301
42876,0.25660783,0.74339217
38565,0.011805848,0.9881941
48148,0.8340809,0.16591917
49110,0.91195023,0.08804981
6093,0.84801716,0.15198278
20367,0.5517364,0.44826356
55881,0.9933767,0.0066233478
16435,0.005264362,0.99473566
33469,0.6141081,0.3858919
2689,0.56066155,0.43933842
9020,0.14775014,0.8522498
63473,0.81664425,0.18335578
40237,0.00063433184,0.9993656
18215,0.009600227,0.9903998
39056,0.1308629,0.8691371
38567,0.030018672,0.9699813
48605,0.82551306,0.17448692
29640,0.16098009,0.8390199
30688,0.107119635,0.8928803
3522,0.112830505,0.8871695
50769,0.638123,0.36187705
35220,0.50281954,0.4971804
19512,0.015425342,0.98457474
33107,0.15927586,0.8407241
25161,0.008531297,0.99146867
21814,0.3528775,0.64712256
43585,0.74381757,0.2561824
40406,0.028426655,0.97157335
35255,0.82149065,0.17850935
45816,0.64553314,0.3544668
50737,0.7353864,0.26461366
12719,0.08930902,0.910691
56107,0.9507612,0.04923881
56832,0.9331869,0.066813156
33022,0.7167603,0.28323975
14494,0.52518076,0.4748192
25574,0.1444399,0.85556006
2579,0.5068287,0.49317127
14204,0.0005497946,0.99945015
22432,0.01366929,0.98633075
36193,0.053702343,0.94629765
25487,0.39816743,0.60183257
9417,0.45044827,0.5495517
60153,0.16044271,0.8395573
18091,0.032311186,0.9676888
45008,0.95437187,0.04562818
42597,0.6932878,0.3067122
43874,0.8628965,0.13710344
45470,0.88505185,0.11494822
62844,0.9432954,0.056704614
50454,0.7882036,0.21179639
1964,0.89662534,0.103374645
19638,0.0048618475,0.9951382
13129,0.4805551,0.5194449
2394,0.7427585,0.25724143
19884,0.00034617272,0.9996538
63969,0.9653167,0.034683347
16768,0.0038890257,0.996111
8396,0.07234841,0.92765164
51966,0.81748,0.18251994
20621,0.43392754,0.5660725
22230,0.03781431,0.9621857
45922,0.9459067,0.054093346
47089,0.8218571,0.17814288
39374,0.14512555,0.8548745
10017,0.23870377,0.7612962
18235,0.038714632,0.9612854
17038,0.0028426135,0.99715734
44614,0.94858557,0.051414423
30413,0.0016955062,0.9983045
7705,0.5770325,0.42296746
3794,0.9142224,0.085777596
30899,0.008217859,0.99178207
54480,0.96860605,0.03139394
12200,0.014037877,0.9859621
20322,0.010549504,0.9894505
5936,0.65815,0.34184998
48903,0.83958757,0.1604124
41713,0.08299845,0.91700155
19283,0.016058452,0.9839415
41670,0.07226541,0.9277346
34987,0.6732031,0.32679692
7387,0.43220106,0.5677989
46334,0.84773284,0.15226716
32119,0.11892309,0.8810769
816,0.4440042,0.5559958
53481,0.3554335,0.64456654
44022,0.9262844,0.073715605
35752,0.09379373,0.90620625
5808,0.41300455,0.5869955
31765,0.15402855,0.84597147
15337,0.56518614,0.43481386
29028,0.012695604,0.9873044
49852,0.9474036,0.0525964
47653,0.622219,0.37778097
11495,0.09372547,0.90627456
25228,0.019894995,0.980105
29055,0.09577126,0.90422875
52816,0.8723997,0.12760037
12961,0.23960151,0.76039845
23497,0.0039477763,0.9960522
53178,0.60071045,0.39928952
60676,0.4335583,0.56644166
56440,0.81356126,0.18643877
26114,0.26304862,0.7369514
26413,0.0006701231,0.9993299
30151,0.025377078,0.97462296
16970,0.042922977,0.957077
40761,0.09854597,0.9014541
27769,0.072400585,0.92759943
9614,0.53902054,0.46097952
18876,0.0022723814,0.9977276
18490,0.0017354385,0.9982646
7123,0.13199627,0.86800367
48463,0.65587157,0.34412843
38057,0.009110292,0.9908897
19223,0.02213583,0.9778642
4466,0.7378859,0.26211408
56819,0.99725395,0.0027461124
64255,0.879124,0.120876
58384,0.96563894,0.034361072
44951,0.88564456,0.11435546
42362,0.5305584,0.4694416
47629,0.5977606,0.40223938
9869,0.37710392,0.62289613
3983,0.77096087,0.22903907
48762,0.91684645,0.083153546
14902,0.06477817,0.93522185
61020,0.6634084,0.33659166
22174,0.12098158,0.8790184
10670,0.5070741,0.49292585
3181,0.873071,0.12692891
55465,0.25906366,0.7409363
55429,0.56794256,0.43205744
13745,0.033071954,0.966928
46428,0.96423244,0.035767592
62768,0.66858083,0.33141917
41220,0.31131536,0.68868464
4462,0.029876284,0.97012365
18866,0.011640239,0.9883598
60053,0.58873695,0.41126308
20586,0.59004545,0.40995452
7662,0.028868794,0.9711312
10864,0.59038484,0.40961522
36596,0.001616941,0.99838305
12817,0.07453151,0.92546844
10993,0.023920093,0.9760799
4612,0.11393925,0.8860607
8387,0.9125711,0.08742892
41651,0.052275486,0.94772446
56923,0.96703064,0.032969285
51514,0.52141666,0.47858334
51157,0.816191,0.18380903
28904,0.049735706,0.9502643
23981,0.27507657,0.72492343
24489,0.0019025857,0.9980975
22050,0.6610167,0.3389833
61132,0.8104914,0.18950859
53454,0.24759094,0.752409
57392,0.88881,0.111190036
49483,0.62631446,0.37368554
58655,0.5589404,0.44105962
42022,0.1756021,0.8243979
58310,0.97461414,0.025385853
4097,0.11513058,0.8848694
21961,0.09611734,0.9038827
52845,0.54806274,0.4519373
37355,0.014110555,0.98588943
29810,0.033363,0.96663696
50606,0.8905934,0.10940654
24717,0.63615847,0.3638416
25607,0.17607796,0.82392204
21165,0.06976715,0.9302328
19434,0.006479104,0.9935209
11884,0.058795974,0.941204
43301,0.88648725,0.11351279
30850,0.29613486,0.7038652
53824,0.4605267,0.5394733
421,0.14944375,0.8505563
51218,0.8681669,0.1318331
3912,0.008282464,0.9917175
33665,0.24653845,0.7534616
47581,0.47552657,0.5244734
41871,0.8521329,0.14786711
10169,0.13258086,0.8674191
33211,0.19073524,0.8092648
13352,0.015926393,0.98407364
15067,0.008915946,0.9910841
56204,0.7251812,0.27481875
13485,0.2113987,0.7886013
10633,0.20853455,0.79146546
48757,0.9621402,0.03785983
41149,0.00033927738,0.99966073
15283,0.48967907,0.51032096
17137,0.03002759,0.9699725
21009,0.14064482,0.8593552
22871,0.008202196,0.9917978
10283,0.5480539,0.45194608
20974,0.21406537,0.7859346
31192,0.09996166,0.90003836
22617,0.19334847,0.80665153
10612,0.42221195,0.57778805
59139,0.256764,0.74323606
45768,0.89736736,0.1026326
32170,0.52476215,0.47523785
50425,0.92215043,0.077849574
13717,0.47390524,0.5260948
3753,0.16671996,0.8332801
18561,0.0011184866,0.9988815
24552,0.0069219773,0.99307805
1872,0.11741352,0.8825864
42773,0.017066982,0.98293304
26363,0.00091542886,0.9990846
43433,0.9116215,0.0883785
23245,0.0018971765,0.99810284
43036,0.0042567286,0.9957432
40512,0.00984496,0.990155
15956,0.03275707,0.96724296
34172,0.49880126,0.50119877
55840,0.8524557,0.14754435
5424,0.8507458,0.14925419
4621,0.72999066,0.27000937
45344,0.9301869,0.0698131
34006,0.73632467,0.26367536
6394,0.81281716,0.18718283
21224,0.47206646,0.52793354
11805,0.72765094,0.27234906
41770,0.028032284,0.9719677
36034,0.012730946,0.98726904
11713,0.77486944,0.22513051
58331,0.9543789,0.045621037
39593,0.005190762,0.99480927
61360,0.81452185,0.18547817
32082,0.11819783,0.8818022
3645,0.62121624,0.37878373
15201,0.09331523,0.9066848
2756,0.5362382,0.46376178
53804,0.8127059,0.18729408
29414,0.10018129,0.8998188
33794,0.26592532,0.73407465
17428,0.006783147,0.9932168
23557,0.0020282576,0.9979717
50298,0.8954418,0.104558215
24090,0.022431776,0.97756827
61151,0.85073686,0.14926314
49561,0.77821815,0.22178182
48333,0.98000264,0.019997315
39877,0.015710432,0.9842896
30842,0.00968999,0.99031
47148,0.71531004,0.28469
6530,0.020692402,0.9793076
21705,0.016800528,0.9831995
7750,0.08517217,0.9148278
4276,0.77403104,0.22596897
23190,0.020885786,0.97911423
28601,0.6947507,0.3052492
17752,0.0028012204,0.9971988
53857,0.8037751,0.19622499
50600,0.8007393,0.1992607
18631,0.0017390398,0.9982609
30956,0.48747396,0.51252604
13158,0.017204769,0.9827952
49325,0.93366224,0.066337705
16690,0.000971447,0.99902856
44063,0.8417101,0.15828994
3049,0.8290739,0.1709261
36870,0.0032732643,0.99672675
2821,0.7189227,0.28107738
53242,0.7773182,0.22268176
65153,0.86717117,0.13282888
33529,0.191969,0.808031
49865,0.40138748,0.59861255
2120,0.54935384,0.45064616
42888,0.08021996,0.91978
63399,0.1251262,0.87487376
25172,0.0072027505,0.9927973
34116,0.2851232,0.7148768
27083,0.18689184,0.81310815
30791,0.014256421,0.9857436
31231,0.11589199,0.884108
42472,0.0202755,0.9797245
50346,0.9220697,0.07793026
787,0.69914085,0.30085918
58997,0.49566588,0.5043341
55170,0.69607854,0.30392143
27799,0.02596705,0.9740329
13878,0.023516,0.976484
7385,0.010848914,0.9891511
7021,0.035671398,0.96432865
41666,0.021617295,0.97838265
36605,0.056738514,0.94326144
38010,0.00042278628,0.9995772
38274,0.009243744,0.9907562
10959,0.62266177,0.37733823
34554,0.84254915,0.15745082
28297,0.020757778,0.9792422
19960,0.01109532,0.98890465
7352,0.6830263,0.31697375
5123,0.07527695,0.9247231
57352,0.99594575,0.004054288
15228,0.07581103,0.924189
38328,0.05391797,0.94608206
17879,0.0058585326,0.9941414
18547,0.0041044857,0.9958955
20589,0.367795,0.632205
45173,0.67154336,0.32845667
1722,0.31834868,0.6816513
49687,0.9855246,0.014475417
47483,0.75214374,0.24785623
14547,0.1548724,0.8451276
62527,0.96218014,0.037819847
64604,0.78126675,0.2187333
35830,0.12257144,0.87742853
56147,0.99618053,0.0038195364
28898,0.03811234,0.96188766
8137,0.118336834,0.88166314
21336,0.6114793,0.38852075
3173,0.8084639,0.19153619
18646,0.0006351113,0.9993649
10934,0.032787573,0.9672124
30604,0.022481961,0.977518
7983,0.4014805,0.5985195
51408,0.8878417,0.112158276
62230,0.6759,0.3241
36804,0.0025126894,0.9974873
11435,0.045065638,0.9549344
201,0.34108037,0.65891963
29848,0.006896832,0.99310315
51886,0.6042155,0.3957845
1181,0.6824945,0.31750545
39445,0.050668858,0.94933116
50506,0.92224544,0.07775454
49024,0.9176606,0.08233936
6224,0.37098733,0.6290127
51940,0.8428692,0.1571308
63191,0.7956224,0.20437762
13573,0.44683313,0.5531669
48302,0.9128749,0.08712509
22165,0.094724186,0.9052758
48470,0.9188858,0.08111415
61076,0.570019,0.42998096
26507,0.3537008,0.6462992
20818,0.3871875,0.61281246
51796,0.889135,0.11086504
20955,0.040945087,0.95905495
28577,0.14429142,0.8557086
11942,0.75700504,0.24299498
56246,0.92802423,0.07197574
42042,0.16738272,0.83261734
7131,0.40281364,0.5971863
24750,0.3245893,0.67541075
25640,0.10295236,0.89704764
61933,0.96902746,0.030972604
23409,0.05371298,0.946287
37104,0.049689393,0.9503106
43677,0.9631529,0.036847167
53592,0.5787878,0.42121223
64201,0.86415344,0.13584659
4414,0.87314266,0.1268573
56024,0.93895626,0.061043773
50511,0.912533,0.08746705
35109,0.5520195,0.4479805
25468,0.024948763,0.9750513
12798,0.0653763,0.93462366
59342,0.65256447,0.34743556
28822,0.29479086,0.70520914
16324,0.005900431,0.9940996
19481,0.038602736,0.96139723
36528,0.00941114,0.9905889
21207,0.9117719,0.08822807
9153,0.22901455,0.7709854
31641,0.5026039,0.4973961
43294,0.22930397,0.770696
62845,0.9608658,0.039134193
52281,0.7017117,0.2982883
36716,0.028051112,0.97194886
52485,0.84442776,0.15557224
65011,0.8496536,0.1503464
10021,0.6052876,0.3947124
16790,0.007432793,0.9925672
4845,0.8512033,0.14879666
33807,0.4299834,0.57001656
21368,0.0153004,0.98469967
40605,0.13268042,0.86731964
47623,0.63181376,0.3681862
55342,0.87932134,0.12067858
37151,0.05135336,0.9486466
17793,0.0033905308,0.99660945
49914,0.8113902,0.18860978
20525,0.27219784,0.7278021
10585,0.11897153,0.8810285
58405,0.9452487,0.054751214
59676,0.5566932,0.44330686
54124,0.558179,0.441821
50635,0.94278353,0.05721644
1439,0.83023417,0.16976587
52701,0.8471193,0.15288074
58900,0.2743043,0.7256957
41809,0.031763285,0.9682367
34749,0.7604291,0.2395709
64238,0.8157118,0.1842882
612,0.080982015,0.91901803
11221,0.13125081,0.86874914
15354,0.37826264,0.62173736
56485,0.91306627,0.08693375
22784,0.010853858,0.9891461
49177,0.5977211,0.40227887
17787,0.020446023,0.97955394
47096,0.82239723,0.17760274
5447,0.2781362,0.7218638
52365,0.8811448,0.118855186
19836,0.031413794,0.96858615
284,0.33790982,0.6620901
51908,0.80216014,0.19783989
18376,0.027927332,0.97207266
16688,0.0017243513,0.99827564
5638,0.8867738,0.11322623
23586,0.31389937,0.6861006
35041,0.51874954,0.48125046
6002,0.41903788,0.5809622
2177,0.71901613,0.28098387
13659,0.65769583,0.34230414
32405,0.045802828,0.95419717
58591,0.6995841,0.3004159
29870,0.02668671,0.97331333
24620,0.33077985,0.66922015
53995,0.717316,0.28268403
10163,0.22841969,0.77158034
32932,0.23511997,0.76488006
54630,0.6603985,0.33960152
13814,0.037210077,0.96278995
24499,0.0020924113,0.99790764
44253,0.7575915,0.24240851
5868,0.6557298,0.3442702
59022,0.68198484,0.31801516
63591,0.95547163,0.04452843
41048,0.002020821,0.9979792
19553,0.0034418257,0.9965581
54437,0.98132676,0.01867324
15247,0.047162555,0.9528374
54239,0.9664228,0.03357714
34811,0.8709964,0.12900364
5697,0.6336234,0.36637658
24361,0.00078498316,0.999215
51398,0.79031706,0.20968294
28425,0.0027078406,0.9972921
24028,0.0009619385,0.9990381
49663,0.3885416,0.61145836
32704,0.08801039,0.91198957
37462,0.006887922,0.993112
20315,0.0072066183,0.99279344
17759,0.01724572,0.9827543
43054,0.076279745,0.9237202
8370,0.26891565,0.73108435
47873,0.79927444,0.2007256
2286,0.4683427,0.5316573
58496,0.94599855,0.054001447
42053,0.018520027,0.98147994
25548,0.020011084,0.97998893
39858,0.0032604919,0.99673957
62176,0.9025386,0.09746145
18283,0.0019645365,0.9980355
60044,0.03992949,0.9600705
19171,0.028649963,0.97135
8413,0.2038237,0.79617625
63083,0.7813652,0.21863478
31759,0.13162698,0.868373
36479,0.006405408,0.9935946
22941,0.0014303337,0.9985696
12419,0.010053939,0.98994607
26392,0.0029415034,0.9970585
9232,0.7464075,0.25359255
19583,0.004302243,0.99569774
38326,0.30171818,0.6982818
20333,0.013682423,0.9863175
22605,0.17440672,0.8255933
31251,0.076917864,0.9230822
44334,0.90867925,0.091320775
22011,0.7346784,0.26532164
8113,0.12618232,0.8738177
12390,0.016388362,0.98361164
37988,0.0005928577,0.9994072
41390,0.009808664,0.99019134
56069,0.9981713,0.0018286069
35931,0.09451267,0.90548736
51810,0.75381225,0.24618779
32460,0.08725071,0.9127493
59994,0.35787094,0.642129
55905,0.7924939,0.20750612
58982,0.4854916,0.51450837
23252,0.007856537,0.9921435
62166,0.9665884,0.0334116
29946,0.07723305,0.922767
12424,0.012052076,0.987948
47990,0.9013583,0.09864172
21453,0.043007903,0.9569921
1017,0.4883708,0.5116292
35834,0.08377487,0.91622514
56666,0.93821424,0.061785758
45884,0.9102564,0.089743644
31031,0.009156742,0.9908433
56764,0.9601907,0.03980928
57355,0.99494827,0.005051702
60203,0.2981557,0.70184433
35056,0.6216005,0.37839952
52832,0.5131035,0.48689649
41448,0.48064134,0.5193587
37751,0.11560051,0.8843995
40686,0.0024911028,0.9975089
44748,0.7757712,0.22422881
39500,0.06321109,0.93678886
53762,0.48919442,0.51080555
64997,0.76405394,0.23594604
59624,0.971168,0.028832054
44957,0.77559555,0.22440442
6030,0.87206775,0.12793231
31306,0.13531332,0.86468667
158,0.040277284,0.9597227
23877,0.08024733,0.91975266
3334,0.44287866,0.55712134
29571,0.028748296,0.9712517
56486,0.9228676,0.07713235
23270,0.0040651043,0.99593484
11342,0.0026218249,0.99737823
922,0.19381772,0.80618227
2462,0.5782152,0.4217848
57955,0.98555714,0.014442892
19478,0.049069982,0.95093
27113,0.00531587,0.99468416
59483,0.5991518,0.40084824
59070,0.49933988,0.5006601
32651,0.44584933,0.55415064
40126,0.00029179372,0.99970824
64423,0.8688275,0.13117243
379,0.057542555,0.94245744
29690,0.7664828,0.23351727
12270,0.14501408,0.8549859
42593,0.1679501,0.8320499
42979,0.021210456,0.9787895
26823,0.4550553,0.5449447
14561,0.3215069,0.67849314
28142,0.0018581297,0.9981419
60979,0.94843096,0.05156906
53273,0.92413723,0.07586283
44641,0.942682,0.0573179
50991,0.8008551,0.19914493
19559,0.002488997,0.997511
42123,0.042800494,0.95719945
48920,0.89379156,0.106208436
32243,0.39997652,0.6000235
17739,0.052999336,0.9470007
2371,0.5709235,0.42907646
1554,0.9561638,0.043836195
18188,0.104263395,0.8957366
27484,0.5232762,0.47672385
37154,0.38286817,0.6171319
40687,0.14872712,0.8512729
52306,0.5940609,0.4059391
227,0.657247,0.342753
54360,0.92020905,0.07979097
46128,0.9273052,0.0726948
13704,0.2053844,0.79461557
31510,0.25242135,0.7475787
59677,0.5646704,0.43532956
36611,0.5299534,0.47004658
23822,0.03271984,0.9672802
48533,0.7532255,0.24677445
34465,0.83443344,0.16556655
15061,0.6717901,0.32820988
30972,0.7550406,0.24495944
32052,0.20026219,0.7997378
10857,0.8341968,0.16580324
8265,0.07154059,0.92845947
48249,0.9622041,0.037795916
60548,0.4696042,0.5303958
59997,0.22051391,0.7794861
39609,0.00034605328,0.99965394
5807,0.057006918,0.94299304
33268,0.5027747,0.49722525
19672,0.0029116715,0.9970884
59096,0.53743345,0.46256655
39364,0.013675494,0.9863245
20302,0.0009942908,0.99900573
28638,0.001968787,0.9980312
21663,0.02774369,0.9722563
42338,0.7722696,0.22773041
14754,0.13619818,0.8638018
63268,0.093779735,0.90622026
34864,0.9066555,0.0933445
49034,0.82173336,0.17826664
56081,0.922325,0.07767498
13628,0.82963264,0.17036742
24580,0.034112018,0.965888
14629,0.15121752,0.8487825
52393,0.40135238,0.59864765
55655,0.8249832,0.17501685
34766,0.8308983,0.16910169
24945,0.082540534,0.9174595
16083,0.03346614,0.96653384
62197,0.9891238,0.010876202
65221,0.79731554,0.2026844
28255,0.024624808,0.9753752
42169,0.14999811,0.8500019
22496,0.017329806,0.9826701
23775,0.0035854026,0.99641454
37996,0.0028548858,0.9971451
31783,0.12506735,0.8749327
35379,0.27918732,0.7208127
58345,0.9650195,0.034980513
1301,0.32957527,0.6704247
57903,0.97691625,0.02308372
35359,0.7654292,0.23457076
24131,0.0023282908,0.99767166
53816,0.66895443,0.33104563
51038,0.46497396,0.535026
42664,0.012658172,0.9873418
27430,0.064568385,0.9354316
55829,0.904119,0.095881015
